-1.325409153548702989e+03
-1.480182859724608988e+03
-1.817619972138026696e+03
-1.159031782948348791e+03
-1.057505563790346969e+03
-1.173341274614583199e+03
-1.351446583903589271e+03
-1.358372536304010509e+03
-1.212781605110755663e+03
-1.473048893745737814e+03
-1.322342516151459222e+03
-1.405218316503681990e+03
-1.128193805859708846e+03
-1.414350731207359331e+03
-1.020802838738545915e+03
-1.162211824840907639e+03
-1.457757079775962666e+03
-1.141522163656113662e+03
-1.476953600474350651e+03
-1.482078084472684623e+03
-1.463503219390119966e+03
-1.073701566225000761e+03
-1.480838163534003343e+03
-1.462813014084403221e+03
-1.275336407688117333e+03
-1.516424574686723190e+03
-1.023699996398693543e+03
-1.165861341808115412e+03
-1.448485716576564755e+03
-1.129607187909563663e+03
-1.289903937934185933e+03
-1.476267673301060313e+03
-1.641600368592764653e+03
-1.342358829963568724e+03
-1.128248767752463436e+03
-1.785927484846966991e+03
-1.451631797505853001e+03
-1.447325496600228689e+03
-1.168344462510505082e+03
-1.428802456018450812e+03
-1.488851499340284590e+03
-9.668271310470414619e+02
-1.070337229283403758e+03
-1.707541110440764214e+03
-1.482312191454293043e+03
-1.477467943990676076e+03
-1.755720795914606470e+03
-1.477068431788263752e+03
-1.186766199337648004e+03
-1.437966119943698914e+03
-1.219016270877032639e+03
-1.170128791067728571e+03
-1.544638131815509951e+03
-1.852237531831479828e+03
-1.494399592981369096e+03
-1.431485866115560839e+03
-1.476405499079244464e+03
-9.766122207222913403e+02
-1.275487374840823577e+03
-1.490808355196628554e+03
-1.335508081883774594e+03
-1.466401035295335987e+03
-1.200616516288035655e+03
-1.186775494779560177e+03
-1.375565388660055305e+03
-1.624489842203553508e+03
-1.400991420586912909e+03
-1.562417950004001341e+03
-1.364174224396434056e+03
-1.390620712606049210e+03
-1.457464236582070725e+03
-1.197431512641200015e+03
-1.042576774233978313e+03
-1.291063233913869226e+03
-1.468840039860131355e+03
-1.491689801489950014e+03
-1.183892187841192481e+03
-1.171663812605579778e+03
-1.487375692213489629e+03
-1.060756987448829705e+03
-1.594446327281822960e+03
-9.514671630237642148e+02
-9.933974877819782705e+02
-1.322568635966909369e+03
-1.487606808535168511e+03
-1.214099656999109129e+03
-1.408803149282641925e+03
-1.035622049315905770e+03
-1.102543756844831705e+03
-1.394967940609626567e+03
-1.397818281339459645e+03
-1.665825282651720954e+03
-1.468786471093306318e+03
-1.057629824537583318e+03
-1.302998188627441777e+03
-1.725875538727239700e+03
-1.459292249016136338e+03
-1.194391305269144596e+03
-1.481101283765727658e+03
-1.817735220934910558e+03
-1.246781064557095306e+03
-1.172095320175300230e+03
-1.252182204062151413e+03
-1.180189324118897503e+03
-1.384550584064600116e+03
-1.259592232598026840e+03
-1.323275347350704351e+03
-1.461157343535549217e+03
-1.333787357798178391e+03
-1.691525579675771496e+03
-1.418960757636614971e+03
-1.544689623938013710e+03
-1.281397396699303272e+03
-1.305991704991407232e+03
-1.167175717377365117e+03
-1.354577614219898351e+03
-1.180380759511247334e+03
-1.288039049912119026e+03
-1.429270309880208515e+03
-1.221242253467503588e+03
-1.324670430354046175e+03
-1.577181470447048923e+03
-1.057973605759131715e+03
-1.654039183718570712e+03
-1.617864996607588864e+03
-1.302211900083342243e+03
-1.180793560374640265e+03
-1.341349845492045006e+03
-1.039864898815271090e+03
-1.240921227084141947e+03
-1.318280394019191590e+03
-1.486447462575581994e+03
-1.495331284604095117e+03
-1.410827563696487687e+03
-1.231575750815547963e+03
-1.011290391579467610e+03
-1.487044649669594946e+03
-1.183009893285934368e+03
-1.179091180452362778e+03
-1.217625254680055605e+03
-1.732728426668538077e+03
-1.325939744295234277e+03
-1.140565690305164708e+03
-1.205097267154380006e+03
-1.207052417116490687e+03
-1.188093636072657318e+03
-1.817428508811081883e+03
-1.464030892459757069e+03
-1.639130344186922912e+03
-1.556302044945443640e+03
-1.623941075692309823e+03
-1.115888027541333940e+03
-1.464112737881522889e+03
-1.544961633292914712e+03
-1.487334622405239088e+03
-1.100611129491777319e+03
-1.070075514118062301e+03
-1.387641979494462703e+03
-1.444239864202316085e+03
-1.196089318813992577e+03
-1.328392271717317271e+03
-1.451911990721178881e+03
-1.228545656002447458e+03
-1.169761640850002323e+03
-1.468019210383274640e+03
-1.565243426269607653e+03
-1.241221182607356468e+03
-1.209631795166754046e+03
-1.333541944259499360e+03
-1.185405553441476513e+03
-1.138106575045336513e+03
-1.290205906307956184e+03
-1.455090934246625466e+03
-1.729469548104906607e+03
-1.479790630077262676e+03
-1.289099662883565770e+03
-1.352706292400843495e+03
-1.086073833075395214e+03
-1.425530199777252392e+03
-1.414149655857607740e+03
-1.367958421532391867e+03
-1.445840873085082876e+03
-1.463248241760939663e+03
-1.447088382142609362e+03
-1.021015223882390842e+03
-1.188684164159054262e+03
-1.186705427538922550e+03
-1.365233262113275259e+03
-1.388925529517576479e+03
-1.179031162773115739e+03
-1.184881127378472002e+03
-1.382018531280162961e+03
-1.075336315584635486e+03
-1.323098573802486953e+03
-1.409796800257471432e+03
-1.473004109245920063e+03
-1.716736677214021938e+03
-1.315445361433650760e+03
-1.282424747394719134e+03
-1.363979816744040818e+03
-1.119371091427569127e+03
-1.334329920904983965e+03
-1.156663905323152221e+03
-1.322651824205815274e+03
-1.283768481724829599e+03
-1.424339846680183427e+03
-1.366528806007501544e+03
-1.324467859336621359e+03
-1.415280976252895471e+03
-1.089576836814934268e+03
-1.178072274900640423e+03
-1.323726101595805630e+03
-1.416873127377341461e+03
-1.175219497059826836e+03
-1.012143692527969733e+03
-1.137455023429014545e+03
-1.358990493861478171e+03
-1.176251518196718052e+03
-1.163414242863559821e+03
-1.133142317575420066e+03
-1.488474720707956976e+03
-1.190939299059900804e+03
-1.311402579795825204e+03
-1.493351428866172228e+03
-1.066090450620602951e+03
-1.283506224099346127e+03
-1.060051376521502789e+03
-1.336713570679613440e+03
-1.366001080813727640e+03
-1.164718204119773191e+03
-1.210901315355282804e+03
-1.824485007819031125e+03
-1.383554544437497952e+03
-1.114898595188573836e+03
-1.558345365771296201e+03
-1.370470536165004432e+03
-1.413217330210343334e+03
-9.521382247184483276e+02
-1.077178997241891011e+03
-1.314498716588501338e+03
-1.236380593677127990e+03
-1.284615111896070857e+03
-1.814709443058277657e+03
-1.330597790234109425e+03
-1.382616286407232110e+03
-1.315892666356366590e+03
-1.227071235885050100e+03
-1.512499392604894865e+03
-1.353730913836900072e+03
-1.379403973772676636e+03
-1.256438165052247086e+03
-1.319206462165155244e+03
-1.177249793322758023e+03
-1.061543063828101367e+03
-1.425005544855214112e+03
-1.257939529301604352e+03
-1.374451047764195209e+03
-1.747184966493562570e+03
-1.366217774669188429e+03
-1.144625453357410152e+03
-1.072925754308451815e+03
-1.459480109949448433e+03
-1.358578537575677728e+03
-1.160534501289083892e+03
-1.252955281173930189e+03
-1.362898056554124423e+03
-1.177104236999540035e+03
-1.516818066503825321e+03
-1.179337044065388227e+03
-9.593530191114057288e+02
-1.515226976391004200e+03
-1.297530342059344548e+03
-1.345071929577357196e+03
-1.162038940332133961e+03
-1.142657571238885566e+03
-1.392614900868777568e+03
-1.337665178251140560e+03
-1.505030244700257526e+03
-9.567642971350956032e+02
-1.240487690411024687e+03
-1.542100221908355707e+03
-1.077867813693321523e+03
-1.545396210931555061e+03
-9.895726258412875040e+02
-1.165820544302270719e+03
-1.167942861125100308e+03
-1.065075520219823147e+03
-1.325849718742529831e+03
-1.069670276927566420e+03
-1.404567321851549650e+03
-9.817226593959059073e+02
-1.034990858373570290e+03
-1.377316883470555013e+03
-1.198959166014559969e+03
-1.344632164261576463e+03
-1.211700842883914675e+03
-1.105788096493055718e+03
-1.109157435922854575e+03
-1.305453689157335020e+03
-1.156610638503920200e+03
-1.202712399681936631e+03
-1.341115247570643533e+03
-1.313824000537254278e+03
-1.158091519369013440e+03
-1.370516972042928955e+03
-1.203954344404874746e+03
-1.605298582224591428e+03
-1.067778822607422399e+03
-1.070832085522274383e+03
-1.319794556392372897e+03
-1.299548829603658078e+03
-9.947460577766528331e+02
-1.264860334478990808e+03
-1.174964593387769810e+03
-1.215032970222430777e+03
-1.351226956405642568e+03
-1.151086548524656564e+03
-1.362265166355928159e+03
-1.339167404312511053e+03
-1.234383836191968157e+03
-1.148505855808588421e+03
-9.647013165808023132e+02
-1.255010067323283920e+03
-1.054949381327228593e+03
-1.188944857633642187e+03
-1.225878476658990394e+03
-1.321286610599257756e+03
-1.781610991881860173e+03
-1.431418956735153870e+03
-1.492812635806630851e+03
-1.163839690104403871e+03
-9.657754083334978077e+02
-9.722624081468553641e+02
-1.656411350812722503e+03
-1.191466345500287616e+03
-1.665826322147455812e+03
-1.067191461516301388e+03
-9.584779017729922543e+02
-1.274515518542501241e+03
-1.089433870353584780e+03
-1.521128687578556537e+03
-1.165148127770237807e+03
-1.163422864917090919e+03
-1.620727363378301789e+03
-1.385081886164533216e+03
-1.317113045884639632e+03
-1.347695250101545980e+03
-1.066061564991646719e+03
-1.329443655074487424e+03
-1.330022986438954376e+03
-1.186438196214887967e+03
-1.582929274356049973e+03
-1.314273029248307012e+03
-1.161466658519349039e+03
-1.112347422057747963e+03
-1.286088494974648711e+03
-1.041978905924181163e+03
-1.366452522185738871e+03
-1.285816787914286579e+03
-1.385496799331516286e+03
-9.139639116193912969e+02
-1.098439557924401470e+03
-1.336551816114751091e+03
-1.291860846301067340e+03
-1.003810194858019372e+03
-1.025260348742240467e+03
-1.475210200690246666e+03
-1.039432847279022099e+03
-1.328552612735825733e+03
-1.314090725469967765e+03
-1.305860798339589792e+03
-1.151211595890095396e+03
-1.162530329607643580e+03
-1.339234205285893495e+03
-1.182669519592162260e+03
-1.309784526122239640e+03
-1.676591163938407135e+03
-1.405093123330014350e+03
-1.337721394229674388e+03
-9.447657681963665937e+02
-9.419626944154782677e+02
-1.334341334911578770e+03
-1.257235151853692741e+03
-1.397686386121939677e+03
-1.066688523940018058e+03
-9.631787748456506506e+02
-1.300668073540525256e+03
-1.378952305313228635e+03
-1.379749770279229097e+03
-1.249305576914662424e+03
-1.310459200625096628e+03
-1.211013024216877056e+03
-1.570813699530805025e+03
-1.340283396319448912e+03
-1.131578383812327729e+03
-1.328148317766974060e+03
-1.063217393425754608e+03
-1.144280860870561355e+03
-1.064710277632756515e+03
-1.123449478058467548e+03
-1.184755466689185141e+03
-1.495442930384939018e+03
-1.325824395890072992e+03
-1.402754439471888645e+03
-1.354711896326843089e+03
-1.610625304534209135e+03
-1.311952766248576381e+03
-1.312722714439253650e+03
-1.411599383898911583e+03
-1.353887436643202136e+03
-1.338885205189194494e+03
-1.516272390367000298e+03
-1.341939079871906188e+03
-1.342043977416147982e+03
-9.875702218399769663e+02
-1.169165378214419661e+03
-1.463431000409569378e+03
-1.118489259913639899e+03
-1.262045740512531438e+03
-1.176849975273184327e+03
-1.259430139862298574e+03
-1.392036724916777757e+03
-1.337782088878948571e+03
-1.264574576296078476e+03
-1.285102458141701618e+03
-1.246137088979270629e+03
-1.354301281339663319e+03
-1.528880542145753907e+03
-1.214481885289388401e+03
-1.063937790939931801e+03
-1.178227855496174016e+03
-1.065749604446828471e+03
-1.214710492422873131e+03
-1.064680969848497398e+03
-1.173481275616761195e+03
-1.608830195422794077e+03
-1.180426820433956209e+03
-1.228884168596737709e+03
-1.258566907485846514e+03
-1.306482824703889719e+03
-8.686369006543093292e+02
-9.545179146067430338e+02
-1.542895279853334159e+03
-1.223296032537062047e+03
-1.114780210509932658e+03
-1.531393381369303142e+03
-1.371899490079876841e+03
-1.464235711713008868e+03
-9.621373805907761607e+02
-1.088390829325033110e+03
-1.064328380779015561e+03
-1.197144297473148526e+03
-1.172625725974107809e+03
-1.470595445408631804e+03
-1.470921573661944194e+03
-1.334949726000792680e+03
-1.325157319326947572e+03
-1.167834727294823324e+03
-1.179228686803884329e+03
-1.258295356479789689e+03
-1.079996889083992301e+03
-1.810151212206482569e+03
-1.325832633823594506e+03
-1.181010228574740040e+03
-1.328640221393432512e+03
-1.196543813710907216e+03
-1.479472381247700923e+03
-1.333183367159463614e+03
-1.323413648880443588e+03
-1.407194857591287928e+03
-1.318978948639696682e+03
-1.180212741043304959e+03
-1.306222460052140377e+03
-1.319115693968944925e+03
-1.467644881395988250e+03
-1.481723373642659681e+03
-1.069622004748322524e+03
-1.275905649660803874e+03
-1.145333826460098408e+03
-1.482754976758174053e+03
-1.652344425843508589e+03
-1.541340747039453390e+03
-1.292568114898696876e+03
-1.312542189331496502e+03
-1.203428588076354572e+03
-1.127859061692315436e+03
-1.309100989938813655e+03
-1.285301749575433405e+03
-1.062882255542469693e+03
-1.452829991092112095e+03
-9.695677936564875381e+02
-1.271733746567917478e+03
-1.075760356245724324e+03
-1.308832394962942544e+03
-8.582174386288503456e+02
-1.526896017086844950e+03
-9.603749222045274792e+02
-1.307046419144783613e+03
-1.059351866514523408e+03
-1.229545948445738759e+03
-9.862668136257518654e+02
-1.198577833104094680e+03
-1.331374648635615586e+03
-9.954454181529704329e+02
-1.030787746234079805e+03
-9.841941204981592364e+02
-1.669628692070144098e+03
-1.413808171362227540e+03
-1.177449485390781092e+03
-1.348155414223864454e+03
-1.300023358227569815e+03
-1.149620040942030073e+03
-1.475714454261392575e+03
-1.113002013218212369e+03
-1.314810760239133060e+03
-1.096536428182402915e+03
-1.400332930353302572e+03
-1.327500204958448194e+03
-1.589447085448553480e+03
-1.168329736643262777e+03
-9.637551881646664924e+02
-1.391144911416478408e+03
-1.118369908037578853e+03
-1.048301157397355610e+03
-1.063097561075695467e+03
-1.289769160801433827e+03
-9.581720118908501718e+02
-1.055336980111489765e+03
-1.473563962370969193e+03
-1.183448252264052599e+03
-1.302660690341296913e+03
-1.110404501758630204e+03
-1.327102614133150610e+03
-9.638757180365133763e+02
-1.182187969898503979e+03
-1.558118717562734673e+03
-1.770048078546272336e+03
-1.182329850430183342e+03
-1.168006785153067995e+03
-8.802172470801348254e+02
-1.202880745876829678e+03
-1.310356140422650014e+03
-1.339942024394529881e+03
-1.066517456064620319e+03
-1.332247682985122992e+03
-1.294690377037113876e+03
-1.639667735719455550e+03
-1.422866340487445314e+03
-1.232176784217333761e+03
-1.433729703762582858e+03
-1.477121256863522831e+03
-1.168739643152498957e+03
-1.381682745425703843e+03
-1.155836755803048618e+03
-1.325824489282430932e+03
-1.333390634922211802e+03
-1.380609880592369791e+03
-1.195772847547812262e+03
-1.316105764012309919e+03
-1.133868052421139055e+03
-1.360117480701804652e+03
-1.331876058957731857e+03
-1.341340183414551348e+03
-1.077105082271568108e+03
-1.106989919806838770e+03
-1.320696728965907823e+03
-1.032920552103900036e+03
-1.119707618082399904e+03
-9.486433765410463366e+02
-1.037729429156814376e+03
-1.170929204690874485e+03
-1.454457276533521735e+03
-1.007317383036842898e+03
-1.258129302051204604e+03
-1.451759825315102717e+03
-1.140214146992177575e+03
-1.133286122216537706e+03
-1.059613152433547384e+03
-1.501528938913682623e+03
-1.079302361141059919e+03
-1.350131078127574938e+03
-1.178458739180262000e+03
-1.068576762639285334e+03
-1.173435854970121227e+03
-1.126261526223169085e+03
-9.794281571934809563e+02
-1.032440238031858826e+03
-1.477153064517791108e+03
-1.449624706303731273e+03
-1.322995972364003364e+03
-1.195196080761666281e+03
-9.689937524620123668e+02
-1.339095693662105987e+03
-9.759589888684937478e+02
-1.053227136394350055e+03
-1.225330877679281457e+03
-1.095780784362155828e+03
-1.068527664047205462e+03
-1.090704694811850231e+03
-1.064904283344658779e+03
-1.436300656098587979e+03
-1.091800469499349447e+03
-1.222222918234448343e+03
-1.151058068638109944e+03
-1.329449106576467784e+03
-1.337219904758202119e+03
-1.312805628137674603e+03
-8.571410721972823694e+02
-1.501043266148553812e+03
-1.199456942577088967e+03
-1.219526562280192366e+03
-1.169264951555984453e+03
-1.330055136144796052e+03
-1.099209016493007084e+03
-1.211849661641110060e+03
-1.275690614374969073e+03
-1.340259057624693469e+03
-1.121593017439733785e+03
-1.246783569501383226e+03
-1.174678470736690997e+03
-9.504761351308526400e+02
-1.135888499215269348e+03
-1.331802259448642417e+03
-1.227083585225807838e+03
-1.171155663962770404e+03
-1.245026130310412782e+03
-9.537798710335224541e+02
-1.344046763362796128e+03
-1.063664563761718682e+03
-1.346569059234997439e+03
-9.688468913454911444e+02
-1.336492760504048647e+03
-1.345291678259247647e+03
-1.395777332125946259e+03
-1.343132766008503495e+03
-1.340445435256521932e+03
-1.310636272277985199e+03
-1.344012540956873181e+03
-1.290586228303971438e+03
-1.347299156976107952e+03
-1.187679024139838475e+03
-1.205703396692324532e+03
-1.183879678265335770e+03
-1.184174743893225923e+03
-1.334676240109180753e+03
-1.065241776364946190e+03
-1.391729470012507136e+03
-1.166882729183771744e+03
-1.312379161763082720e+03
-1.328092450195559650e+03
-1.199868990746485224e+03
-1.340403766666355068e+03
-9.565114885519784593e+02
-1.356379940780569996e+03
-1.230026917901953993e+03
-1.357185936354554315e+03
-1.338048876570028597e+03
-1.388778867305474705e+03
-1.049063415289603427e+03
-1.427996239931454056e+03
-1.511796275739628982e+03
-1.150343782409141340e+03
-1.254259503618456165e+03
-1.469211373678923110e+03
-1.300847688634670249e+03
-1.101612294735272144e+03
-9.100513975828494040e+02
-1.058780088282433553e+03
-1.486353470765922339e+03
-1.206470290395223856e+03
-1.488172141452600272e+03
-1.082322887046102323e+03
-1.169877120668437328e+03
-1.121298865363022287e+03
-1.275718726319417328e+03
-1.159655766172274070e+03
-1.293743329944270954e+03
-1.503721131897379564e+03
-1.355893205314244369e+03
-1.043501060219844248e+03
-1.306227098826629344e+03
-1.167256824706513498e+03
-1.138855467773746341e+03
-1.474691706595351206e+03
-1.352005837625932600e+03
-1.090897462459182634e+03
-1.064744048195595497e+03
-1.349015174587098727e+03
-8.945918340449355810e+02
-1.316925783886407771e+03
-1.075452476035733071e+03
-1.200040025895522376e+03
-1.108233725911954707e+03
-1.354046277454327765e+03
-1.245726906585489360e+03
-1.255997053493906151e+03
-1.207368924650028475e+03
-1.053572064016790819e+03
-1.093578333416208807e+03
-9.630808591161711547e+02
-1.337098801347289282e+03
-1.373468543834015463e+03
-1.283744733963334511e+03
-1.065705842676392876e+03
-1.246542368857339170e+03
-1.356165794729977506e+03
-1.499391609543570667e+03
-1.065615527794293484e+03
-1.326583691933772343e+03
-1.344946244627881470e+03
-1.413701590333081413e+03
-1.332640930959938260e+03
-1.336882082920907351e+03
-1.253547396629674722e+03
-1.334079153692287036e+03
-1.484901920574848191e+03
-1.101964496302100088e+03
-1.416801430830865229e+03
-1.094636266616905004e+03
-1.469437965307663490e+03
-1.303142293837864827e+03
-1.308256790292835376e+03
-1.358410375038460643e+03
-1.540026820183288919e+03
-1.366126472948800028e+03
-1.237066225356808218e+03
-1.261362397487767112e+03
-1.077710325939334780e+03
-1.297178643609501250e+03
-1.088410478976016293e+03
-1.117306485185236170e+03
-1.333532721838106454e+03
-1.073311543227204538e+03
-1.263955587127079298e+03
-1.290094748128867650e+03
-1.322934378715616731e+03
-1.122902202613230202e+03
-1.142779640335037584e+03
-1.305370741275578439e+03
-1.177094399979160016e+03
-1.270886590629206239e+03
-1.263686753650712262e+03
-1.229020380686262342e+03
-1.343011316660375542e+03
-1.312978544006852189e+03
-1.334631806675833104e+03
-1.124480454068309200e+03
-1.239025654893982164e+03
-1.401764531432731701e+03
-1.365670347315879553e+03
-1.141625900077259757e+03
-1.730648032708040319e+03
-1.430533692842705932e+03
-1.312627513094409551e+03
-1.091076413520611595e+03
-1.214271864007157319e+03
-1.113302911901753987e+03
-1.167735103314402522e+03
-1.188568226830848289e+03
-1.147625882493455947e+03
-1.228591729492314698e+03
-1.340335645359597493e+03
-1.296316214209711688e+03
-1.201461601848863666e+03
-1.305089585049812058e+03
-1.345657042444569697e+03
-1.326339169817500760e+03
-1.346496252069663342e+03
-1.341267693898924790e+03
-1.348219915577815982e+03
-1.347858125008572870e+03
-1.329569385861345609e+03
-1.035719019982822374e+03
-1.205652276616321842e+03
-1.446733053559921927e+03
-1.337406872566283710e+03
-1.371411911111642667e+03
-1.272128177882018690e+03
-1.300800999267644102e+03
-1.246204365126917537e+03
-1.121772390975149392e+03
-1.435287712459835575e+03
-1.171999204844162023e+03
-1.259541948899677664e+03
-1.113330539814422991e+03
-1.215176237546821312e+03
-1.266908885626740812e+03
-1.307125174406435690e+03
-1.341451719027396393e+03
-1.350171596603163835e+03
-1.178303271105406793e+03
-1.213753927361622800e+03
-1.351411887700561238e+03
-1.268669176515557410e+03
-1.258079967980243282e+03
-1.321030206844365466e+03
-1.601205280893406098e+03
-1.343291384416962728e+03
-1.400735335123091772e+03
-1.454221059167537305e+03
-1.352869765668934178e+03
-1.315641923314937003e+03
-1.499496318322464731e+03
-1.341843817620099571e+03
-1.347062019514925396e+03
-1.256852254665178179e+03
-1.062492711775719272e+03
-1.277392959416386475e+03
-1.045832527577666042e+03
-1.341701101053097318e+03
-1.156729144345245231e+03
-1.359582911357242438e+03
-1.068043392430313816e+03
-9.394692135047251895e+02
-9.517408289780537416e+02
-1.219711852548317893e+03
-1.096634998655778645e+03
-1.180746024247112700e+03
-1.487725646889724203e+03
-1.163306022099288384e+03
-1.207187087017716294e+03
-1.120197691333596822e+03
-1.206359854250524677e+03
-1.154417680552551019e+03
-1.080818118289584390e+03
-1.314922846280515387e+03
-1.166236851295423094e+03
-1.354998023096315592e+03
-1.548215869532444003e+03
-1.534491760644237047e+03
-9.604149053841597379e+02
-1.239821030337564025e+03
-1.181529042510768704e+03
-1.292076820202784802e+03
-1.083385076836751068e+03
-1.047640902097849448e+03
-1.171812588097792286e+03
-1.071078584308397467e+03
-1.330759962541836785e+03
-1.317158090653977979e+03
-1.285165287620343179e+03
-1.251664071001399179e+03
-1.173257135642143794e+03
-1.094216634899084511e+03
-1.133611607393722579e+03
-1.329814873167479846e+03
-1.350463645125805670e+03
-9.626997389572957218e+02
-1.176732205211774499e+03
-1.291007003857719837e+03
-1.413808451275350535e+03
-1.294548013352960197e+03
-1.288927752491938918e+03
-1.113332985126893391e+03
-9.638405375305793541e+02
-9.758168800706586126e+02
-1.032470645859846854e+03
-1.171949451990285525e+03
-1.162922506143259625e+03
-8.213960309843046161e+02
-1.383825454335805034e+03
-8.719411176763367166e+02
-1.271236183589425309e+03
-1.171859395750244403e+03
-1.299080681631088282e+03
-1.068554281023157046e+03
-1.418913228094684655e+03
-1.313297425070441932e+03
-1.195839290775734753e+03
-1.114039327659198761e+03
-1.278482878562300129e+03
-1.495756195159063509e+03
-1.398993088092540347e+03
-1.468886497712212304e+03
-1.365635513796372834e+03
-9.568826733558552178e+02
-1.208176206254208864e+03
-1.173000581327905820e+03
-1.174314868946634761e+03
-1.388987686587274766e+03
-1.511588903649111899e+03
-1.404972531280483281e+03
-9.596081385049965320e+02
-1.297083016301097132e+03
-9.585019797825387968e+02
-1.335110320911755935e+03
-1.426861315774380500e+03
-1.480406213552220152e+03
-1.178562969799364510e+03
-1.167063853795574005e+03
-1.470274411716685336e+03
-1.236826268058403457e+03
-1.226517598883727715e+03
-9.724098994410757086e+02
-1.521537331899811306e+03
-9.584559794162909157e+02
-8.531405446671004711e+02
-9.635540392640616574e+02
-1.199339850450772474e+03
-9.633742769083919484e+02
-8.580033661342504274e+02
-1.266389603856297526e+03
-1.128521469341141710e+03
-1.147746973433047287e+03
-1.053524940923397025e+03
-1.077069879592783536e+03
-1.134284481485407014e+03
-1.213311147721639145e+03
-1.481537389567875380e+03
-1.225945116136735805e+03
-1.067039976969957024e+03
-1.184829061782096687e+03
-1.170540517432688830e+03
-1.391095668264137203e+03
-1.075799705080327612e+03
-1.164039590371289478e+03
-1.639852857527030665e+03
-1.116234165792109479e+03
-1.294944470189973799e+03
-1.316668348596392207e+03
-1.264193854104000138e+03
-1.508523581786921795e+03
-9.866620112297028982e+02
-1.174787349819695464e+03
-1.121873847351210770e+03
-1.324276817461263818e+03
-1.578535556906592319e+03
-1.168424285925132835e+03
-1.186668005619950918e+03
-1.192796058642345770e+03
-8.544069528943286969e+02
-1.301142554144732003e+03
-1.308047093560978738e+03
-1.317988265261762081e+03
-1.268248281911364074e+03
-1.165609755708516559e+03
-1.008237818090317433e+03
-9.340925803605488227e+02
-1.322467428871445463e+03
-1.253631386577283592e+03
-1.150723789265756295e+03
-9.651318226235583779e+02
-1.062577218259333222e+03
-1.299594051887536125e+03
-1.192904734452751427e+03
-9.471210142538659511e+02
-1.046517400611816583e+03
-1.066600222843462916e+03
-1.239617011068567308e+03
-1.305415521103566789e+03
-1.298988678079917918e+03
-1.141381682576508638e+03
-8.903647252563208667e+02
-1.069129309164749657e+03
-1.008323643638880071e+03
-1.212860341940062654e+03
-1.162559268089975149e+03
-1.471300074516412678e+03
-1.209913789134704530e+03
-1.452348748838796610e+03
-1.231601899281632996e+03
-1.088183748161838366e+03
-1.173103545107881928e+03
-1.195243184537349862e+03
-1.599258529870654911e+03
-1.188477811935413456e+03
-1.213843083269838644e+03
-1.519560296075174392e+03
-9.684718039525088216e+02
-1.396904997236652889e+03
-1.338924173727686593e+03
-1.257037064387559667e+03
-1.159984449848521763e+03
-1.068957824412007085e+03
-1.087946353992288095e+03
-1.172712707422440872e+03
-1.304626379803113423e+03
-1.275425843250936850e+03
-1.051941731465235989e+03
-1.407260419579615245e+03
-1.305781256969931519e+03
-1.236514323186697766e+03
-1.062154096354154490e+03
-1.222484337580707006e+03
-1.202138892677366130e+03
-1.364232811168964417e+03
-1.393771364768750345e+03
-1.172629019317167149e+03
-1.321112733413340720e+03
-1.061587533265278807e+03
-1.170947107633106725e+03
-1.064056048948329135e+03
-1.460038079214869640e+03
-9.604332879262229881e+02
-1.331888693290990432e+03
-1.214686685926341170e+03
-1.242142849369435226e+03
-1.064190748342330608e+03
-1.160736254318145029e+03
-1.228224145007806783e+03
