0.000000000000000000e+00 -5.670841011094544371e+01 -8.072958305147515112e-02 1.827596930632174876e+00
1.000000000000000000e+00 -5.795031331663101071e+01 -4.335059986057099302e-01 1.404508383226678703e+00
2.000000000000000000e+00 -6.040979457254748297e+01 -8.585209161365537911e-01 9.321742404457310505e-01
3.000000000000000000e+00 -6.433707446748282166e+01 -1.370879296279976067e+00 1.226045797559262018e-01
4.000000000000000000e+00 -7.014831807045604251e+01 -2.028506690146811842e+00 -1.308841006921235284e+00
5.000000000000000000e+00 -7.854290598635975584e+01 -2.930263969612977970e+00 -1.827673634067823460e+00
6.000000000000000000e+00 -8.982865709957948752e+01 -3.939470309725990216e+00 -2.000000000000000000e+00
7.000000000000000000e+00 -1.041224270297326768e+02 -4.989466956074664949e+00 -2.000000000000000000e+00
8.000000000000000000e+00 -1.213592876022949127e+02 -6.016799393968113918e+00 -2.000000000000000000e+00
9.000000000000000000e+00 -1.412903120233289656e+02 -6.957239988848813006e+00 -1.027411856979992599e+00
1.000000000000000000e+01 -1.630065088807761242e+02 -7.580382723473974238e+00 6.896812691335352241e-03
1.100000000000000000e+01 1.746523039431738766e+02 -7.798545500528129892e+00 9.456645885626895343e-01
1.200000000000000000e+01 1.529177337571095165e+02 -7.586796225052396814e+00 4.015480283701453601e-01
1.300000000000000000e+01 1.323339040943590703e+02 -7.185112005693379267e+00 3.640748832015692216e-01
1.400000000000000000e+01 1.134948333949067631e+02 -6.576076234428673395e+00 1.209498530323038779e-02
1.500000000000000000e+01 9.663142507457166630e+01 -5.886439965961089094e+00 -1.078682764435199282e-01
1.600000000000000000e+01 8.185588051997376624e+01 -5.157638025057051046e+00 -1.040952568809627721e+00
1.700000000000000000e+01 6.875994244511474562e+01 -4.571344760871547841e+00 -1.452462122569331271e-02
1.800000000000000000e+01 5.766040237776033450e+01 -3.874470392647345829e+00 8.347581072108756217e-02
1.900000000000000000e+01 4.841206208451717430e+01 -3.228279769239016161e+00 1.580725077295912939e+00
2.000000000000000000e+01 4.145000142869858450e+01 -2.430217623351795808e+00 2.000000000000000000e+00
2.100000000000000000e+01 3.676967262871229281e+01 -1.633742952713506336e+00 2.000000000000000000e+00
2.200000000000000000e+01 3.423492683914484047e+01 -8.847931945803170217e-01 2.000000000000000000e+00
2.300000000000000000e+01 3.376838849015292965e+01 -1.628526055345393964e-01 1.801028124203635894e+00
2.400000000000000000e+01 3.527005187115513252e+01 5.241794051023711543e-01 9.365215443640355630e-01
2.500000000000000000e+01 3.841481911856727294e+01 1.097730853524425232e+00 5.955459093824264638e-01
2.600000000000000000e+01 4.315053182131927656e+01 1.653075581830846019e+00 1.710332900452629312e+00
2.700000000000000000e+01 5.009066537538174657e+01 2.422563620930522355e+00 1.178860359009284320e+00
2.800000000000000000e+01 5.918547699525613837e+01 3.174688152308947409e+00 9.927049241697805115e-01
2.900000000000000000e+01 7.055214734167785195e+01 3.967716450677269524e+00 2.000000000000000000e+00
3.000000000000000000e+01 8.480425802336478114e+01 4.974925135081804228e+00 1.805097095280477681e+00
3.100000000000000000e+01 1.019718154943969211e+02 5.992608047897236112e+00 1.063150659563743883e+00
3.200000000000000000e+01 1.216980876476583120e+02 6.885767964377658146e+00 4.391068505526329879e-01
3.300000000000000000e+01 1.434411354678329644e+02 7.589755477612475154e+00 -6.365649087202402967e-01
3.400000000000000000e+01 1.661904447644309073e+02 7.941006995603778762e+00 -1.001080464134226133e+00
3.500000000000000000e+01 -1.709775695948817145e+02 7.969866483961251191e+00 -1.482465445612249244e+00
3.600000000000000000e+01 -1.491195711107284581e+02 7.629880828888076394e+00 -1.076380000902886547e+00
3.700000000000000000e+01 -1.288268735362042321e+02 7.083487735738303037e+00 -6.697895842467129768e-01
3.800000000000000000e+01 -1.104958442929873144e+02 6.398736311469988891e+00 -3.667277677478724129e-01
3.900000000000000000e+01 -9.433498539153634965e+01 5.641203955611064913e+00 -2.000000000000000000e+00
4.000000000000000000e+01 -8.117600814777186713e+01 4.593349581973972917e+00 -5.795064882511637983e-01
4.100000000000000000e+01 -7.038921697662880206e+01 3.765300433230031274e+00 -5.336915109435151905e-01
4.200000000000000000e+01 -6.185572401273751808e+01 2.978750978313446485e+00 -5.022013441302890513e-01
4.300000000000000000e+01 -5.543258406046889775e+01 2.242098809669576198e+00 -8.580386049582235941e-01
4.400000000000000000e+01 -5.114743659767958661e+01 1.495798643183091858e+00 -1.176524878610049729e+00
4.500000000000000000e+01 -4.904110674731522579e+01 7.352478204379521154e-01 -7.798939150297359291e-01
4.600000000000000000e+01 -4.889248528393211046e+01 5.187867750334951289e-02 -7.779030074026014319e-01
4.700000000000000000e+01 -5.069705782506350289e+01 -6.299146486764708452e-01 -8.882724321788921795e-01
4.800000000000000000e+01 -5.454593411907226397e+01 -1.343511276648206021e+00 -1.533034267794263661e+00
4.900000000000000000e+01 -6.080378495067099465e+01 -2.184402022201258564e+00 -2.000000000000000000e+00
5.000000000000000000e+01 -6.979669487322718169e+01 -3.139117749677472258e+00 -2.000000000000000000e+00
5.100000000000000000e+01 -8.166543703708501312e+01 -4.142972576591906986e+00 -2.000000000000000000e+00
5.200000000000000000e+01 -9.651951533387556026e+01 -5.185051472560532559e+00 -2.000000000000000000e+00
5.300000000000000000e+01 -1.143677276285854703e+02 -6.230201402752403972e+00 -1.624696297262921973e+00
5.400000000000000000e+01 -1.348712887476306435e+02 -7.157092998224619862e+00 -1.148912325750492514e+00
5.500000000000000000e+01 -1.573912514910079778e+02 -7.860949945967785624e+00 -1.501846692810677730e-01
5.600000000000000000e+01 1.791982520379641812e+02 -8.000000000000000000e+00 2.245560710708351948e-01
5.700000000000000000e+01 1.564065006636609780e+02 -7.955822075550673667e+00 -1.529899989814489381e-01
5.800000000000000000e+01 1.344089699093926242e+02 -7.678586779413883789e+00 3.571547182264844800e-01
5.900000000000000000e+01 1.140997898163544448e+02 -7.089241220080091388e+00 5.074874699773697095e-01
6.000000000000000000e+01 9.596999758376171030e+01 -6.328491343224740717e+00 1.073624708375629844e+00
6.100000000000000000e+01 8.043850041790281580e+01 -5.421515266168105640e+00 1.527124847733176249e+00
6.200000000000000000e+01 6.768198004574834670e+01 -4.452865631836551152e+00 1.465857402493900619e+00
6.300000000000000000e+01 5.754300692846439347e+01 -3.539169273355959433e+00 1.374467982990076997e+00
6.400000000000000000e+01 4.980763783168361414e+01 -2.700153191916896400e+00 1.421871102584099988e+00
6.500000000000000000e+01 4.432454352224843319e+01 -1.913960977940172281e+00 1.251945385282449807e+00
6.600000000000000000e+01 4.088070099416458447e+01 -1.202127820705358729e+00 1.597668601805243949e+00
6.700000000000000000e+01 3.952962957388537291e+01 -4.716128942693649240e-01 1.337737872146087525e+00
6.800000000000000000e+01 4.012093824095542516e+01 2.064056627190247184e-01 1.418312746282458736e+00
6.900000000000000000e+01 4.270628113273378546e+01 9.024549150912799522e-01 1.773820626705999493e+00
7.000000000000000000e+01 4.751112864526543689e+01 1.677208182998739971e+00 1.774814979377554280e+00
7.100000000000000000e+01 5.466303661593753560e+01 2.496486837757084576e+00 1.432154021322152859e+00
7.200000000000000000e+01 6.418311257352385724e+01 3.323133409996668064e+00 1.519196164913414915e+00
7.300000000000000000e+01 7.629015675652638606e+01 4.226155673556423409e+00 1.778656947757746742e+00
7.400000000000000000e+01 9.124889741515971764e+01 5.221585528901929507e+00 9.730987653373857071e-01
7.500000000000000000e+01 1.087738777927401230e+02 6.117372178723543996e+00 4.087668983782757337e-01
7.600000000000000000e+01 1.285087910535971787e+02 6.888784279948912292e+00 7.925205903492793524e-01
7.700000000000000000e+01 1.502655651262172967e+02 7.594546843595136210e+00 8.135134145632791913e-01
7.800000000000000000e+01 1.734375807147848434e+02 8.000000000000000000e+00 -1.110436154971808254e+00
7.900000000000000000e+01 -1.638757292472208178e+02 7.919148750847991636e+00 -6.315306418455066684e-01
8.000000000000000000e+01 -1.420571298862493279e+02 7.616127940449652023e+00 2.555933500634268718e-01
8.100000000000000000e+01 -1.214498136605117935e+02 7.193310362775422462e+00 -3.881885853766466887e-01
8.200000000000000000e+01 -1.028422674320234762e+02 6.495258948083484363e+00 -7.855244480460177314e-01
8.300000000000000000e+01 -8.666712157942940564e+01 5.646191042361441426e+00 -1.219504621079398943e+00
8.400000000000000000e+01 -7.316097688239858599e+01 4.714533884279193288e+00 -1.251737507922018988e+00
8.500000000000000000e+01 -6.224919207776340357e+01 3.808931442199401829e+00 -1.348065314597746811e+00
8.600000000000000000e+01 -5.381815868448092743e+01 2.942985841167380823e+00 -1.365087441312246908e+00
8.700000000000000000e+01 -4.770795874985567053e+01 2.132862136287059229e+00 -1.107471060325107448e+00
8.800000000000000000e+01 -4.366302555046307532e+01 1.411948047052584254e+00 -1.110274907315663917e+00
8.900000000000000000e+01 -4.157861935104790518e+01 7.275950225755249967e-01 -8.449423514311625860e-01
9.000000000000000000e+01 -4.128320708801552996e+01 1.031183328136475730e-01 -7.780854144909237213e-01
9.100000000000000000e+01 -4.273975337171257394e+01 -5.084305671640168001e-01 -8.063333769690506081e-01
9.200000000000000000e+01 -4.600097938442867473e+01 -1.138382631471644757e+00 -6.733681503346895525e-01
9.300000000000000000e+01 -5.109715710494349139e+01 -1.778901609795262573e+00 -6.418389460342628361e-01
9.400000000000000000e+01 -5.814120464187825377e+01 -2.458836443730163968e+00 -9.070580630824855994e-01
9.500000000000000000e+01 -6.739994127568851923e+01 -3.231908776700114672e+00 -1.083092775668400787e+00
9.600000000000000000e+01 -7.910770373886651896e+01 -4.086780060477147813e+00 -1.003696114798935168e+00
9.700000000000000000e+01 -9.335665581649267608e+01 -4.973822574269264329e+00 -1.313527158334036882e+00
9.800000000000000000e+01 -1.103149602363042732e+02 -5.919564953624377068e+00 -1.572128396622015867e+00
9.900000000000000000e+01 -1.299637827784925150e+02 -6.858732950025344444e+00 -1.337226493584119602e+00
1.000000000000000000e+02 -1.518340255052428063e+02 -7.634154875842707355e+00 -1.430789190763164687e+00
1.010000000000000000e+02 -1.753332985794566810e+02 -8.000000000000000000e+00 -7.656156026838276674e-01
1.020000000000000000e+02 1.612445826699402005e+02 -8.000000000000000000e+00 -1.659016402504330578e+00
1.030000000000000000e+02 1.383041956227163780e+02 -8.000000000000000000e+00 -1.134507990108029496e+00
1.040000000000000000e+02 1.163275558829822103e+02 -7.671294439659814834e+00 -2.920490404237496840e-02
1.050000000000000000e+02 9.626409152369699029e+01 -7.003470248521228569e+00 4.447694007377973602e-01
1.060000000000000000e+02 7.852751637164095655e+01 -6.191232688615833091e+00 1.309288133941224785e+00
1.070000000000000000e+02 6.345922994724293886e+01 -5.259824214786179120e+00 1.359029950318685565e+00
1.080000000000000000e+02 5.089710952721336668e+01 -4.385007247230574556e+00 1.388715114839718989e+00
1.090000000000000000e+02 4.059908400075761392e+01 -3.594689037821518607e+00 1.179093702128063637e+00
1.100000000000000000e+02 3.220595869149059354e+01 -2.929753423583530303e+00 9.703088554743808380e-01
1.110000000000000000e+02 2.537491553630994545e+01 -2.384483888074481861e+00 7.004245168682813327e-01
1.120000000000000000e+02 1.976561430099483729e+01 -1.958015505848686555e+00 7.227051907397843422e-01
1.130000000000000000e+02 1.519346887720248596e+01 -1.595979830503361896e+00 5.884309913759622201e-01
1.140000000000000000e+02 1.143728419463840851e+01 -1.311155800474423927e+00 6.324548191385497287e-01
1.150000000000000000e+02 8.378932361635024861e+00 -1.067566183406255753e+00 6.248046242940673567e-01
1.160000000000000000e+02 5.902161743499259927e+00 -8.645560420624793796e-01 4.971723844827485861e-01
1.170000000000000000e+02 3.859975050704967714e+00 -7.128576345934888314e-01 6.470029101106296032e-01
1.180000000000000000e+02 2.240456974295497616e+00 -5.653184545782012904e-01 5.543406531198339371e-01
1.190000000000000000e+02 9.431449734552934672e-01 -4.528473168059418685e-01 5.117864431529379754e-01
1.200000000000000000e+02 -9.887666406339472303e-02 -3.637341690344851330e-01 6.012025055547247643e-01
1.210000000000000000e+02 -8.862584281367500427e-01 -2.748480850648209461e-01 6.475981703043052207e-01
1.220000000000000000e+02 -1.428588743134680872e+00 -1.893089926018404201e-01 6.258984707541259684e-01
1.230000000000000000e+02 -1.755525529527667050e+00 -1.141224673689323899e-01 5.529439146294947705e-01
1.240000000000000000e+02 -1.910674078693474831e+00 -5.415706025272164215e-02 3.478999367142718291e-01
1.250000000000000000e+02 -1.987960641155845032e+00 -2.697809965033647409e-02 3.188213801393858238e-01
1.260000000000000000e+02 -2.002777374839440405e+00 -5.172015743390715597e-03 3.320940446245704281e-01
1.270000000000000000e+02 -1.949976062913838737e+00 1.843113484949420594e-02 3.795210210548851104e-01
1.280000000000000000e+02 -1.807197592237256956e+00 4.983908828537658015e-02 2.283909852751717096e-01
1.290000000000000000e+02 -1.634033998281898326e+00 6.044549718215719292e-02 3.479849564083156710e-01
1.300000000000000000e+02 -1.372602853079075258e+00 9.125668502097174228e-02 1.648657051304759091e-01
1.310000000000000000e+02 -1.091793573380790416e+00 9.802093001776898684e-02 1.191539322401295037e-01
1.320000000000000000e+02 -8.007214442626395812e-01 1.016033402780365247e-01 2.980763021678044244e-02
1.330000000000000000e+02 -5.268665063332913512e-01 9.559340679424280229e-02 -1.417692304297166195e-02
1.340000000000000000e+02 -2.788608678758087156e-01 8.657029909188132533e-02 -1.221296999496996882e-01
1.350000000000000000e+02 -9.379384338060246795e-02 6.460057828621366960e-02 -2.441151453836319929e-01
1.360000000000000000e+02 -1.714484303399662485e-02 2.675554848820932419e-02 -5.627274994852060619e-02
1.370000000000000000e+02 3.467979265607144812e-02 1.809021052876971097e-02 -5.570198124361130931e-02
1.380000000000000000e+02 6.386875722303583802e-02 1.018887073882735091e-02 -2.572364902829255007e-02
1.390000000000000000e+02 8.439887576735477515e-02 7.166363288463525015e-03 -2.506641051105051865e-02
1.400000000000000000e+02 9.732245453470184104e-02 4.511180012614906566e-03 -6.982790919571879584e-03
1.410000000000000000e+02 1.108949902252232694e-01 4.737708712887853113e-03 -2.540768832453321746e-02
1.420000000000000000e+02 1.177079356414528072e-01 2.378166585443406561e-03 -5.553161143347529194e-02
1.430000000000000000e+02 1.050719733040647585e-01 -4.410782938901501062e-03 1.876380642640218532e-02
1.440000000000000000e+02 1.044393596258551410e-01 -2.208238315569059987e-04 -3.501432542160709538e-02
1.450000000000000000e+02 9.267692174612447709e-02 -4.105865381256431149e-03 -3.474826172506867428e-02
1.460000000000000000e+02 6.945790134942639305e-02 -8.104967100206018210e-03 7.411704787706245579e-03
1.470000000000000000e+02 5.202849714032901224e-02 -6.084009802188747318e-03 -3.192920639423613149e-03
1.480000000000000000e+02 3.517810472867166638e-02 -5.881896556727848890e-03 -5.312738624493260065e-03
1.490000000000000000e+02 1.736390990518768551e-02 -6.218327065237631325e-03 4.234161186912895058e-03
1.500000000000000000e+02 2.020358436565282065e-03 -5.355909841531144959e-03 0.000000000000000000e+00
