0.000000000000000000e+00 -1.796208550107641031e+02 -9.187859898422745530e-02 2.000000000000000000e+00
1.000000000000000000e+00 -1.790388489488680079e+02 2.031584409330426944e-01 2.000000000000000000e+00
2.000000000000000000e+00 -1.776334476682383183e+02 4.905775931746617080e-01 2.000000000000000000e+00
3.000000000000000000e+00 -1.754573301756806529e+02 7.596083031074873926e-01 2.000000000000000000e+00
4.000000000000000000e+00 -1.725919476936728643e+02 1.000207172800065214e+00 2.000000000000000000e+00
5.000000000000000000e+00 -1.691441571166251663e+02 1.203505949774343442e+00 6.656608971784812034e-01
6.000000000000000000e+00 -1.658149826069804362e+02 1.162101131335369075e+00 -1.440786773192813452e+00
7.000000000000000000e+00 -1.636314613292722697e+02 7.621927116672179148e-01 -2.000000000000000000e+00
8.000000000000000000e+00 -1.629128813740813655e+02 2.508317231382960477e-01 -2.000000000000000000e+00
9.000000000000000000e+00 -1.636850490099402009e+02 -2.695373524615491956e-01 -2.000000000000000000e+00
1.000000000000000000e+01 -1.659202296145969910e+02 -7.802252185595724976e-01 -2.000000000000000000e+00
1.100000000000000000e+01 -1.695375403242506991e+02 -1.262679639022185718e+00 -2.000000000000000000e+00
1.200000000000000000e+01 -1.744044531969053651e+02 -1.698873080710390226e+00 -2.000000000000000000e+00
1.300000000000000000e+01 1.796596976246792678e+02 -2.072002241302983716e+00 -2.000000000000000000e+00
1.400000000000000000e+01 1.728771730176131598e+02 -2.367547719816752938e+00 -2.000000000000000000e+00
1.500000000000000000e+01 1.655016302555949608e+02 -2.574550106377090142e+00 -2.000000000000000000e+00
1.600000000000000000e+01 1.578045560198632700e+02 -2.686785763678884997e+00 -2.000000000000000000e+00
1.700000000000000000e+01 1.500597124936623743e+02 -2.703460391679475272e+00 -2.000000000000000000e+00
1.800000000000000000e+01 1.425277883374533587e+02 -2.629137510726871962e+00 -2.000000000000000000e+00
1.900000000000000000e+01 1.354435803838299535e+02 -2.472855073733954079e+00 -2.000000000000000000e+00
2.000000000000000000e+01 1.290074119064822753e+02 -2.246646622855746678e+00 -2.000000000000000000e+00
2.100000000000000000e+01 1.233814011922137013e+02 -1.963848214329285913e+00 -2.000000000000000000e+00
2.200000000000000000e+01 1.186900848427112294e+02 -1.637578331029186929e+00 -2.000000000000000000e+00
2.300000000000000000e+01 1.150241393230895142e+02 -1.279656390322652992e+00 -2.000000000000000000e+00
2.400000000000000000e+01 1.124456597911441520e+02 -9.000591505545780802e-01 -2.000000000000000000e+00
2.500000000000000000e+01 1.109935624144615076e+02 -5.068776056536932195e-01 -2.000000000000000000e+00
2.600000000000000000e+01 1.106879980311203013e+02 -1.066620913226091205e-01 -2.000000000000000000e+00
2.700000000000000000e+01 1.115330433109104007e+02 2.949764492154773321e-01 -2.000000000000000000e+00
2.800000000000000000e+01 1.135172849186895121e+02 6.926309842162150510e-01 -5.419282997295680193e-01
2.900000000000000000e+01 1.172387791343979160e+02 1.299046543160719214e+00 1.950015449118812860e+00
3.000000000000000000e+01 1.237085582725076307e+02 2.258378956737115306e+00 2.000000000000000000e+00
3.100000000000000000e+01 1.328251257622523269e+02 3.182282383526379821e+00 2.000000000000000000e+00
3.200000000000000000e+01 1.443769755328064832e+02 4.032356263838425825e+00 2.000000000000000000e+00
3.300000000000000000e+01 1.580397085410279772e+02 4.769193516287485224e+00 2.000000000000000000e+00
3.400000000000000000e+01 1.733653740360997233e+02 5.349666458965774751e+00 1.268627203840882789e+00
3.500000000000000000e+01 -1.705155652502609769e+02 5.626613635637458088e+00 7.599276679801896250e-01
3.600000000000000000e+01 -1.544239938921770374e+02 5.617018040363608300e+00 1.291275495805639384e+00
3.700000000000000000e+01 -1.387051021065384191e+02 5.486928328481687878e+00 1.920530494372564512e+00
3.800000000000000000e+01 -1.235788535152287579e+02 5.280056827870154734e+00 2.000000000000000000e+00
3.900000000000000000e+01 -1.093832146360301181e+02 4.955212757322677852e+00 -6.712936336852930452e-01
4.000000000000000000e+01 -9.750285234330542039e+01 4.147028766756561069e+00 2.000000000000000000e+00
4.100000000000000000e+01 -8.689324962541265052e+01 3.703449995115359439e+00 1.492884655527844107e+00
4.200000000000000000e+01 -7.778756091141137574e+01 3.178484974420212161e+00 1.214391452130553439e+00
4.300000000000000000e+01 -7.025999499443004481e+01 2.627616198244602685e+00 4.199321059218847907e-01
4.400000000000000000e+01 -6.457430617637544401e+01 1.984679802377554036e+00 -2.466153114501130617e-01
4.500000000000000000e+01 -6.093507774134587152e+01 1.270330368469329674e+00 -1.931624694884175319e-01
4.600000000000000000e+01 -5.925687391824472883e+01 5.858036446534301556e-01 -4.874634474853016819e-01
4.700000000000000000e+01 -5.963478737537759145e+01 -1.319166822912590797e-01 -6.390109768508660526e-01
4.800000000000000000e+01 -6.214114510383000578e+01 -8.748838918860152303e-01 -1.439090969245578444e+00
4.900000000000000000e+01 -6.716547964804190940e+01 -1.753823610363725471e+00 -2.000000000000000000e+00
5.000000000000000000e+01 -7.502945642674130511e+01 -2.745045741773639136e+00 -2.000000000000000000e+00
5.100000000000000000e+01 -8.582853576335011780e+01 -3.769589812158173014e+00 -2.000000000000000000e+00
5.200000000000000000e+01 -9.962995153814627258e+01 -4.817602934137552140e+00 -2.000000000000000000e+00
5.300000000000000000e+01 -1.164091193371956336e+02 -5.857034476760420993e+00 -1.907651167686415405e+00
5.400000000000000000e+01 -1.359324066449496513e+02 -6.814912886662543023e+00 -1.411366890182693012e+00
5.500000000000000000e+01 -1.575565437380950016e+02 -7.548247803560442115e+00 -4.277580788874471018e-01
5.600000000000000000e+01 1.798152326009720809e+02 -7.898740135219304292e+00 1.251123599096000127e-01
5.700000000000000000e+01 1.572477007819015853e+02 -7.877554685827293568e+00 -2.635441777551839060e-01
5.800000000000000000e+01 1.353978826814474417e+02 -7.627025336295548463e+00 2.438873129361129877e-01
5.900000000000000000e+01 1.151615642113286242e+02 -7.063807715714308877e+00 3.868966901995558594e-01
6.000000000000000000e+01 9.703621952683792529e+01 -6.326938856064297845e+00 9.574007555583818885e-01
6.100000000000000000e+01 8.145469801364018281e+01 -5.438977057512591529e+00 1.424225773718512666e+00
6.200000000000000000e+01 6.860993198488300493e+01 -4.483669177002596484e+00 1.386350540910510798e+00
6.300000000000000000e+01 5.836150091387104055e+01 -3.577377307056955225e+00 1.317932889919349648e+00
6.400000000000000000e+01 5.050866633355234114e+01 -2.741156380820571670e+00 1.394246192245194083e+00
6.500000000000000000e+01 4.491307781975193336e+01 -1.953228863051856834e+00 1.239699063784369004e+00
6.600000000000000000e+01 4.136718790130817069e+01 -1.237749079802340280e+00 1.597735566899979087e+00
6.700000000000000000e+01 3.992784026462085478e+01 -5.024271068198520318e-01 1.341707079401029290e+00
6.800000000000000000e+01 4.044406291539449683e+01 1.801956985874597628e-01 1.423497811860352069e+00
6.900000000000000000e+01 4.296579167551883671e+01 8.802493941280765677e-01 1.779667175885015107e+00
7.000000000000000000e+01 4.771667365846219155e+01 1.658370659520779888e+00 1.780772162383558399e+00
7.100000000000000000e+01 5.482237210744003164e+01 2.480356671770343802e+00 1.437511108323269893e+00
7.200000000000000000e+01 6.430198969130051978e+01 3.309010773366305003e+00 1.527607459105013277e+00
7.300000000000000000e+01 7.637412721965242213e+01 4.213970952466216779e+00 1.787271030300652264e+00
7.400000000000000000e+01 9.130240691436837608e+01 5.210952646628152607e+00 9.839466552747042627e-01
7.500000000000000000e+01 1.088015431933053350e+02 6.108350886452772244e+00 4.176816803248746268e-01
7.600000000000000000e+01 1.285141090761817111e+02 6.880983573449908519e+00 7.995626526244632437e-01
7.700000000000000000e+01 1.502514376974811228e+02 7.587759100593489237e+00 8.197143876754222624e-01
7.800000000000000000e+01 1.734071324987725120e+02 8.000000000000000000e+00 -1.110292565997750724e+00
7.900000000000000000e+01 -1.639049814682379349e+02 7.919566231858068406e+00 -6.312518922841801050e-01
8.000000000000000000e+01 -1.420840124450475059e+02 7.616955108607265323e+00 2.561838783583270107e-01
8.100000000000000000e+01 -1.214732776419565994e+02 7.194503671386431876e+00 -3.879341992673670525e-01
8.200000000000000000e+01 -1.028617442792455279e+02 6.496650720481605745e+00 -7.855941239405401788e-01
8.300000000000000000e+01 -8.668247877204895246e+01 5.647629073098610952e+00 -1.219988823210322648e+00
8.400000000000000000e+01 -7.317245589464066313e+01 4.715887624610656914e+00 -1.252604209739753838e+00
8.500000000000000000e+01 -6.225729000414822423e+01 3.810111663809434113e+00 -1.349147795694340735e+00
8.600000000000000000e+01 -5.382348206599692020e+01 2.943954340031489814e+00 -1.366228687434477562e+00
8.700000000000000000e+01 -4.771111584307708853e+01 2.133618313552815060e+00 -1.108519641373371112e+00
8.800000000000000000e+01 -4.366454661394860182e+01 1.412519129163621656e+00 -1.111201406068110131e+00
8.900000000000000000e+01 -4.157894378116866108e+01 7.280127264186128100e-01 -8.457338207016226184e-01
9.000000000000000000e+01 -4.128268409443673903e+01 1.034141394879800613e-01 -7.787405186565460324e-01
9.100000000000000000e+01 -4.273864972687380970e+01 -5.082278816381698983e-01 -8.068514331320160160e-01
9.200000000000000000e+01 -4.599948731010164948e+01 -1.138247044002008046e+00 -6.737692673030606372e-01
9.300000000000000000e+01 -5.109541010054046239e+01 -1.778812622411487521e+00 -6.421325223353324674e-01
9.400000000000000000e+01 -5.813928771968136289e+01 -2.458777131230957647e+00 -9.072363571133865712e-01
9.500000000000000000e+01 -6.739789310822206403e+01 -3.231862963458478788e+00 -1.083206863403056497e+00
9.600000000000000000e+01 -7.910554383408893386e+01 -4.086741056797622562e+00 -1.003697099673019677e+00
9.700000000000000000e+01 -9.335436929076172419e+01 -4.973778375218491199e+00 -1.313481838318580008e+00
9.800000000000000000e+01 -1.103125326335248815e+02 -5.919515708444496482e+00 -1.572109440298538718e+00
9.900000000000000000e+01 -1.299612375565916125e+02 -6.858691893206674273e+00 -1.337214957855679565e+00
1.000000000000000000e+02 -1.518314190106432875e+02 -7.634133487636052706e+00 -1.430783686902918905e+00
1.010000000000000000e+02 -1.753307146151394704e+02 -8.000000000000000000e+00 -7.656110349711080509e-01
1.020000000000000000e+02 1.612470720198379581e+02 -8.000000000000000000e+00 -1.659068036978836425e+00
1.030000000000000000e+02 1.383065743900028508e+02 -8.000000000000000000e+00 -1.134604833461179574e+00
1.040000000000000000e+02 1.163298264263831072e+02 -7.671332216922479574e+00 -2.931450978205218938e-02
1.050000000000000000e+02 9.626616897993250177e+01 -7.003537648656811498e+00 4.446367886696671601e-01
1.060000000000000000e+02 7.852933525319124897e+01 -6.191322948208216381e+00 1.309179928057439213e+00
1.070000000000000000e+02 6.346075732139225067e+01 -5.259925970064999845e+00 1.358979137744299237e+00
1.080000000000000000e+02 5.089834915131380910e+01 -4.385107690946100867e+00 1.388708537426774026e+00
1.090000000000000000e+02 4.060006236733861584e+01 -3.594780233899693922e+00 1.179116735132800908e+00
1.100000000000000000e+02 3.220671355514755163e+01 -2.929831440821788924e+00 9.703454321680111683e-01
1.110000000000000000e+02 2.537548656656841572e+01 -2.384548058036058293e+00 7.004645168919737541e-01
1.120000000000000000e+02 1.976603803426446149e+01 -1.958066922197341686e+00 7.227452668300102800e-01
1.130000000000000000e+02 1.519377748871541911e+01 -1.596020015577252371e+00 5.884664496586198279e-01
1.140000000000000000e+02 1.143750408987689582e+01 -1.311186768296201510e+00 6.324856856334666322e-01
1.150000000000000000e+02 8.379084886818890965e+00 -1.067589699991659868e+00 6.248312683478004503e-01
1.160000000000000000e+02 5.902264006708425548e+00 -8.645735868014358116e-01 4.971941582135371851e-01
1.170000000000000000e+02 3.860040223052079167e+00 -7.128705817467916317e-01 6.470216103133286101e-01
1.180000000000000000e+02 2.240495530019667836e+00 -5.653277455323281186e-01 5.543554099510267230e-01
1.190000000000000000e+02 9.431646985719903675e-01 -4.528538899279542229e-01 5.117980216772501922e-01
1.200000000000000000e+02 -9.887005445821053784e-02 -3.637387472116584419e-01 6.012118006355953170e-01
1.210000000000000000e+02 -8.862606919164419672e-01 -2.748511824604629172e-01 6.476055445210419093e-01
1.220000000000000000e+02 -1.428596796344629327e+00 -1.893110134942338207e-01 6.259043330990252674e-01
1.230000000000000000e+02 -1.755537154912213405e+00 -1.141237142930963538e-01 5.529486110673518251e-01
1.240000000000000000e+02 -1.910687693854454139e+00 -5.415775481570932193e-02 3.479036851963396293e-01
1.250000000000000000e+02 -1.987975145586376335e+00 -2.697841006396618085e-02 3.188244313236924254e-01
1.260000000000000000e+02 -2.002792000978400822e+00 -5.172058227654281054e-03 3.320964991758592055e-01
1.270000000000000000e+02 -1.949990304140646558e+00 1.843126920916728431e-02 3.795230045322397494e-01
1.280000000000000000e+02 -1.807211129952086104e+00 4.983933385738184563e-02 2.283926220777545701e-01
1.290000000000000000e+02 -1.634046636532454189e+00 6.044581115442004826e-02 3.479861813526656800e-01
1.300000000000000000e+02 -1.372614539225956332e+00 9.125701736784805340e-02 1.648667480692150855e-01
1.310000000000000000e+02 -1.091804297358889730e+00 9.802126587804545210e-02 1.191547837557760114e-01
1.320000000000000000e+02 -8.007312422361866355e-01 1.016036635146003175e-01 2.980834072815148617e-02
1.330000000000000000e+02 -5.268754403706329414e-01 9.559370836486294487e-02 -1.417635015744692084e-02
1.340000000000000000e+02 -2.788690268097352987e-01 8.657056965399928528e-02 -1.221292094903764780e-01
1.350000000000000000e+02 -9.380132240816904665e-02 6.460081561829973673e-02 -2.441147108666166798e-01
1.360000000000000000e+02 -1.715173589846474486e-02 2.675575309773696453e-02 -5.627242421664224725e-02
1.370000000000000000e+02 3.467336744530058468e-02 1.809037377069824815e-02 -5.570162780999049490e-02
1.380000000000000000e+02 6.386271059750538159e-02 1.018900289000209888e-02 -2.572341614714149238e-02
1.390000000000000000e+02 8.439308105203460753e-02 7.166451221716996223e-03 -2.506618137670463264e-02
1.400000000000000000e+02 9.731679289124513244e-02 4.511226463456384506e-03 -6.982581362803885749e-03
1.410000000000000000e+02 1.108893393927009169e-01 4.737712486611892100e-03 -2.540749302746952987e-02
1.420000000000000000e+02 1.177021676367871056e-01 2.378125684640794175e-03 -5.553145831044548064e-02
1.430000000000000000e+02 1.050659376273266193e-01 -4.410876374094832575e-03 1.876394664944755486e-02
1.440000000000000000e+02 1.044328901959088729e-01 -2.209752399843388157e-04 -3.501421156237397025e-02
1.450000000000000000e+02 9.266982488713843003e-02 -4.106084395298182504e-03 -3.474816281112166894e-02
1.460000000000000000e+02 6.944995343466710269e-02 -8.105264174701093047e-03 7.411790248248364271e-03
1.470000000000000000e+02 5.201943684723077388e-02 -6.084398095486978977e-03 -3.192850816931949720e-03
1.480000000000000000e+02 3.516762230036781650e-02 -5.882392975562762694e-03 -5.312684385584839908e-03
1.490000000000000000e+02 1.735163555812673994e-02 -6.218952562876057209e-03 4.234191829318806333e-03
1.500000000000000000e+02 2.005845050405683557e-03 -5.356691413628620300e-03 0.000000000000000000e+00
