0.000000000000000000e+00 6.288645183955045326e+01 -2.204563969255657341e-02 -2.000000000000000000e+00
1.000000000000000000e+00 6.387633141697707373e+01 3.455331564868907579e-01 -2.000000000000000000e+00
2.000000000000000000e+00 6.593587828361265224e+01 7.189174784384667616e-01 -2.000000000000000000e+00
3.000000000000000000e+00 6.909784542098847737e+01 1.103734747741361044e+00 -2.000000000000000000e+00
4.000000000000000000e+00 7.340757105027236662e+01 1.504378041771770924e+00 -2.000000000000000000e+00
5.000000000000000000e+00 7.891698503975673873e+01 1.923148279438767538e+00 -1.548733261471531231e+00
6.000000000000000000e+00 8.586939976956142573e+01 2.426850559984877087e+00 -1.844256344454000551e-01
7.000000000000000000e+00 9.488557409023952971e+01 3.147238556591917646e+00 -1.134546308653661129e-02
8.000000000000000000e+00 1.060376584629124750e+02 3.892811815266984610e+00 -1.545807006521389138e+00
9.000000000000000000e+00 1.185904504378483608e+02 4.381751005611057792e+00 -2.000000000000000000e+00
1.000000000000000000e+01 1.321704040791607895e+02 4.740298066181897418e+00 -2.000000000000000000e+00
1.100000000000000000e+01 1.464833529529160501e+02 4.996161670332872617e+00 -2.000000000000000000e+00
1.200000000000000000e+01 1.611232728921170008e+02 5.110296103348488828e+00 -2.000000000000000000e+00
1.300000000000000000e+01 1.755988966873949266e+02 5.052945930152740850e+00 -2.000000000000000000e+00
1.400000000000000000e+01 -1.706200370882709194e+02 4.810499601000294945e+00 -2.000000000000000000e+00
1.500000000000000000e+01 -1.580485870459845614e+02 4.388263899757552267e+00 -2.000000000000000000e+00
1.600000000000000000e+01 -1.471397606942964842e+02 3.807898747305554554e+00 -2.000000000000000000e+00
1.700000000000000000e+01 -1.382561789913707742e+02 3.100955001719571058e+00 -2.000000000000000000e+00
1.800000000000000000e+01 -1.316625689441308111e+02 2.301604098338325688e+00 -2.000000000000000000e+00
1.900000000000000000e+01 -1.275335496325409679e+02 1.441299637313450122e+00 -2.000000000000000000e+00
2.000000000000000000e+01 -1.259677932591780234e+02 5.465520799853846867e-01 -2.000000000000000000e+00
2.100000000000000000e+01 -1.270004304280799658e+02 -3.604583715162489321e-01 -1.871204448474495852e+00
2.200000000000000000e+01 -1.305530904178451124e+02 -1.240112280505388576e+00 -1.085125323897144334e+00
2.300000000000000000e+01 -1.362045569565708263e+02 -1.972733973341018743e+00 -6.851141044666975155e-01
2.400000000000000000e+01 -1.436374393525574362e+02 -2.594565414469824915e+00 -5.077824596531774759e-01
2.500000000000000000e+01 -1.525624097771518848e+02 -3.115402391045788644e+00 -8.507359834525871634e-01
2.600000000000000000e+01 -1.628429897955600154e+02 -3.588599406719223950e+00 -2.000000000000000000e+00
2.700000000000000000e+01 -1.746168221784935497e+02 -4.109842813202389422e+00 -1.365536619562038201e+00
2.800000000000000000e+01 1.728209769973989296e+02 -4.385035313548433678e+00 7.689529993697008514e-01
2.900000000000000000e+01 1.608577188813863188e+02 -4.175964867807088865e+00 2.000000000000000000e+00
3.000000000000000000e+01 1.504584531948675021e+02 -3.630028520388429492e+00 2.000000000000000000e+00
3.100000000000000000e+01 1.419779971312135274e+02 -2.960237607629600198e+00 2.000000000000000000e+00
3.200000000000000000e+01 1.356804330117820143e+02 -2.198264574790743442e+00 2.000000000000000000e+00
3.300000000000000000e+01 1.317434399533016460e+02 -1.374269829972885049e+00 2.000000000000000000e+00
3.400000000000000000e+01 1.302690200925280237e+02 -5.146696225459096441e-01 2.000000000000000000e+00
3.500000000000000000e+01 1.312934509579026781e+02 3.575938311968388517e-01 2.000000000000000000e+00
3.600000000000000000e+01 1.347916405002291071e+02 1.221098507448593828e+00 2.000000000000000000e+00
3.700000000000000000e+01 1.406740654262384282e+02 2.053353659204932402e+00 2.000000000000000000e+00
3.800000000000000000e+01 1.487775564070759060e+02 2.828651970425576589e+00 2.000000000000000000e+00
3.900000000000000000e+01 1.588542324486290340e+02 3.517423491638619559e+00 2.000000000000000000e+00
4.000000000000000000e+01 1.705654323137738686e+02 4.087979940117877575e+00 1.415498751849261883e+00
4.100000000000000000e+01 -1.767629024081875855e+02 4.423245616248315137e+00 1.293492755091234958e+00
4.200000000000000000e+01 -1.636567261518090959e+02 4.574918560410182522e+00 1.164396041859503406e+00
4.300000000000000000e+01 -1.506547830944141708e+02 4.538534310167178454e+00 1.872678033293025734e+00
4.400000000000000000e+01 -1.379010774014788012e+02 4.451883123441338519e+00 1.992014135917546724e+00
4.500000000000000000e+01 -1.257318098004138562e+02 4.247875743897115086e+00 1.142341534101399159e+00
4.600000000000000000e+01 -1.148157966794868372e+02 3.810407403021568662e+00 1.285152059842742389e-02
4.700000000000000000e+01 -1.058444556617612449e+02 3.131588781570618263e+00 -2.501134529661070971e-01
4.800000000000000000e+01 -9.904755207126275707e+01 2.372566931896467057e+00 -1.728243175829411449e+00
4.900000000000000000e+01 -9.511516559731884968e+01 1.372661828624222924e+00 -2.000000000000000000e+00
5.000000000000000000e+01 -9.418225078365300362e+01 3.256487027819741087e-01 -2.000000000000000000e+00
5.100000000000000000e+01 -9.625164294659695940e+01 -7.223541351667845944e-01 -2.000000000000000000e+00
5.200000000000000000e+01 -1.013162863232055599e+02 -1.767894047222868359e+00 -2.000000000000000000e+00
5.300000000000000000e+01 -1.093471871831866906e+02 -2.803313238158301246e+00 -2.000000000000000000e+00
5.400000000000000000e+01 -1.202647821175781786e+02 -3.810959560083710507e+00 -2.000000000000000000e+00
5.500000000000000000e+01 -1.338975642502332732e+02 -4.758738688437717634e+00 -2.000000000000000000e+00
5.600000000000000000e+01 -1.499380165707887897e+02 -5.599174130057166465e+00 -2.000000000000000000e+00
5.700000000000000000e+01 -1.679142137917930313e+02 -6.274876569887572586e+00 -2.000000000000000000e+00
5.800000000000000000e+01 1.728002887725610890e+02 -6.731908562738901480e+00 -1.902150785816911327e+00
5.900000000000000000e+01 1.529666814524928782e+02 -6.923235005656770191e+00 -1.737160901934458490e+00
6.000000000000000000e+01 1.333631375554622593e+02 -6.842927721248490691e+00 -1.035595072327174293e+00
6.100000000000000000e+01 1.148766412535443351e+02 -6.453004552524468806e+00 -1.934058759687720119e-01
6.200000000000000000e+01 9.825627081347344927e+01 -5.801603741607515907e+00 1.934095248095810682e-01
6.300000000000000000e+01 8.384533502578281627e+01 -5.030365555773679276e+00 5.868274978978385015e-01
6.400000000000000000e+01 7.182277725846347494e+01 -4.196664351018817740e+00 1.240365238123595448e+00
6.500000000000000000e+01 6.237459590413110533e+01 -3.298037459172737496e+00 1.321921335307659762e+00
6.600000000000000000e+01 5.539811653520271761e+01 -2.435250703705130082e+00 1.939479190793508057e+00
6.700000000000000000e+01 5.102361084472730113e+01 -1.526990548920478696e+00 1.743818815143863610e+00
6.800000000000000000e+01 4.906878254165238218e+01 -6.823638039966199997e-01 1.822359155299751343e+00
6.900000000000000000e+01 4.952030919908882112e+01 1.576125366558083218e-01 2.000000000000000000e+00
7.000000000000000000e+01 5.246556903339138955e+01 1.028089628706448933e+00 2.000000000000000000e+00
7.100000000000000000e+01 5.797407167078736023e+01 1.922830157547023244e+00 1.785546851906111732e+00
7.200000000000000000e+01 6.607145024263370203e+01 2.826518337183095753e+00 1.896769300302946881e+00
7.300000000000000000e+01 7.694782987566496502e+01 3.796572705864967645e+00 2.000000000000000000e+00
7.400000000000000000e+01 9.077672870878537026e+01 4.827196331263055029e+00 1.344663253027355232e+00
7.500000000000000000e+01 1.073318483142425208e+02 5.778826903533833992e+00 7.032400040067878777e-01
7.600000000000000000e+01 1.262401987356934967e+02 6.600259419503545111e+00 1.021774910906391387e+00
7.700000000000000000e+01 1.473205621000124097e+02 7.358434964483071994e+00 1.028042566592292761e+00
7.800000000000000000e+01 1.700028011559374761e+02 7.917595065006862498e+00 -1.027477805827758939e+00
7.900000000000000000e+01 -1.673834902609491451e+02 7.893673417236599654e+00 -5.300421054488118067e-01
8.000000000000000000e+01 -1.454668554451326656e+02 7.650348769864375065e+00 4.012696102627590911e-01
8.100000000000000000e+01 -1.245957875933230667e+02 7.285377048424348523e+00 -2.754499247883344104e-01
8.200000000000000000e+01 -1.056117593180227630e+02 6.626675973913813245e+00 -7.044320291281707114e-01
8.300000000000000000e+01 -8.899976290638933563e+01 5.798680654249725563e+00 -1.186090785476791920e+00
8.400000000000000000e+01 -7.504571580133475095e+01 4.870881319231716411e+00 -1.271511330583833033e+00
8.500000000000000000e+01 -6.371388373029055430e+01 3.955555598456194311e+00 -1.414238380054841704e+00
8.600000000000000000e+01 -5.491618979318675287e+01 3.070974515704091523e+00 -1.455389274224675900e+00
8.700000000000000000e+01 -4.850212207190352842e+01 2.238932003645645707e+00 -1.202021683643820893e+00
8.800000000000000000e+01 -4.421383791859064871e+01 1.496893554728138342e+00 -1.198953752513213455e+00
8.900000000000000000e+01 -4.193906134176447154e+01 7.940468202572430467e-01 -9.232798051002318873e-01
9.000000000000000000e+01 -4.149702447712113695e+01 1.542999740643720141e-01 -8.447961288575179806e-01
9.100000000000000000e+01 -4.284162839287571956e+01 -4.693553093025175649e-01 -8.627060669462418563e-01
9.200000000000000000e+01 -4.601793991604679235e+01 -1.108741882967421821e+00 -7.187674498388716415e-01
9.300000000000000000e+01 -5.104915379995278357e+01 -1.756224952924224647e+00 -6.778838056746550045e-01
9.400000000000000000e+01 -5.804259557020946403e+01 -2.441171698749599273e+00 -9.331742776044578136e-01
9.500000000000000000e+01 -6.725999452979789339e+01 -3.217479206294359351e+00 -1.102052777968334230e+00
9.600000000000000000e+01 -7.893254407659439664e+01 -4.074488433875424143e+00 -1.014271959168398629e+00
9.700000000000000000e+01 -9.314957681094044517e+01 -4.962680621563012373e+00 -1.318035664749981128e+00
9.800000000000000000e+01 -1.100783399425643125e+02 -5.909253098741257482e+00 -1.575334060008802606e+00
9.900000000000000000e+01 -1.297020621609166540e+02 -6.849971284140275785e+00 -1.339755790327846974e+00
1.000000000000000000e+02 -1.515545781467308473e+02 -7.627967075943049124e+00 -1.432829751951076425e+00
1.010000000000000000e+02 -1.750462276084604980e+02 -8.000000000000000000e+00 -7.650659546608280515e-01
1.020000000000000000e+02 1.615211626006363588e+02 -8.000000000000000000e+00 -1.664702734681002383e+00
1.030000000000000000e+02 1.385685030164980844e+02 -8.000000000000000000e+00 -1.145203508416151372e+00
1.040000000000000000e+02 1.165798512284421946e+02 -7.675487435522274637e+00 -4.130088194601255758e-02
1.050000000000000000e+02 9.649496229240237710e+01 -7.010948836625509273e+00 4.300970396641650151e-01
1.060000000000000000e+02 7.872969559643728132e+01 -6.201247926789705822e+00 1.297291445483413241e+00
1.070000000000000000e+02 6.362905730220134615e+01 -5.271117147743149545e+00 1.353374955922467038e+00
1.080000000000000000e+02 5.103499218677980309e+01 -4.396158049493310571e+00 1.387959015617982406e+00
1.090000000000000000e+02 4.070795339866090501e+01 -3.604816576676796114e+00 1.181623467115335391e+00
1.100000000000000000e+02 3.228999923351159396e+01 -2.938420329276517862e+00 9.743454300764677889e-01
1.110000000000000000e+02 2.543852720011093993e+01 -2.391614911823048306e+00 7.048455875152347394e-01
1.120000000000000000e+02 1.981285163137202332e+01 -1.963731226469970670e+00 7.271377201089750386e-01
1.130000000000000000e+02 1.522790340211944304e+01 -1.600448852678826972e+00 5.923544361083024068e-01
1.140000000000000000e+02 1.146184794776183224e+01 -1.314601349824627174e+00 6.358717932533137773e-01
1.150000000000000000e+02 8.395996489296184251e+00 -1.070184046545914258e+00 6.277559830204885172e-01
1.160000000000000000e+02 5.913627559225923314e+00 -8.665102215786983919e-01 4.995841140754265775e-01
1.170000000000000000e+02 3.867306603325016301e+00 -7.143007646605701311e-01 6.490757987941901952e-01
1.180000000000000000e+02 2.244819330471934826e+00 -5.663548996597974616e-01 5.559765710251254323e-01
1.190000000000000000e+02 9.454045801848649511e-01 -4.535813148297860309e-01 5.130695392647983688e-01
1.200000000000000000e+02 -9.808371309631501445e-02 -3.642461284754562323e-01 6.022326804772932807e-01
1.210000000000000000e+02 -8.864597122506178151e-01 -2.751951385788522497e-01 6.484158868459672931e-01
1.220000000000000000e+02 -1.429440421780536763e+00 -1.895360231222407710e-01 6.265484953539595114e-01
1.230000000000000000e+02 -1.756780203225525305e+00 -1.142631391794738660e-01 5.534645565688209867e-01
1.240000000000000000e+02 -1.912155046214599530e+00 -5.423605169857142333e-02 3.483153714982338833e-01
1.250000000000000000e+02 -1.989544887932990669e+00 -2.701415091166374516e-02 3.191594013552729314e-01
1.260000000000000000e+02 -2.004379020424139402e+00 -5.178089072952363203e-03 3.323660177581700959e-01
1.270000000000000000e+02 -1.951538260451297413e+00 1.844490481564256198e-02 3.797407257506523193e-01
1.280000000000000000e+02 -1.808684479045283178e+00 4.986537668918396282e-02 2.285722271555067908e-01
1.290000000000000000e+02 -1.635423421898076546e+00 6.047951825409633719e-02 3.481206533710916595e-01
1.300000000000000000e+02 -1.373888584208882824e+00 9.129288052690777422e-02 1.649812128882415796e-01
1.310000000000000000e+02 -1.092974177291115012e+00 9.805762634004364098e-02 1.192482285598545494e-01
1.320000000000000000e+02 -8.018006646951945093e-01 1.016387297879199070e-01 2.988629698863158601e-02
1.330000000000000000e+02 -5.278510055417936497e-01 9.562647073886132443e-02 -1.411349128719802115e-02
1.340000000000000000e+02 -2.797603052275810520e-01 8.659999128123078982e-02 -1.220754053810423900e-01
1.350000000000000000e+02 -9.461861600330082056e-02 6.462664119335592705e-02 -2.440670571072856010e-01
1.360000000000000000e+02 -1.790521544459858228e-02 2.677802840301223009e-02 -5.623668796928871227e-02
1.370000000000000000e+02 3.397080298760185579e-02 1.810814648934328669e-02 -5.566288714638834012e-02
1.380000000000000000e+02 6.320136263969301782e-02 1.020339016259197949e-02 -2.569787123505659632e-02
1.390000000000000000e+02 8.375912617834384288e-02 7.176013211917952120e-03 -2.504105882747115208e-02
1.400000000000000000e+02 9.669725343979081178e-02 4.516258395085730182e-03 -6.959610681815053823e-03
1.410000000000000000e+02 1.102708535904319415e-01 4.738080279557719404e-03 -2.538608956585569620e-02
1.420000000000000000e+02 1.170707397694289581e-01 2.373608051687105258e-03 -5.551467555540312571e-02
1.430000000000000000e+02 1.044051010572803612e-01 -4.421141947900964278e-03 1.877931418127531948e-02
1.440000000000000000e+02 1.037244673036032960e-01 -2.375860000374567169e-04 -3.500173375983808843e-02
1.450000000000000000e+02 9.189261179861044071e-02 -4.130096703646838480e-03 -3.473732389871278525e-02
1.460000000000000000e+02 6.857946237642520426e-02 -8.137824328530912643e-03 7.421154409736431534e-03
1.470000000000000000e+02 5.102704838023273959e-02 -6.126948318133876997e-03 -3.185200593796247426e-03
1.480000000000000000e+02 3.401940931339517832e-02 -5.936785994142630175e-03 -5.306741895551143895e-03
1.490000000000000000e+02 1.600709366900003594e-02 -6.287484278063584613e-03 4.237548968026201568e-03
1.500000000000000000e+02 4.159965644929714294e-04 -5.442319569436054882e-03 0.000000000000000000e+00
