0.000000000000000000e+00 -3.153827644996069601e+00 -4.838613960801454894e+00 -1.653961177205046873e+00 -3.458495618468919730e-01
1.000000000000000000e+00 -2.905195934821132919e+00 -4.410761046620607750e+00 -1.543027607831060521e+00 -7.150611916581335326e-01
2.000000000000000000e+00 -2.794471074110559172e+00 -3.622134404943400554e+00 -1.412242770150535343e+00 -9.174160106216389110e-01
3.000000000000000000e+00 -2.630761530884276667e+00 -2.722882457977361614e+00 -1.269679622451979961e+00 -1.055684771932075661e+00
4.000000000000000000e+00 -2.435944911001270974e+00 -1.638038481560774029e+00 -1.129878748823362589e+00 -1.067881604962399145e+00
5.000000000000000000e+00 -1.920781480246795514e+00 -7.880208075500618747e-01 -1.011234210724664795e+00 -1.184659197703121558e+00
6.000000000000000000e+00 -1.342633106171727597e+00 3.899412528862672422e-01 -9.209397084768919939e-01 -1.048250549921536878e+00
7.000000000000000000e+00 -3.870582481104013484e-01 1.055696502399362080e+00 -8.899203203224187453e-01 -1.137306207116000945e+00
8.000000000000000000e+00 1.027801208833489355e+00 2.059029851264749578e+00 -9.163273763837339603e-01 -9.385601020447287279e-01
9.000000000000000000e+00 2.326263400904170719e+00 1.869706587654249574e+00 -9.604676571155740250e-01 -1.133444343373422480e+00
1.000000000000000000e+01 3.864664497729769277e+00 1.370818128988334772e+00 -1.037006061958016589e+00 -1.194032122577979305e+00
1.100000000000000000e+01 5.230974893301372219e+00 1.555702044893315372e-01 -1.160601377159717007e+00 -1.324801676770401393e+00
1.200000000000000000e+01 6.652339442219378896e+00 -1.494966513694503174e+00 -1.329557359697644880e+00 -1.307513714991364484e+00
1.300000000000000000e+01 7.796872366125562337e+00 -3.724965258271232926e+00 -1.555026419478742428e+00 -1.163112531163152052e+00
1.400000000000000000e+01 7.443126403758606457e+00 -5.883494200823770726e+00 -1.736771848887181058e+00 -1.153118741769141087e+00
1.500000000000000000e+01 6.512011941304104212e+00 -7.448899029628019086e+00 -1.884283949549365733e+00 -1.049730874103557809e+00
1.600000000000000000e+01 5.140240699202134778e+00 -7.629404361465732087e+00 -1.865675631420826042e+00 -8.851267642496023491e-01
1.700000000000000000e+01 4.277798734727817909e+00 -7.778350115907742612e+00 -1.893924703574066504e+00 -6.646216487306901843e-01
1.800000000000000000e+01 3.616746497392153703e+00 -7.365158287727842534e+00 -1.913129046600118288e+00 -6.315312225857891981e-01
1.900000000000000000e+01 3.287538005591706280e+00 -6.869385295493154686e+00 -1.910665662536265463e+00 -5.383852027518613026e-01
2.000000000000000000e+01 3.364404304312337057e+00 -5.706771853135432337e+00 -1.887409958847198643e+00 -8.237803999280768341e-01
2.100000000000000000e+01 3.637936913676626638e+00 -4.822357284514357190e+00 -1.853999505469335229e+00 -9.374703247050877319e-01
2.200000000000000000e+01 3.908371972838951436e+00 -4.047572852342159244e+00 -1.783650994153625158e+00 -8.427695699776422966e-01
2.300000000000000000e+01 4.041866898132876251e+00 -3.411195654166967905e+00 -1.681087924174446524e+00 -6.075786509512246525e-01
2.400000000000000000e+01 4.029014722582848762e+00 -2.702305749448711936e+00 -1.557256088244544312e+00 -3.318407172400472116e-01
2.500000000000000000e+01 3.874954042989450009e+00 -1.941442977847434248e+00 -1.415720215663103687e+00 -4.070579322468099309e-02
2.600000000000000000e+01 3.364210006977730760e+00 -1.238724020872281395e+00 -1.255058482176483636e+00 4.373703680846386388e-01
2.700000000000000000e+01 2.904844166423610208e+00 -4.679249675962836585e-01 -1.096910029763699557e+00 4.852422131410036865e-01
2.800000000000000000e+01 2.265907007207589974e+00 3.021588292080385485e-01 -9.507980311340079593e-01 6.530062359298021146e-01
2.900000000000000000e+01 1.604429358386298521e+00 1.055661282048212968e+00 -8.410873374185734441e-01 5.817372224120209712e-01
3.000000000000000000e+01 5.649008190112673189e-01 1.726221903049802053e+00 -8.127778015292622671e-01 9.332758905189906251e-01
3.100000000000000000e+01 -3.519809790405313832e-01 2.042994658455929091e+00 -8.127811237852418103e-01 1.075728988924759211e+00
3.200000000000000000e+01 -9.637810864781896081e-01 1.691628899509791450e+00 -7.619807469821520129e-01 1.450337215140572011e+00
3.300000000000000000e+01 -2.180149702783999111e+00 1.628196099142505959e+00 -8.499993212252215935e-01 1.694444719812738587e+00
3.400000000000000000e+01 -2.869617265847849819e+00 1.047240907869568360e+00 -8.699756647080241212e-01 2.018432109338172520e+00
3.500000000000000000e+01 -3.225011049669311625e+00 6.556051891335271664e-01 -9.100490621845074291e-01 2.150683804012051503e+00
3.600000000000000000e+01 -4.807538058410010251e+00 1.037540307311721893e-01 -9.818225736630560307e-01 1.839141190454091968e+00
3.700000000000000000e+01 -6.004668188754242131e+00 -1.385940094999665639e+00 -1.125448448745954844e+00 1.915953413491739532e+00
3.800000000000000000e+01 -7.567944847991721957e+00 -3.777109435212914867e+00 -1.377649535960100868e+00 1.700583190931340027e+00
3.900000000000000000e+01 -8.083738463004113584e+00 -6.436378337122841131e+00 -1.676033057668115722e+00 1.701228368262658108e+00
4.000000000000000000e+01 -7.309475624365651569e+00 -8.440271310270745175e+00 -1.804885170785957005e+00 1.517780136250590939e+00
4.100000000000000000e+01 -5.287465214742711694e+00 -9.990522361082380343e+00 -1.880012510850990415e+00 7.397926192197541440e-01
4.200000000000000000e+01 -3.554136267043394692e+00 -9.717331453818427889e+00 -1.822752570216242596e+00 6.439517266758257863e-01
4.300000000000000000e+01 -3.213562450673289383e+00 -9.951329317695288168e+00 -1.881847695194353909e+00 4.219607185295688456e-01
4.400000000000000000e+01 -1.633528001442577038e+00 -1.058848542021910788e+01 -2.028894364268384098e+00 -5.818688724758706854e-02
4.500000000000000000e+01 -1.341068589047080151e+00 -1.043894844278023903e+01 -2.107097451393732168e+00 6.379262068623073323e-02
4.600000000000000000e+01 -4.954630284671973084e-01 -9.962782604031861666e+00 -2.105420908431300475e+00 2.133237267397087855e-01
4.700000000000000000e+01 -7.480087267367967474e-01 -9.896699756443128493e+00 -2.166561662207450834e+00 2.271838826223349650e-01
4.800000000000000000e+01 -2.236224683712962347e-01 -9.942129512620137888e+00 -2.207544370523423005e+00 1.352179740001304142e-01
4.900000000000000000e+01 -3.886983709735755133e-01 -9.718916004092761796e+00 -2.230097020341284875e+00 2.042760763206877273e-01
5.000000000000000000e+01 -3.897278113756686979e-01 -9.907893223255257453e+00 -2.238836021129896992e+00 3.682968260732558674e-01
5.100000000000000000e+01 -2.102188215503497659e-01 -9.348983072311803255e+00 -2.258247870046183881e+00 1.147165546281182780e-01
5.200000000000000000e+01 -2.350326630468181355e-01 -9.216377272835819312e+00 -2.263989394576566561e+00 1.568649272176772802e-01
5.300000000000000000e+01 -1.898868094305858623e-01 -9.484238426074181660e+00 -2.242809471329803017e+00 8.212723740720384580e-02
5.400000000000000000e+01 -4.849460381057654756e-01 -9.446944865285301418e+00 -2.258519653475891342e+00 1.318496293024807309e-01
5.500000000000000000e+01 -3.748177638560567515e-01 -9.869265202444680085e+00 -2.254570957280348065e+00 2.945639811105874584e-01
5.600000000000000000e+01 -4.336141320098806373e-01 -9.300423297077641038e+00 -2.286617686278742401e+00 8.505548085567135597e-02
5.700000000000000000e+01 -3.080954363268408325e-01 -9.306897207916845716e+00 -2.226569511621956377e+00 1.326637011317857440e-01
5.800000000000000000e+01 -2.057489622377204619e-01 -9.506431195094181774e+00 -2.285970911032634501e+00 9.831575997411612367e-02
5.900000000000000000e+01 8.588461970942747048e-02 -9.222339788528918447e+00 -2.265785036769752292e+00 -3.518030986905558433e-02
6.000000000000000000e+01 -3.918894577701880211e-01 -9.486007044507370978e+00 -2.257543090276257658e+00 1.635335076366028206e-01
6.100000000000000000e+01 -1.480780745296922211e-02 -9.377709906806131812e+00 -2.286547889353696572e+00 -5.962051865714143063e-03
6.200000000000000000e+01 -4.325425229773507407e-01 -9.397581986390706632e+00 -2.247710519369872539e+00 9.287056095385559651e-02
6.300000000000000000e+01 -2.644484667704553437e-03 -9.729249289265167633e+00 -2.244562764332018290e+00 -5.688885845989703760e-02
6.400000000000000000e+01 3.386642644653811152e-01 -9.490628182684618608e+00 -2.252858177957024477e+00 -1.467226491076165651e-01
6.500000000000000000e+01 1.447148228058316999e-01 -9.236622211230356427e+00 -2.249684874093683007e+00 -1.134999471230735135e-01
6.600000000000000000e+01 1.304788288443278488e-01 -9.762436862285243322e+00 -2.291105525939310716e+00 -9.133069970847650099e-02
6.700000000000000000e+01 2.355716800275880207e-01 -9.761366087833630800e+00 -2.323661403806700054e+00 -1.780589855734127924e-01
6.800000000000000000e+01 -1.840514608577532296e-01 -9.084421259296149742e+00 -2.156149676372402180e+00 1.081951602439745475e-01
6.900000000000000000e+01 2.925386177464492365e-02 -9.467520473084205079e+00 -2.274525813561410370e+00 -4.663747569602093995e-02
7.000000000000000000e+01 7.739362298948750107e-02 -9.625824228952566841e+00 -2.282481683225833891e+00 -4.745533094530831469e-02
7.100000000000000000e+01 3.409394150705303828e-01 -9.542187211087647114e+00 -2.269378080363762429e+00 -8.535252776620140536e-02
7.200000000000000000e+01 -8.980564557993142571e-02 -9.396879692278927720e+00 -2.264323843185541918e+00 9.836293478170952953e-02
7.300000000000000000e+01 -4.915924458833204752e-02 -9.473022183501889515e+00 -2.280133466236435424e+00 3.441018858548548884e-04
7.400000000000000000e+01 1.540908628578876727e-01 -9.157491916876224991e+00 -2.235854627100601455e+00 1.806848594603648744e-02
7.500000000000000000e+01 2.102818119021163390e-01 -9.303112771793143665e+00 -2.261520627462941579e+00 -3.384067254598051300e-02
7.600000000000000000e+01 1.165765237293004825e-01 -9.085397499042047187e+00 -2.282490919654385220e+00 6.048787680370056215e-03
7.700000000000000000e+01 3.383541775431259113e-01 -9.234085647671591346e+00 -2.247681403689140822e+00 -8.314823046960832797e-02
7.800000000000000000e+01 2.777841193388514429e-01 -9.287455494886659224e+00 -2.277526365936340280e+00 -7.370190682607749566e-02
7.900000000000000000e+01 2.406902971469461472e-01 -9.309664380638764669e+00 -2.252916898711029070e+00 -1.146054039919691958e-01
8.000000000000000000e+01 2.908105762348376921e-01 -9.389154335727468492e+00 -2.249346512600050918e+00 -5.386099518629849231e-02
8.100000000000000000e+01 1.995447566114097737e-01 -9.411341080175679608e+00 -2.256161493140434793e+00 -6.348127855025127719e-02
8.200000000000000000e+01 4.737231455551843551e-01 -9.336109638754427564e+00 -2.272616920585832645e+00 -1.815619498854965930e-01
8.300000000000000000e+01 9.422182839666438936e-02 -9.363445380200998258e+00 -2.267239039524154620e+00 8.883996523536837053e-03
8.400000000000000000e+01 1.025773362692906504e-01 -9.060389206002220419e+00 -2.236304808734535854e+00 -1.481799092549683505e-02
8.500000000000000000e+01 6.712257467264931554e-02 -9.227349928245942579e+00 -2.282777627896163786e+00 3.235127880571094655e-02
8.600000000000000000e+01 4.088938716073256541e-01 -9.154982153955133484e+00 -2.183906969892353889e+00 -2.129743121859400679e-01
8.700000000000000000e+01 1.921655552880629780e-01 -9.258311789295905925e+00 -2.227651581582807516e+00 -1.061362654866609793e-02
8.800000000000000000e+01 9.509197134275983176e-02 -9.241194888090022985e+00 -2.245403388220577057e+00 5.315817826342980612e-02
8.900000000000000000e+01 1.351477459621971966e-01 -9.047689618779376275e+00 -2.264396208874575489e+00 -3.194154663148505990e-02
9.000000000000000000e+01 -4.631215139835585977e-03 -8.972796344711319705e+00 -2.263683927328976164e+00 1.033355035267917964e-02
9.100000000000000000e+01 3.110702362569936832e-02 -8.912425969262891101e+00 -2.184838064716983386e+00 -1.192743101313481491e-01
9.200000000000000000e+01 1.907110220258414340e-02 -9.129367809142328483e+00 -2.216012584842939503e+00 -7.313598491019691894e-02
9.300000000000000000e+01 7.722970467540334061e-02 -9.240842458648607760e+00 -2.241046982979515434e+00 -9.842921008630743651e-02
9.400000000000000000e+01 8.302041499360365145e-03 -9.164456989305548973e+00 -2.223426521637124953e+00 -7.182486104251702141e-02
9.500000000000000000e+01 -3.389568521086587516e-02 -9.361799620698597835e+00 -2.223304538472285596e+00 -2.238713228682695164e-02
9.600000000000000000e+01 2.057940000173707484e-01 -9.273370262568752409e+00 -2.237015479851541144e+00 -1.015775516309740112e-01
9.700000000000000000e+01 1.160506194501382121e-01 -9.563448752691256161e+00 -2.260211867831136701e+00 -7.538455985347189414e-02
9.800000000000000000e+01 -3.254280354139073572e-01 -9.251641988551050133e+00 -2.201262526717357559e+00 1.907449940764501528e-01
9.900000000000000000e+01 5.146320687102904495e-02 -9.403529760249114133e+00 -2.226833858066461946e+00 -1.249165525181292619e-01
1.000000000000000000e+02 -9.876475488288795346e-02 -9.438884668994166560e+00 -2.243708646840516074e+00 -3.743801887430660280e-02
1.010000000000000000e+02 -1.743241172159654961e-01 -9.320888091637078432e+00 -2.254043533827745804e+00 1.119905426601309206e-01
1.020000000000000000e+02 -8.743381880155989827e-02 -9.358124690567718673e+00 -2.266958327590094857e+00 -4.783826778204440522e-02
1.030000000000000000e+02 -1.247711881549498636e-01 -9.339440137630619532e+00 -2.248070428046510028e+00 5.809363542394865160e-02
1.040000000000000000e+02 6.519157315760362725e-02 -9.430843709378914141e+00 -2.252751823378408069e+00 -1.448071407532036114e-01
1.050000000000000000e+02 4.560605916742638960e-03 -9.154232623808029601e+00 -2.254351358827072271e+00 -7.422478725742964745e-02
1.060000000000000000e+02 -3.437691259079331263e-02 -9.188956702826040157e+00 -2.253850738923670161e+00 -1.586546819203021527e-02
1.070000000000000000e+02 5.239032909759813728e-02 -9.310572316954994321e+00 -2.272495453148876354e+00 -5.656160088161801131e-02
1.080000000000000000e+02 -3.533068152558669489e-02 -8.969092098450296646e+00 -2.251552824435964606e+00 -1.489874757411781443e-02
1.090000000000000000e+02 4.676678549354593845e-02 -9.282900563590203546e+00 -2.253982442990751345e+00 -7.097167493618083967e-02
1.100000000000000000e+02 7.863242167017589490e-02 -9.305457929340295919e+00 -2.240010061254223750e+00 -1.037808479072403339e-01
1.110000000000000000e+02 -6.279081315065861146e-02 -9.410353848147931188e+00 -2.244311764169946599e+00 -1.380233213734563189e-02
1.120000000000000000e+02 1.357846008659607286e-02 -9.218320279959327124e+00 -2.237024967924408525e+00 -4.247195091143698975e-02
1.130000000000000000e+02 -5.098800430206869988e-02 -9.386274196470964171e+00 -2.246569840709391475e+00 5.356479699221163709e-02
1.140000000000000000e+02 9.171059478050882369e-03 -9.304945248771185007e+00 -2.268580491103518781e+00 -5.846514944263141340e-03
1.150000000000000000e+02 1.542239822674073280e-01 -9.363838107138457545e+00 -2.217434261585578437e+00 -5.544611251406081354e-02
1.160000000000000000e+02 -1.387679020311713765e-02 -9.326394552863378706e+00 -2.256507636911080361e+00 7.689624352194490697e-02
1.170000000000000000e+02 -3.294085361964059488e-02 -9.435829411415424417e+00 -2.243401171910285097e+00 4.865898161846016201e-02
1.180000000000000000e+02 1.452542156323349265e-01 -9.364383124728622221e+00 -2.268301925487826054e+00 -9.373226484941984959e-02
1.190000000000000000e+02 3.912604668038259514e-02 -9.463781735074006107e+00 -2.243001153137339276e+00 7.322160880612788025e-02
1.200000000000000000e+02 -1.585480446214644233e-03 -9.542355963403723607e+00 -2.274193402832661803e+00 9.260496068298491867e-03
1.210000000000000000e+02 8.889927606872272126e-02 -9.227274850275744456e+00 -2.281839903941666137e+00 -4.865248945394971825e-02
1.220000000000000000e+02 4.250942546470089234e-02 -9.700223187847834438e+00 -2.247574031587986187e+00 -4.133715592740977440e-02
1.230000000000000000e+02 1.937920833893166201e-03 -9.400413749800925700e+00 -2.277867396621573004e+00 -2.643606389755500524e-02
1.240000000000000000e+02 1.188028115142907848e-01 -9.466246640491737807e+00 -2.274902846590157068e+00 -7.260763056648576741e-02
1.250000000000000000e+02 -2.103097495425916563e-02 -9.668703188915316105e+00 -2.255941316956268761e+00 1.035285660099092980e-01
1.260000000000000000e+02 4.874485500516285291e-02 -9.023575651673818143e+00 -2.268662396064696107e+00 -5.666545916358048385e-02
1.270000000000000000e+02 1.495509737064923406e-01 -9.464388505737318269e+00 -2.210009178529936058e+00 -1.234774122469102231e-01
1.280000000000000000e+02 7.224768667507354414e-02 -8.858923240163797175e+00 -2.247174455275207539e+00 -8.442206088448896140e-02
1.290000000000000000e+02 7.296962797061552763e-02 -8.982976144558525888e+00 -2.188454104918065468e+00 -5.214117313654401814e-03
1.300000000000000000e+02 -2.499601005430042780e-02 -8.568192727654498242e+00 -2.122970774830239549e+00 -5.666054980655254453e-02
1.310000000000000000e+02 3.058734899618412856e-02 -8.015714855732792188e+00 -2.111353029039318319e+00 -7.927767458267952205e-02
1.320000000000000000e+02 1.071631045082302308e-01 -7.731547616201305928e+00 -2.042779832547881647e+00 -1.287108104166377331e-01
1.330000000000000000e+02 4.813061810832634096e-02 -7.397879630981920585e+00 -2.008835920998053748e+00 -8.942411363655082546e-02
1.340000000000000000e+02 -1.089251012638940350e-02 -7.475624931318692212e+00 -1.915573040497292157e+00 5.715033005922163806e-04
1.350000000000000000e+02 1.185300949785867697e-01 -7.077924988405118967e+00 -1.825025388401066540e+00 -1.367599149001071379e-01
1.360000000000000000e+02 -9.700106608124930974e-02 -6.620204533173101424e+00 -1.711673649986213741e+00 7.678741981668341099e-02
1.370000000000000000e+02 -6.015978877325058038e-02 -6.202823629887118884e+00 -1.602707642492457563e+00 7.880369180886850899e-02
1.380000000000000000e+02 -1.878601065601222947e-02 -5.479918891614542709e+00 -1.498779868995018694e+00 2.634832449851864239e-02
1.390000000000000000e+02 -4.951467236084867996e-02 -4.856506320996500037e+00 -1.362572717560233349e+00 7.995777794975768293e-02
1.400000000000000000e+02 -3.933297540176820817e-02 -4.013696024880273328e+00 -1.193692923120431404e+00 2.709234144396275093e-02
1.410000000000000000e+02 4.075411614017716150e-02 -3.351497434178524859e+00 -1.039934743552239915e+00 -3.877163926721312326e-02
1.420000000000000000e+02 -1.088747709169956002e-01 -2.692872327815619027e+00 -8.992074248576474860e-01 1.231438445332325993e-01
1.430000000000000000e+02 -3.351031008447369341e-02 -2.153671555392046244e+00 -7.575750283420439324e-01 3.738936524069953748e-02
1.440000000000000000e+02 -9.578894985009146767e-02 -1.599733202727717796e+00 -6.292187307287860909e-01 1.081571522442696942e-01
1.450000000000000000e+02 -1.673404221476862755e-02 -1.139558155214451585e+00 -5.095173323386844588e-01 1.831667269197009146e-02
1.460000000000000000e+02 -7.334860591763353588e-02 -7.503474815945976317e-01 -4.048782061329211923e-01 7.555506783177565189e-02
1.470000000000000000e+02 8.351799167733028884e-02 -4.685703525749269627e-01 -2.986610196403714501e-01 -9.591962725348671115e-02
1.480000000000000000e+02 4.183502105991316819e-03 -2.303988451299688878e-01 -1.998601606430902566e-01 -4.043887879556735954e-03
1.490000000000000000e+02 3.277563617132926623e-03 -7.599623526242002547e-02 -1.002754732923537978e-01 -3.409499748004684964e-03
1.500000000000000000e+02 -0.000000000000000000e+00 -0.000000000000000000e+00 -0.000000000000000000e+00 -0.000000000000000000e+00
0.000000000000000000e+00 -3.153827644996069601e+00 -4.838613960801454894e+00 -1.653961177205046873e+00 -3.458495618468919730e-01
1.000000000000000000e+00 -2.905195934821132919e+00 -4.410761046620607750e+00 -1.543027607831060521e+00 -7.150611916581335326e-01
2.000000000000000000e+00 -2.794471074110559172e+00 -3.622134404943400554e+00 -1.412242770150535343e+00 -9.174160106216389110e-01
3.000000000000000000e+00 -2.630761530884276667e+00 -2.722882457977361614e+00 -1.269679622451979961e+00 -1.055684771932075661e+00
4.000000000000000000e+00 -2.435944911001270974e+00 -1.638038481560774029e+00 -1.129878748823362589e+00 -1.067881604962399145e+00
5.000000000000000000e+00 -1.920781480246795514e+00 -7.880208075500618747e-01 -1.011234210724664795e+00 -1.184659197703121558e+00
6.000000000000000000e+00 -1.342633106171727597e+00 3.899412528862672422e-01 -9.209397084768919939e-01 -1.048250549921536878e+00
7.000000000000000000e+00 -3.870582481104013484e-01 1.055696502399362080e+00 -8.899203203224187453e-01 -1.137306207116000945e+00
8.000000000000000000e+00 1.027801208833489355e+00 2.059029851264749578e+00 -9.163273763837339603e-01 -9.385601020447287279e-01
9.000000000000000000e+00 2.326263400904170719e+00 1.869706587654249574e+00 -9.604676571155740250e-01 -1.133444343373422480e+00
1.000000000000000000e+01 3.864664497729769277e+00 1.370818128988334772e+00 -1.037006061958016589e+00 -1.194032122577979305e+00
1.100000000000000000e+01 5.230974893301372219e+00 1.555702044893315372e-01 -1.160601377159717007e+00 -1.324801676770401393e+00
1.200000000000000000e+01 6.652339442219378896e+00 -1.494966513694503174e+00 -1.329557359697644880e+00 -1.307513714991364484e+00
1.300000000000000000e+01 7.796872366125562337e+00 -3.724965258271232926e+00 -1.555026419478742428e+00 -1.163112531163152052e+00
1.400000000000000000e+01 7.443126403758606457e+00 -5.883494200823770726e+00 -1.736771848887181058e+00 -1.153118741769141087e+00
1.500000000000000000e+01 6.512011941304104212e+00 -7.448899029628019086e+00 -1.884283949549365733e+00 -1.049730874103557809e+00
1.600000000000000000e+01 5.140240699202134778e+00 -7.629404361465732087e+00 -1.865675631420826042e+00 -8.851267642496023491e-01
1.700000000000000000e+01 4.277798734727817909e+00 -7.778350115907742612e+00 -1.893924703574066504e+00 -6.646216487306901843e-01
1.800000000000000000e+01 3.616746497392153703e+00 -7.365158287727842534e+00 -1.913129046600118288e+00 -6.315312225857891981e-01
1.900000000000000000e+01 3.287538005591706280e+00 -6.869385295493154686e+00 -1.910665662536265463e+00 -5.383852027518613026e-01
2.000000000000000000e+01 3.364404304312337057e+00 -5.706771853135432337e+00 -1.887409958847198643e+00 -8.237803999280768341e-01
2.100000000000000000e+01 3.637936913676626638e+00 -4.822357284514357190e+00 -1.853999505469335229e+00 -9.374703247050877319e-01
2.200000000000000000e+01 3.908371972838951436e+00 -4.047572852342159244e+00 -1.783650994153625158e+00 -8.427695699776422966e-01
2.300000000000000000e+01 4.041866898132876251e+00 -3.411195654166967905e+00 -1.681087924174446524e+00 -6.075786509512246525e-01
2.400000000000000000e+01 4.029014722582848762e+00 -2.702305749448711936e+00 -1.557256088244544312e+00 -3.318407172400472116e-01
2.500000000000000000e+01 3.874954042989450009e+00 -1.941442977847434248e+00 -1.415720215663103687e+00 -4.070579322468099309e-02
2.600000000000000000e+01 3.364210006977730760e+00 -1.238724020872281395e+00 -1.255058482176483636e+00 4.373703680846386388e-01
2.700000000000000000e+01 2.904844166423610208e+00 -4.679249675962836585e-01 -1.096910029763699557e+00 4.852422131410036865e-01
2.800000000000000000e+01 2.265907007207589974e+00 3.021588292080385485e-01 -9.507980311340079593e-01 6.530062359298021146e-01
2.900000000000000000e+01 1.604429358386298521e+00 1.055661282048212968e+00 -8.410873374185734441e-01 5.817372224120209712e-01
3.000000000000000000e+01 5.649008190112673189e-01 1.726221903049802053e+00 -8.127778015292622671e-01 9.332758905189906251e-01
3.100000000000000000e+01 -3.519809790405313832e-01 2.042994658455929091e+00 -8.127811237852418103e-01 1.075728988924759211e+00
3.200000000000000000e+01 -9.637810864781896081e-01 1.691628899509791450e+00 -7.619807469821520129e-01 1.450337215140572011e+00
3.300000000000000000e+01 -2.180149702783999111e+00 1.628196099142505959e+00 -8.499993212252215935e-01 1.694444719812738587e+00
3.400000000000000000e+01 -2.869617265847849819e+00 1.047240907869568360e+00 -8.699756647080241212e-01 2.018432109338172520e+00
3.500000000000000000e+01 -3.225011049669311625e+00 6.556051891335271664e-01 -9.100490621845074291e-01 2.150683804012051503e+00
3.600000000000000000e+01 -4.807538058410010251e+00 1.037540307311721893e-01 -9.818225736630560307e-01 1.839141190454091968e+00
3.700000000000000000e+01 -6.004668188754242131e+00 -1.385940094999665639e+00 -1.125448448745954844e+00 1.915953413491739532e+00
3.800000000000000000e+01 -7.567944847991721957e+00 -3.777109435212914867e+00 -1.377649535960100868e+00 1.700583190931340027e+00
3.900000000000000000e+01 -8.083738463004113584e+00 -6.436378337122841131e+00 -1.676033057668115722e+00 1.701228368262658108e+00
4.000000000000000000e+01 -7.309475624365651569e+00 -8.440271310270745175e+00 -1.804885170785957005e+00 1.517780136250590939e+00
4.100000000000000000e+01 -5.287465214742711694e+00 -9.990522361082380343e+00 -1.880012510850990415e+00 7.397926192197541440e-01
4.200000000000000000e+01 -3.554136267043394692e+00 -9.717331453818427889e+00 -1.822752570216242596e+00 6.439517266758257863e-01
4.300000000000000000e+01 -3.213562450673289383e+00 -9.951329317695288168e+00 -1.881847695194353909e+00 4.219607185295688456e-01
4.400000000000000000e+01 -1.633528001442577038e+00 -1.058848542021910788e+01 -2.028894364268384098e+00 -5.818688724758706854e-02
4.500000000000000000e+01 -1.341068589047080151e+00 -1.043894844278023903e+01 -2.107097451393732168e+00 6.379262068623073323e-02
4.600000000000000000e+01 -4.954630284671973084e-01 -9.962782604031861666e+00 -2.105420908431300475e+00 2.133237267397087855e-01
4.700000000000000000e+01 -7.480087267367967474e-01 -9.896699756443128493e+00 -2.166561662207450834e+00 2.271838826223349650e-01
4.800000000000000000e+01 -2.236224683712962347e-01 -9.942129512620137888e+00 -2.207544370523423005e+00 1.352179740001304142e-01
4.900000000000000000e+01 -3.886983709735755133e-01 -9.718916004092761796e+00 -2.230097020341284875e+00 2.042760763206877273e-01
5.000000000000000000e+01 -3.897278113756686979e-01 -9.907893223255257453e+00 -2.238836021129896992e+00 3.682968260732558674e-01
5.100000000000000000e+01 -2.102188215503497659e-01 -9.348983072311803255e+00 -2.258247870046183881e+00 1.147165546281182780e-01
5.200000000000000000e+01 -2.350326630468181355e-01 -9.216377272835819312e+00 -2.263989394576566561e+00 1.568649272176772802e-01
5.300000000000000000e+01 -1.898868094305858623e-01 -9.484238426074181660e+00 -2.242809471329803017e+00 8.212723740720384580e-02
5.400000000000000000e+01 -4.849460381057654756e-01 -9.446944865285301418e+00 -2.258519653475891342e+00 1.318496293024807309e-01
5.500000000000000000e+01 -3.748177638560567515e-01 -9.869265202444680085e+00 -2.254570957280348065e+00 2.945639811105874584e-01
5.600000000000000000e+01 -4.336141320098806373e-01 -9.300423297077641038e+00 -2.286617686278742401e+00 8.505548085567135597e-02
5.700000000000000000e+01 -3.080954363268408325e-01 -9.306897207916845716e+00 -2.226569511621956377e+00 1.326637011317857440e-01
5.800000000000000000e+01 -2.057489622377204619e-01 -9.506431195094181774e+00 -2.285970911032634501e+00 9.831575997411612367e-02
5.900000000000000000e+01 8.588461970942747048e-02 -9.222339788528918447e+00 -2.265785036769752292e+00 -3.518030986905558433e-02
6.000000000000000000e+01 -3.918894577701880211e-01 -9.486007044507370978e+00 -2.257543090276257658e+00 1.635335076366028206e-01
6.100000000000000000e+01 -1.480780745296922211e-02 -9.377709906806131812e+00 -2.286547889353696572e+00 -5.962051865714143063e-03
6.200000000000000000e+01 -4.325425229773507407e-01 -9.397581986390706632e+00 -2.247710519369872539e+00 9.287056095385559651e-02
6.300000000000000000e+01 -2.644484667704553437e-03 -9.729249289265167633e+00 -2.244562764332018290e+00 -5.688885845989703760e-02
6.400000000000000000e+01 3.386642644653811152e-01 -9.490628182684618608e+00 -2.252858177957024477e+00 -1.467226491076165651e-01
6.500000000000000000e+01 1.447148228058316999e-01 -9.236622211230356427e+00 -2.249684874093683007e+00 -1.134999471230735135e-01
6.600000000000000000e+01 1.304788288443278488e-01 -9.762436862285243322e+00 -2.291105525939310716e+00 -9.133069970847650099e-02
6.700000000000000000e+01 2.355716800275880207e-01 -9.761366087833630800e+00 -2.323661403806700054e+00 -1.780589855734127924e-01
6.800000000000000000e+01 -1.840514608577532296e-01 -9.084421259296149742e+00 -2.156149676372402180e+00 1.081951602439745475e-01
6.900000000000000000e+01 2.925386177464492365e-02 -9.467520473084205079e+00 -2.274525813561410370e+00 -4.663747569602093995e-02
7.000000000000000000e+01 7.739362298948750107e-02 -9.625824228952566841e+00 -2.282481683225833891e+00 -4.745533094530831469e-02
7.100000000000000000e+01 3.409394150705303828e-01 -9.542187211087647114e+00 -2.269378080363762429e+00 -8.535252776620140536e-02
7.200000000000000000e+01 -8.980564557993142571e-02 -9.396879692278927720e+00 -2.264323843185541918e+00 9.836293478170952953e-02
7.300000000000000000e+01 -4.915924458833204752e-02 -9.473022183501889515e+00 -2.280133466236435424e+00 3.441018858548548884e-04
7.400000000000000000e+01 1.540908628578876727e-01 -9.157491916876224991e+00 -2.235854627100601455e+00 1.806848594603648744e-02
7.500000000000000000e+01 2.102818119021163390e-01 -9.303112771793143665e+00 -2.261520627462941579e+00 -3.384067254598051300e-02
7.600000000000000000e+01 1.165765237293004825e-01 -9.085397499042047187e+00 -2.282490919654385220e+00 6.048787680370056215e-03
7.700000000000000000e+01 3.383541775431259113e-01 -9.234085647671591346e+00 -2.247681403689140822e+00 -8.314823046960832797e-02
7.800000000000000000e+01 2.777841193388514429e-01 -9.287455494886659224e+00 -2.277526365936340280e+00 -7.370190682607749566e-02
7.900000000000000000e+01 2.406902971469461472e-01 -9.309664380638764669e+00 -2.252916898711029070e+00 -1.146054039919691958e-01
8.000000000000000000e+01 2.908105762348376921e-01 -9.389154335727468492e+00 -2.249346512600050918e+00 -5.386099518629849231e-02
8.100000000000000000e+01 1.995447566114097737e-01 -9.411341080175679608e+00 -2.256161493140434793e+00 -6.348127855025127719e-02
8.200000000000000000e+01 4.737231455551843551e-01 -9.336109638754427564e+00 -2.272616920585832645e+00 -1.815619498854965930e-01
8.300000000000000000e+01 9.422182839666438936e-02 -9.363445380200998258e+00 -2.267239039524154620e+00 8.883996523536837053e-03
8.400000000000000000e+01 1.025773362692906504e-01 -9.060389206002220419e+00 -2.236304808734535854e+00 -1.481799092549683505e-02
8.500000000000000000e+01 6.712257467264931554e-02 -9.227349928245942579e+00 -2.282777627896163786e+00 3.235127880571094655e-02
8.600000000000000000e+01 4.088938716073256541e-01 -9.154982153955133484e+00 -2.183906969892353889e+00 -2.129743121859400679e-01
8.700000000000000000e+01 1.921655552880629780e-01 -9.258311789295905925e+00 -2.227651581582807516e+00 -1.061362654866609793e-02
8.800000000000000000e+01 9.509197134275983176e-02 -9.241194888090022985e+00 -2.245403388220577057e+00 5.315817826342980612e-02
8.900000000000000000e+01 1.351477459621971966e-01 -9.047689618779376275e+00 -2.264396208874575489e+00 -3.194154663148505990e-02
9.000000000000000000e+01 -4.631215139835585977e-03 -8.972796344711319705e+00 -2.263683927328976164e+00 1.033355035267917964e-02
9.100000000000000000e+01 3.110702362569936832e-02 -8.912425969262891101e+00 -2.184838064716983386e+00 -1.192743101313481491e-01
9.200000000000000000e+01 1.907110220258414340e-02 -9.129367809142328483e+00 -2.216012584842939503e+00 -7.313598491019691894e-02
9.300000000000000000e+01 7.722970467540334061e-02 -9.240842458648607760e+00 -2.241046982979515434e+00 -9.842921008630743651e-02
9.400000000000000000e+01 8.302041499360365145e-03 -9.164456989305548973e+00 -2.223426521637124953e+00 -7.182486104251702141e-02
9.500000000000000000e+01 -3.389568521086587516e-02 -9.361799620698597835e+00 -2.223304538472285596e+00 -2.238713228682695164e-02
9.600000000000000000e+01 2.057940000173707484e-01 -9.273370262568752409e+00 -2.237015479851541144e+00 -1.015775516309740112e-01
9.700000000000000000e+01 1.160506194501382121e-01 -9.563448752691256161e+00 -2.260211867831136701e+00 -7.538455985347189414e-02
9.800000000000000000e+01 -3.254280354139073572e-01 -9.251641988551050133e+00 -2.201262526717357559e+00 1.907449940764501528e-01
9.900000000000000000e+01 5.146320687102904495e-02 -9.403529760249114133e+00 -2.226833858066461946e+00 -1.249165525181292619e-01
1.000000000000000000e+02 -9.876475488288795346e-02 -9.438884668994166560e+00 -2.243708646840516074e+00 -3.743801887430660280e-02
1.010000000000000000e+02 -1.743241172159654961e-01 -9.320888091637078432e+00 -2.254043533827745804e+00 1.119905426601309206e-01
1.020000000000000000e+02 -8.743381880155989827e-02 -9.358124690567718673e+00 -2.266958327590094857e+00 -4.783826778204440522e-02
1.030000000000000000e+02 -1.247711881549498636e-01 -9.339440137630619532e+00 -2.248070428046510028e+00 5.809363542394865160e-02
1.040000000000000000e+02 6.519157315760362725e-02 -9.430843709378914141e+00 -2.252751823378408069e+00 -1.448071407532036114e-01
1.050000000000000000e+02 4.560605916742638960e-03 -9.154232623808029601e+00 -2.254351358827072271e+00 -7.422478725742964745e-02
1.060000000000000000e+02 -3.437691259079331263e-02 -9.188956702826040157e+00 -2.253850738923670161e+00 -1.586546819203021527e-02
1.070000000000000000e+02 5.239032909759813728e-02 -9.310572316954994321e+00 -2.272495453148876354e+00 -5.656160088161801131e-02
1.080000000000000000e+02 -3.533068152558669489e-02 -8.969092098450296646e+00 -2.251552824435964606e+00 -1.489874757411781443e-02
1.090000000000000000e+02 4.676678549354593845e-02 -9.282900563590203546e+00 -2.253982442990751345e+00 -7.097167493618083967e-02
1.100000000000000000e+02 7.863242167017589490e-02 -9.305457929340295919e+00 -2.240010061254223750e+00 -1.037808479072403339e-01
1.110000000000000000e+02 -6.279081315065861146e-02 -9.410353848147931188e+00 -2.244311764169946599e+00 -1.380233213734563189e-02
1.120000000000000000e+02 1.357846008659607286e-02 -9.218320279959327124e+00 -2.237024967924408525e+00 -4.247195091143698975e-02
1.130000000000000000e+02 -5.098800430206869988e-02 -9.386274196470964171e+00 -2.246569840709391475e+00 5.356479699221163709e-02
1.140000000000000000e+02 9.171059478050882369e-03 -9.304945248771185007e+00 -2.268580491103518781e+00 -5.846514944263141340e-03
1.150000000000000000e+02 1.542239822674073280e-01 -9.363838107138457545e+00 -2.217434261585578437e+00 -5.544611251406081354e-02
1.160000000000000000e+02 -1.387679020311713765e-02 -9.326394552863378706e+00 -2.256507636911080361e+00 7.689624352194490697e-02
1.170000000000000000e+02 -3.294085361964059488e-02 -9.435829411415424417e+00 -2.243401171910285097e+00 4.865898161846016201e-02
1.180000000000000000e+02 1.452542156323349265e-01 -9.364383124728622221e+00 -2.268301925487826054e+00 -9.373226484941984959e-02
1.190000000000000000e+02 3.912604668038259514e-02 -9.463781735074006107e+00 -2.243001153137339276e+00 7.322160880612788025e-02
1.200000000000000000e+02 -1.585480446214644233e-03 -9.542355963403723607e+00 -2.274193402832661803e+00 9.260496068298491867e-03
1.210000000000000000e+02 8.889927606872272126e-02 -9.227274850275744456e+00 -2.281839903941666137e+00 -4.865248945394971825e-02
1.220000000000000000e+02 4.250942546470089234e-02 -9.700223187847834438e+00 -2.247574031587986187e+00 -4.133715592740977440e-02
1.230000000000000000e+02 1.937920833893166201e-03 -9.400413749800925700e+00 -2.277867396621573004e+00 -2.643606389755500524e-02
1.240000000000000000e+02 1.188028115142907848e-01 -9.466246640491737807e+00 -2.274902846590157068e+00 -7.260763056648576741e-02
1.250000000000000000e+02 -2.103097495425916563e-02 -9.668703188915316105e+00 -2.255941316956268761e+00 1.035285660099092980e-01
1.260000000000000000e+02 4.874485500516285291e-02 -9.023575651673818143e+00 -2.268662396064696107e+00 -5.666545916358048385e-02
1.270000000000000000e+02 1.495509737064923406e-01 -9.464388505737318269e+00 -2.210009178529936058e+00 -1.234774122469102231e-01
1.280000000000000000e+02 7.224768667507354414e-02 -8.858923240163797175e+00 -2.247174455275207539e+00 -8.442206088448896140e-02
1.290000000000000000e+02 7.296962797061552763e-02 -8.982976144558525888e+00 -2.188454104918065468e+00 -5.214117313654401814e-03
1.300000000000000000e+02 -2.499601005430042780e-02 -8.568192727654498242e+00 -2.122970774830239549e+00 -5.666054980655254453e-02
1.310000000000000000e+02 3.058734899618412856e-02 -8.015714855732792188e+00 -2.111353029039318319e+00 -7.927767458267952205e-02
1.320000000000000000e+02 1.071631045082302308e-01 -7.731547616201305928e+00 -2.042779832547881647e+00 -1.287108104166377331e-01
1.330000000000000000e+02 4.813061810832634096e-02 -7.397879630981920585e+00 -2.008835920998053748e+00 -8.942411363655082546e-02
1.340000000000000000e+02 -1.089251012638940350e-02 -7.475624931318692212e+00 -1.915573040497292157e+00 5.715033005922163806e-04
1.350000000000000000e+02 1.185300949785867697e-01 -7.077924988405118967e+00 -1.825025388401066540e+00 -1.367599149001071379e-01
1.360000000000000000e+02 -9.700106608124930974e-02 -6.620204533173101424e+00 -1.711673649986213741e+00 7.678741981668341099e-02
1.370000000000000000e+02 -6.015978877325058038e-02 -6.202823629887118884e+00 -1.602707642492457563e+00 7.880369180886850899e-02
1.380000000000000000e+02 -1.878601065601222947e-02 -5.479918891614542709e+00 -1.498779868995018694e+00 2.634832449851864239e-02
1.390000000000000000e+02 -4.951467236084867996e-02 -4.856506320996500037e+00 -1.362572717560233349e+00 7.995777794975768293e-02
1.400000000000000000e+02 -3.933297540176820817e-02 -4.013696024880273328e+00 -1.193692923120431404e+00 2.709234144396275093e-02
1.410000000000000000e+02 4.075411614017716150e-02 -3.351497434178524859e+00 -1.039934743552239915e+00 -3.877163926721312326e-02
1.420000000000000000e+02 -1.088747709169956002e-01 -2.692872327815619027e+00 -8.992074248576474860e-01 1.231438445332325993e-01
1.430000000000000000e+02 -3.351031008447369341e-02 -2.153671555392046244e+00 -7.575750283420439324e-01 3.738936524069953748e-02
1.440000000000000000e+02 -9.578894985009146767e-02 -1.599733202727717796e+00 -6.292187307287860909e-01 1.081571522442696942e-01
1.450000000000000000e+02 -1.673404221476862755e-02 -1.139558155214451585e+00 -5.095173323386844588e-01 1.831667269197009146e-02
1.460000000000000000e+02 -7.334860591763353588e-02 -7.503474815945976317e-01 -4.048782061329211923e-01 7.555506783177565189e-02
1.470000000000000000e+02 8.351799167733028884e-02 -4.685703525749269627e-01 -2.986610196403714501e-01 -9.591962725348671115e-02
1.480000000000000000e+02 4.183502105991316819e-03 -2.303988451299688878e-01 -1.998601606430902566e-01 -4.043887879556735954e-03
1.490000000000000000e+02 3.277563617132926623e-03 -7.599623526242002547e-02 -1.002754732923537978e-01 -3.409499748004684964e-03
1.500000000000000000e+02 -0.000000000000000000e+00 -0.000000000000000000e+00 -0.000000000000000000e+00 -0.000000000000000000e+00
0.000000000000000000e+00 -3.153827644996069601e+00 -4.838613960801454894e+00 -1.653961177205046873e+00 -3.458495618468919730e-01
1.000000000000000000e+00 -2.905195934821132919e+00 -4.410761046620607750e+00 -1.543027607831060521e+00 -7.150611916581335326e-01
2.000000000000000000e+00 -2.794471074110559172e+00 -3.622134404943400554e+00 -1.412242770150535343e+00 -9.174160106216389110e-01
3.000000000000000000e+00 -2.630761530884276667e+00 -2.722882457977361614e+00 -1.269679622451979961e+00 -1.055684771932075661e+00
4.000000000000000000e+00 -2.435944911001270974e+00 -1.638038481560774029e+00 -1.129878748823362589e+00 -1.067881604962399145e+00
5.000000000000000000e+00 -1.920781480246795514e+00 -7.880208075500618747e-01 -1.011234210724664795e+00 -1.184659197703121558e+00
6.000000000000000000e+00 -1.342633106171727597e+00 3.899412528862672422e-01 -9.209397084768919939e-01 -1.048250549921536878e+00
7.000000000000000000e+00 -3.870582481104013484e-01 1.055696502399362080e+00 -8.899203203224187453e-01 -1.137306207116000945e+00
8.000000000000000000e+00 1.027801208833489355e+00 2.059029851264749578e+00 -9.163273763837339603e-01 -9.385601020447287279e-01
9.000000000000000000e+00 2.326263400904170719e+00 1.869706587654249574e+00 -9.604676571155740250e-01 -1.133444343373422480e+00
1.000000000000000000e+01 3.864664497729769277e+00 1.370818128988334772e+00 -1.037006061958016589e+00 -1.194032122577979305e+00
1.100000000000000000e+01 5.230974893301372219e+00 1.555702044893315372e-01 -1.160601377159717007e+00 -1.324801676770401393e+00
1.200000000000000000e+01 6.652339442219378896e+00 -1.494966513694503174e+00 -1.329557359697644880e+00 -1.307513714991364484e+00
1.300000000000000000e+01 7.796872366125562337e+00 -3.724965258271232926e+00 -1.555026419478742428e+00 -1.163112531163152052e+00
1.400000000000000000e+01 7.443126403758606457e+00 -5.883494200823770726e+00 -1.736771848887181058e+00 -1.153118741769141087e+00
1.500000000000000000e+01 6.512011941304104212e+00 -7.448899029628019086e+00 -1.884283949549365733e+00 -1.049730874103557809e+00
1.600000000000000000e+01 5.140240699202134778e+00 -7.629404361465732087e+00 -1.865675631420826042e+00 -8.851267642496023491e-01
1.700000000000000000e+01 4.277798734727817909e+00 -7.778350115907742612e+00 -1.893924703574066504e+00 -6.646216487306901843e-01
1.800000000000000000e+01 3.616746497392153703e+00 -7.365158287727842534e+00 -1.913129046600118288e+00 -6.315312225857891981e-01
1.900000000000000000e+01 3.287538005591706280e+00 -6.869385295493154686e+00 -1.910665662536265463e+00 -5.383852027518613026e-01
2.000000000000000000e+01 3.364404304312337057e+00 -5.706771853135432337e+00 -1.887409958847198643e+00 -8.237803999280768341e-01
2.100000000000000000e+01 3.637936913676626638e+00 -4.822357284514357190e+00 -1.853999505469335229e+00 -9.374703247050877319e-01
2.200000000000000000e+01 3.908371972838951436e+00 -4.047572852342159244e+00 -1.783650994153625158e+00 -8.427695699776422966e-01
2.300000000000000000e+01 4.041866898132876251e+00 -3.411195654166967905e+00 -1.681087924174446524e+00 -6.075786509512246525e-01
2.400000000000000000e+01 4.029014722582848762e+00 -2.702305749448711936e+00 -1.557256088244544312e+00 -3.318407172400472116e-01
2.500000000000000000e+01 3.874954042989450009e+00 -1.941442977847434248e+00 -1.415720215663103687e+00 -4.070579322468099309e-02
2.600000000000000000e+01 3.364210006977730760e+00 -1.238724020872281395e+00 -1.255058482176483636e+00 4.373703680846386388e-01
2.700000000000000000e+01 2.904844166423610208e+00 -4.679249675962836585e-01 -1.096910029763699557e+00 4.852422131410036865e-01
2.800000000000000000e+01 2.265907007207589974e+00 3.021588292080385485e-01 -9.507980311340079593e-01 6.530062359298021146e-01
2.900000000000000000e+01 1.604429358386298521e+00 1.055661282048212968e+00 -8.410873374185734441e-01 5.817372224120209712e-01
3.000000000000000000e+01 5.649008190112673189e-01 1.726221903049802053e+00 -8.127778015292622671e-01 9.332758905189906251e-01
3.100000000000000000e+01 -3.519809790405313832e-01 2.042994658455929091e+00 -8.127811237852418103e-01 1.075728988924759211e+00
3.200000000000000000e+01 -9.637810864781896081e-01 1.691628899509791450e+00 -7.619807469821520129e-01 1.450337215140572011e+00
3.300000000000000000e+01 -2.180149702783999111e+00 1.628196099142505959e+00 -8.499993212252215935e-01 1.694444719812738587e+00
3.400000000000000000e+01 -2.869617265847849819e+00 1.047240907869568360e+00 -8.699756647080241212e-01 2.018432109338172520e+00
3.500000000000000000e+01 -3.225011049669311625e+00 6.556051891335271664e-01 -9.100490621845074291e-01 2.150683804012051503e+00
3.600000000000000000e+01 -4.807538058410010251e+00 1.037540307311721893e-01 -9.818225736630560307e-01 1.839141190454091968e+00
3.700000000000000000e+01 -6.004668188754242131e+00 -1.385940094999665639e+00 -1.125448448745954844e+00 1.915953413491739532e+00
3.800000000000000000e+01 -7.567944847991721957e+00 -3.777109435212914867e+00 -1.377649535960100868e+00 1.700583190931340027e+00
3.900000000000000000e+01 -8.083738463004113584e+00 -6.436378337122841131e+00 -1.676033057668115722e+00 1.701228368262658108e+00
4.000000000000000000e+01 -7.309475624365651569e+00 -8.440271310270745175e+00 -1.804885170785957005e+00 1.517780136250590939e+00
4.100000000000000000e+01 -5.287465214742711694e+00 -9.990522361082380343e+00 -1.880012510850990415e+00 7.397926192197541440e-01
4.200000000000000000e+01 -3.554136267043394692e+00 -9.717331453818427889e+00 -1.822752570216242596e+00 6.439517266758257863e-01
4.300000000000000000e+01 -3.213562450673289383e+00 -9.951329317695288168e+00 -1.881847695194353909e+00 4.219607185295688456e-01
4.400000000000000000e+01 -1.633528001442577038e+00 -1.058848542021910788e+01 -2.028894364268384098e+00 -5.818688724758706854e-02
4.500000000000000000e+01 -1.341068589047080151e+00 -1.043894844278023903e+01 -2.107097451393732168e+00 6.379262068623073323e-02
4.600000000000000000e+01 -4.954630284671973084e-01 -9.962782604031861666e+00 -2.105420908431300475e+00 2.133237267397087855e-01
4.700000000000000000e+01 -7.480087267367967474e-01 -9.896699756443128493e+00 -2.166561662207450834e+00 2.271838826223349650e-01
4.800000000000000000e+01 -2.236224683712962347e-01 -9.942129512620137888e+00 -2.207544370523423005e+00 1.352179740001304142e-01
4.900000000000000000e+01 -3.886983709735755133e-01 -9.718916004092761796e+00 -2.230097020341284875e+00 2.042760763206877273e-01
5.000000000000000000e+01 -3.897278113756686979e-01 -9.907893223255257453e+00 -2.238836021129896992e+00 3.682968260732558674e-01
5.100000000000000000e+01 -2.102188215503497659e-01 -9.348983072311803255e+00 -2.258247870046183881e+00 1.147165546281182780e-01
5.200000000000000000e+01 -2.350326630468181355e-01 -9.216377272835819312e+00 -2.263989394576566561e+00 1.568649272176772802e-01
5.300000000000000000e+01 -1.898868094305858623e-01 -9.484238426074181660e+00 -2.242809471329803017e+00 8.212723740720384580e-02
5.400000000000000000e+01 -4.849460381057654756e-01 -9.446944865285301418e+00 -2.258519653475891342e+00 1.318496293024807309e-01
5.500000000000000000e+01 -3.748177638560567515e-01 -9.869265202444680085e+00 -2.254570957280348065e+00 2.945639811105874584e-01
5.600000000000000000e+01 -4.336141320098806373e-01 -9.300423297077641038e+00 -2.286617686278742401e+00 8.505548085567135597e-02
5.700000000000000000e+01 -3.080954363268408325e-01 -9.306897207916845716e+00 -2.226569511621956377e+00 1.326637011317857440e-01
5.800000000000000000e+01 -2.057489622377204619e-01 -9.506431195094181774e+00 -2.285970911032634501e+00 9.831575997411612367e-02
5.900000000000000000e+01 8.588461970942747048e-02 -9.222339788528918447e+00 -2.265785036769752292e+00 -3.518030986905558433e-02
6.000000000000000000e+01 -3.918894577701880211e-01 -9.486007044507370978e+00 -2.257543090276257658e+00 1.635335076366028206e-01
6.100000000000000000e+01 -1.480780745296922211e-02 -9.377709906806131812e+00 -2.286547889353696572e+00 -5.962051865714143063e-03
6.200000000000000000e+01 -4.325425229773507407e-01 -9.397581986390706632e+00 -2.247710519369872539e+00 9.287056095385559651e-02
6.300000000000000000e+01 -2.644484667704553437e-03 -9.729249289265167633e+00 -2.244562764332018290e+00 -5.688885845989703760e-02
6.400000000000000000e+01 3.386642644653811152e-01 -9.490628182684618608e+00 -2.252858177957024477e+00 -1.467226491076165651e-01
6.500000000000000000e+01 1.447148228058316999e-01 -9.236622211230356427e+00 -2.249684874093683007e+00 -1.134999471230735135e-01
6.600000000000000000e+01 1.304788288443278488e-01 -9.762436862285243322e+00 -2.291105525939310716e+00 -9.133069970847650099e-02
6.700000000000000000e+01 2.355716800275880207e-01 -9.761366087833630800e+00 -2.323661403806700054e+00 -1.780589855734127924e-01
6.800000000000000000e+01 -1.840514608577532296e-01 -9.084421259296149742e+00 -2.156149676372402180e+00 1.081951602439745475e-01
6.900000000000000000e+01 2.925386177464492365e-02 -9.467520473084205079e+00 -2.274525813561410370e+00 -4.663747569602093995e-02
7.000000000000000000e+01 7.739362298948750107e-02 -9.625824228952566841e+00 -2.282481683225833891e+00 -4.745533094530831469e-02
7.100000000000000000e+01 3.409394150705303828e-01 -9.542187211087647114e+00 -2.269378080363762429e+00 -8.535252776620140536e-02
7.200000000000000000e+01 -8.980564557993142571e-02 -9.396879692278927720e+00 -2.264323843185541918e+00 9.836293478170952953e-02
7.300000000000000000e+01 -4.915924458833204752e-02 -9.473022183501889515e+00 -2.280133466236435424e+00 3.441018858548548884e-04
7.400000000000000000e+01 1.540908628578876727e-01 -9.157491916876224991e+00 -2.235854627100601455e+00 1.806848594603648744e-02
7.500000000000000000e+01 2.102818119021163390e-01 -9.303112771793143665e+00 -2.261520627462941579e+00 -3.384067254598051300e-02
7.600000000000000000e+01 1.165765237293004825e-01 -9.085397499042047187e+00 -2.282490919654385220e+00 6.048787680370056215e-03
7.700000000000000000e+01 3.383541775431259113e-01 -9.234085647671591346e+00 -2.247681403689140822e+00 -8.314823046960832797e-02
7.800000000000000000e+01 2.777841193388514429e-01 -9.287455494886659224e+00 -2.277526365936340280e+00 -7.370190682607749566e-02
7.900000000000000000e+01 2.406902971469461472e-01 -9.309664380638764669e+00 -2.252916898711029070e+00 -1.146054039919691958e-01
8.000000000000000000e+01 2.908105762348376921e-01 -9.389154335727468492e+00 -2.249346512600050918e+00 -5.386099518629849231e-02
8.100000000000000000e+01 1.995447566114097737e-01 -9.411341080175679608e+00 -2.256161493140434793e+00 -6.348127855025127719e-02
8.200000000000000000e+01 4.737231455551843551e-01 -9.336109638754427564e+00 -2.272616920585832645e+00 -1.815619498854965930e-01
8.300000000000000000e+01 9.422182839666438936e-02 -9.363445380200998258e+00 -2.267239039524154620e+00 8.883996523536837053e-03
8.400000000000000000e+01 1.025773362692906504e-01 -9.060389206002220419e+00 -2.236304808734535854e+00 -1.481799092549683505e-02
8.500000000000000000e+01 6.712257467264931554e-02 -9.227349928245942579e+00 -2.282777627896163786e+00 3.235127880571094655e-02
8.600000000000000000e+01 4.088938716073256541e-01 -9.154982153955133484e+00 -2.183906969892353889e+00 -2.129743121859400679e-01
8.700000000000000000e+01 1.921655552880629780e-01 -9.258311789295905925e+00 -2.227651581582807516e+00 -1.061362654866609793e-02
8.800000000000000000e+01 9.509197134275983176e-02 -9.241194888090022985e+00 -2.245403388220577057e+00 5.315817826342980612e-02
8.900000000000000000e+01 1.351477459621971966e-01 -9.047689618779376275e+00 -2.264396208874575489e+00 -3.194154663148505990e-02
9.000000000000000000e+01 -4.631215139835585977e-03 -8.972796344711319705e+00 -2.263683927328976164e+00 1.033355035267917964e-02
9.100000000000000000e+01 3.110702362569936832e-02 -8.912425969262891101e+00 -2.184838064716983386e+00 -1.192743101313481491e-01
9.200000000000000000e+01 1.907110220258414340e-02 -9.129367809142328483e+00 -2.216012584842939503e+00 -7.313598491019691894e-02
9.300000000000000000e+01 7.722970467540334061e-02 -9.240842458648607760e+00 -2.241046982979515434e+00 -9.842921008630743651e-02
9.400000000000000000e+01 8.302041499360365145e-03 -9.164456989305548973e+00 -2.223426521637124953e+00 -7.182486104251702141e-02
9.500000000000000000e+01 -3.389568521086587516e-02 -9.361799620698597835e+00 -2.223304538472285596e+00 -2.238713228682695164e-02
9.600000000000000000e+01 2.057940000173707484e-01 -9.273370262568752409e+00 -2.237015479851541144e+00 -1.015775516309740112e-01
9.700000000000000000e+01 1.160506194501382121e-01 -9.563448752691256161e+00 -2.260211867831136701e+00 -7.538455985347189414e-02
9.800000000000000000e+01 -3.254280354139073572e-01 -9.251641988551050133e+00 -2.201262526717357559e+00 1.907449940764501528e-01
9.900000000000000000e+01 5.146320687102904495e-02 -9.403529760249114133e+00 -2.226833858066461946e+00 -1.249165525181292619e-01
1.000000000000000000e+02 -9.876475488288795346e-02 -9.438884668994166560e+00 -2.243708646840516074e+00 -3.743801887430660280e-02
1.010000000000000000e+02 -1.743241172159654961e-01 -9.320888091637078432e+00 -2.254043533827745804e+00 1.119905426601309206e-01
1.020000000000000000e+02 -8.743381880155989827e-02 -9.358124690567718673e+00 -2.266958327590094857e+00 -4.783826778204440522e-02
1.030000000000000000e+02 -1.247711881549498636e-01 -9.339440137630619532e+00 -2.248070428046510028e+00 5.809363542394865160e-02
1.040000000000000000e+02 6.519157315760362725e-02 -9.430843709378914141e+00 -2.252751823378408069e+00 -1.448071407532036114e-01
1.050000000000000000e+02 4.560605916742638960e-03 -9.154232623808029601e+00 -2.254351358827072271e+00 -7.422478725742964745e-02
1.060000000000000000e+02 -3.437691259079331263e-02 -9.188956702826040157e+00 -2.253850738923670161e+00 -1.586546819203021527e-02
1.070000000000000000e+02 5.239032909759813728e-02 -9.310572316954994321e+00 -2.272495453148876354e+00 -5.656160088161801131e-02
1.080000000000000000e+02 -3.533068152558669489e-02 -8.969092098450296646e+00 -2.251552824435964606e+00 -1.489874757411781443e-02
1.090000000000000000e+02 4.676678549354593845e-02 -9.282900563590203546e+00 -2.253982442990751345e+00 -7.097167493618083967e-02
1.100000000000000000e+02 7.863242167017589490e-02 -9.305457929340295919e+00 -2.240010061254223750e+00 -1.037808479072403339e-01
1.110000000000000000e+02 -6.279081315065861146e-02 -9.410353848147931188e+00 -2.244311764169946599e+00 -1.380233213734563189e-02
1.120000000000000000e+02 1.357846008659607286e-02 -9.218320279959327124e+00 -2.237024967924408525e+00 -4.247195091143698975e-02
1.130000000000000000e+02 -5.098800430206869988e-02 -9.386274196470964171e+00 -2.246569840709391475e+00 5.356479699221163709e-02
1.140000000000000000e+02 9.171059478050882369e-03 -9.304945248771185007e+00 -2.268580491103518781e+00 -5.846514944263141340e-03
1.150000000000000000e+02 1.542239822674073280e-01 -9.363838107138457545e+00 -2.217434261585578437e+00 -5.544611251406081354e-02
1.160000000000000000e+02 -1.387679020311713765e-02 -9.326394552863378706e+00 -2.256507636911080361e+00 7.689624352194490697e-02
1.170000000000000000e+02 -3.294085361964059488e-02 -9.435829411415424417e+00 -2.243401171910285097e+00 4.865898161846016201e-02
1.180000000000000000e+02 1.452542156323349265e-01 -9.364383124728622221e+00 -2.268301925487826054e+00 -9.373226484941984959e-02
1.190000000000000000e+02 3.912604668038259514e-02 -9.463781735074006107e+00 -2.243001153137339276e+00 7.322160880612788025e-02
1.200000000000000000e+02 -1.585480446214644233e-03 -9.542355963403723607e+00 -2.274193402832661803e+00 9.260496068298491867e-03
1.210000000000000000e+02 8.889927606872272126e-02 -9.227274850275744456e+00 -2.281839903941666137e+00 -4.865248945394971825e-02
1.220000000000000000e+02 4.250942546470089234e-02 -9.700223187847834438e+00 -2.247574031587986187e+00 -4.133715592740977440e-02
1.230000000000000000e+02 1.937920833893166201e-03 -9.400413749800925700e+00 -2.277867396621573004e+00 -2.643606389755500524e-02
1.240000000000000000e+02 1.188028115142907848e-01 -9.466246640491737807e+00 -2.274902846590157068e+00 -7.260763056648576741e-02
1.250000000000000000e+02 -2.103097495425916563e-02 -9.668703188915316105e+00 -2.255941316956268761e+00 1.035285660099092980e-01
1.260000000000000000e+02 4.874485500516285291e-02 -9.023575651673818143e+00 -2.268662396064696107e+00 -5.666545916358048385e-02
1.270000000000000000e+02 1.495509737064923406e-01 -9.464388505737318269e+00 -2.210009178529936058e+00 -1.234774122469102231e-01
1.280000000000000000e+02 7.224768667507354414e-02 -8.858923240163797175e+00 -2.247174455275207539e+00 -8.442206088448896140e-02
1.290000000000000000e+02 7.296962797061552763e-02 -8.982976144558525888e+00 -2.188454104918065468e+00 -5.214117313654401814e-03
1.300000000000000000e+02 -2.499601005430042780e-02 -8.568192727654498242e+00 -2.122970774830239549e+00 -5.666054980655254453e-02
1.310000000000000000e+02 3.058734899618412856e-02 -8.015714855732792188e+00 -2.111353029039318319e+00 -7.927767458267952205e-02
1.320000000000000000e+02 1.071631045082302308e-01 -7.731547616201305928e+00 -2.042779832547881647e+00 -1.287108104166377331e-01
1.330000000000000000e+02 4.813061810832634096e-02 -7.397879630981920585e+00 -2.008835920998053748e+00 -8.942411363655082546e-02
1.340000000000000000e+02 -1.089251012638940350e-02 -7.475624931318692212e+00 -1.915573040497292157e+00 5.715033005922163806e-04
1.350000000000000000e+02 1.185300949785867697e-01 -7.077924988405118967e+00 -1.825025388401066540e+00 -1.367599149001071379e-01
1.360000000000000000e+02 -9.700106608124930974e-02 -6.620204533173101424e+00 -1.711673649986213741e+00 7.678741981668341099e-02
1.370000000000000000e+02 -6.015978877325058038e-02 -6.202823629887118884e+00 -1.602707642492457563e+00 7.880369180886850899e-02
1.380000000000000000e+02 -1.878601065601222947e-02 -5.479918891614542709e+00 -1.498779868995018694e+00 2.634832449851864239e-02
1.390000000000000000e+02 -4.951467236084867996e-02 -4.856506320996500037e+00 -1.362572717560233349e+00 7.995777794975768293e-02
1.400000000000000000e+02 -3.933297540176820817e-02 -4.013696024880273328e+00 -1.193692923120431404e+00 2.709234144396275093e-02
1.410000000000000000e+02 4.075411614017716150e-02 -3.351497434178524859e+00 -1.039934743552239915e+00 -3.877163926721312326e-02
1.420000000000000000e+02 -1.088747709169956002e-01 -2.692872327815619027e+00 -8.992074248576474860e-01 1.231438445332325993e-01
1.430000000000000000e+02 -3.351031008447369341e-02 -2.153671555392046244e+00 -7.575750283420439324e-01 3.738936524069953748e-02
1.440000000000000000e+02 -9.578894985009146767e-02 -1.599733202727717796e+00 -6.292187307287860909e-01 1.081571522442696942e-01
1.450000000000000000e+02 -1.673404221476862755e-02 -1.139558155214451585e+00 -5.095173323386844588e-01 1.831667269197009146e-02
1.460000000000000000e+02 -7.334860591763353588e-02 -7.503474815945976317e-01 -4.048782061329211923e-01 7.555506783177565189e-02
1.470000000000000000e+02 8.351799167733028884e-02 -4.685703525749269627e-01 -2.986610196403714501e-01 -9.591962725348671115e-02
1.480000000000000000e+02 4.183502105991316819e-03 -2.303988451299688878e-01 -1.998601606430902566e-01 -4.043887879556735954e-03
1.490000000000000000e+02 3.277563617132926623e-03 -7.599623526242002547e-02 -1.002754732923537978e-01 -3.409499748004684964e-03
1.500000000000000000e+02 -0.000000000000000000e+00 -0.000000000000000000e+00 -0.000000000000000000e+00 -0.000000000000000000e+00
0.000000000000000000e+00 -3.153827644996069601e+00 -4.838613960801454894e+00 -1.653961177205046873e+00 -3.458495618468919730e-01
1.000000000000000000e+00 -2.905195934821132919e+00 -4.410761046620607750e+00 -1.543027607831060521e+00 -7.150611916581335326e-01
2.000000000000000000e+00 -2.794471074110559172e+00 -3.622134404943400554e+00 -1.412242770150535343e+00 -9.174160106216389110e-01
3.000000000000000000e+00 -2.630761530884276667e+00 -2.722882457977361614e+00 -1.269679622451979961e+00 -1.055684771932075661e+00
4.000000000000000000e+00 -2.435944911001270974e+00 -1.638038481560774029e+00 -1.129878748823362589e+00 -1.067881604962399145e+00
5.000000000000000000e+00 -1.920781480246795514e+00 -7.880208075500618747e-01 -1.011234210724664795e+00 -1.184659197703121558e+00
6.000000000000000000e+00 -1.342633106171727597e+00 3.899412528862672422e-01 -9.209397084768919939e-01 -1.048250549921536878e+00
7.000000000000000000e+00 -3.870582481104013484e-01 1.055696502399362080e+00 -8.899203203224187453e-01 -1.137306207116000945e+00
8.000000000000000000e+00 1.027801208833489355e+00 2.059029851264749578e+00 -9.163273763837339603e-01 -9.385601020447287279e-01
9.000000000000000000e+00 2.326263400904170719e+00 1.869706587654249574e+00 -9.604676571155740250e-01 -1.133444343373422480e+00
1.000000000000000000e+01 3.864664497729769277e+00 1.370818128988334772e+00 -1.037006061958016589e+00 -1.194032122577979305e+00
1.100000000000000000e+01 5.230974893301372219e+00 1.555702044893315372e-01 -1.160601377159717007e+00 -1.324801676770401393e+00
1.200000000000000000e+01 6.652339442219378896e+00 -1.494966513694503174e+00 -1.329557359697644880e+00 -1.307513714991364484e+00
1.300000000000000000e+01 7.796872366125562337e+00 -3.724965258271232926e+00 -1.555026419478742428e+00 -1.163112531163152052e+00
1.400000000000000000e+01 7.443126403758606457e+00 -5.883494200823770726e+00 -1.736771848887181058e+00 -1.153118741769141087e+00
1.500000000000000000e+01 6.512011941304104212e+00 -7.448899029628019086e+00 -1.884283949549365733e+00 -1.049730874103557809e+00
1.600000000000000000e+01 5.140240699202134778e+00 -7.629404361465732087e+00 -1.865675631420826042e+00 -8.851267642496023491e-01
1.700000000000000000e+01 4.277798734727817909e+00 -7.778350115907742612e+00 -1.893924703574066504e+00 -6.646216487306901843e-01
1.800000000000000000e+01 3.616746497392153703e+00 -7.365158287727842534e+00 -1.913129046600118288e+00 -6.315312225857891981e-01
1.900000000000000000e+01 3.287538005591706280e+00 -6.869385295493154686e+00 -1.910665662536265463e+00 -5.383852027518613026e-01
2.000000000000000000e+01 3.364404304312337057e+00 -5.706771853135432337e+00 -1.887409958847198643e+00 -8.237803999280768341e-01
2.100000000000000000e+01 3.637936913676626638e+00 -4.822357284514357190e+00 -1.853999505469335229e+00 -9.374703247050877319e-01
2.200000000000000000e+01 3.908371972838951436e+00 -4.047572852342159244e+00 -1.783650994153625158e+00 -8.427695699776422966e-01
2.300000000000000000e+01 4.041866898132876251e+00 -3.411195654166967905e+00 -1.681087924174446524e+00 -6.075786509512246525e-01
2.400000000000000000e+01 4.029014722582848762e+00 -2.702305749448711936e+00 -1.557256088244544312e+00 -3.318407172400472116e-01
2.500000000000000000e+01 3.874954042989450009e+00 -1.941442977847434248e+00 -1.415720215663103687e+00 -4.070579322468099309e-02
2.600000000000000000e+01 3.364210006977730760e+00 -1.238724020872281395e+00 -1.255058482176483636e+00 4.373703680846386388e-01
2.700000000000000000e+01 2.904844166423610208e+00 -4.679249675962836585e-01 -1.096910029763699557e+00 4.852422131410036865e-01
2.800000000000000000e+01 2.265907007207589974e+00 3.021588292080385485e-01 -9.507980311340079593e-01 6.530062359298021146e-01
2.900000000000000000e+01 1.604429358386298521e+00 1.055661282048212968e+00 -8.410873374185734441e-01 5.817372224120209712e-01
3.000000000000000000e+01 5.649008190112673189e-01 1.726221903049802053e+00 -8.127778015292622671e-01 9.332758905189906251e-01
3.100000000000000000e+01 -3.519809790405313832e-01 2.042994658455929091e+00 -8.127811237852418103e-01 1.075728988924759211e+00
3.200000000000000000e+01 -9.637810864781896081e-01 1.691628899509791450e+00 -7.619807469821520129e-01 1.450337215140572011e+00
3.300000000000000000e+01 -2.180149702783999111e+00 1.628196099142505959e+00 -8.499993212252215935e-01 1.694444719812738587e+00
3.400000000000000000e+01 -2.869617265847849819e+00 1.047240907869568360e+00 -8.699756647080241212e-01 2.018432109338172520e+00
3.500000000000000000e+01 -3.225011049669311625e+00 6.556051891335271664e-01 -9.100490621845074291e-01 2.150683804012051503e+00
3.600000000000000000e+01 -4.807538058410010251e+00 1.037540307311721893e-01 -9.818225736630560307e-01 1.839141190454091968e+00
3.700000000000000000e+01 -6.004668188754242131e+00 -1.385940094999665639e+00 -1.125448448745954844e+00 1.915953413491739532e+00
3.800000000000000000e+01 -7.567944847991721957e+00 -3.777109435212914867e+00 -1.377649535960100868e+00 1.700583190931340027e+00
3.900000000000000000e+01 -8.083738463004113584e+00 -6.436378337122841131e+00 -1.676033057668115722e+00 1.701228368262658108e+00
4.000000000000000000e+01 -7.309475624365651569e+00 -8.440271310270745175e+00 -1.804885170785957005e+00 1.517780136250590939e+00
4.100000000000000000e+01 -5.287465214742711694e+00 -9.990522361082380343e+00 -1.880012510850990415e+00 7.397926192197541440e-01
4.200000000000000000e+01 -3.554136267043394692e+00 -9.717331453818427889e+00 -1.822752570216242596e+00 6.439517266758257863e-01
4.300000000000000000e+01 -3.213562450673289383e+00 -9.951329317695288168e+00 -1.881847695194353909e+00 4.219607185295688456e-01
4.400000000000000000e+01 -1.633528001442577038e+00 -1.058848542021910788e+01 -2.028894364268384098e+00 -5.818688724758706854e-02
4.500000000000000000e+01 -1.341068589047080151e+00 -1.043894844278023903e+01 -2.107097451393732168e+00 6.379262068623073323e-02
4.600000000000000000e+01 -4.954630284671973084e-01 -9.962782604031861666e+00 -2.105420908431300475e+00 2.133237267397087855e-01
4.700000000000000000e+01 -7.480087267367967474e-01 -9.896699756443128493e+00 -2.166561662207450834e+00 2.271838826223349650e-01
4.800000000000000000e+01 -2.236224683712962347e-01 -9.942129512620137888e+00 -2.207544370523423005e+00 1.352179740001304142e-01
4.900000000000000000e+01 -3.886983709735755133e-01 -9.718916004092761796e+00 -2.230097020341284875e+00 2.042760763206877273e-01
5.000000000000000000e+01 -3.897278113756686979e-01 -9.907893223255257453e+00 -2.238836021129896992e+00 3.682968260732558674e-01
5.100000000000000000e+01 -2.102188215503497659e-01 -9.348983072311803255e+00 -2.258247870046183881e+00 1.147165546281182780e-01
5.200000000000000000e+01 -2.350326630468181355e-01 -9.216377272835819312e+00 -2.263989394576566561e+00 1.568649272176772802e-01
5.300000000000000000e+01 -1.898868094305858623e-01 -9.484238426074181660e+00 -2.242809471329803017e+00 8.212723740720384580e-02
5.400000000000000000e+01 -4.849460381057654756e-01 -9.446944865285301418e+00 -2.258519653475891342e+00 1.318496293024807309e-01
5.500000000000000000e+01 -3.748177638560567515e-01 -9.869265202444680085e+00 -2.254570957280348065e+00 2.945639811105874584e-01
5.600000000000000000e+01 -4.336141320098806373e-01 -9.300423297077641038e+00 -2.286617686278742401e+00 8.505548085567135597e-02
5.700000000000000000e+01 -3.080954363268408325e-01 -9.306897207916845716e+00 -2.226569511621956377e+00 1.326637011317857440e-01
5.800000000000000000e+01 -2.057489622377204619e-01 -9.506431195094181774e+00 -2.285970911032634501e+00 9.831575997411612367e-02
5.900000000000000000e+01 8.588461970942747048e-02 -9.222339788528918447e+00 -2.265785036769752292e+00 -3.518030986905558433e-02
6.000000000000000000e+01 -3.918894577701880211e-01 -9.486007044507370978e+00 -2.257543090276257658e+00 1.635335076366028206e-01
6.100000000000000000e+01 -1.480780745296922211e-02 -9.377709906806131812e+00 -2.286547889353696572e+00 -5.962051865714143063e-03
6.200000000000000000e+01 -4.325425229773507407e-01 -9.397581986390706632e+00 -2.247710519369872539e+00 9.287056095385559651e-02
6.300000000000000000e+01 -2.644484667704553437e-03 -9.729249289265167633e+00 -2.244562764332018290e+00 -5.688885845989703760e-02
6.400000000000000000e+01 3.386642644653811152e-01 -9.490628182684618608e+00 -2.252858177957024477e+00 -1.467226491076165651e-01
6.500000000000000000e+01 1.447148228058316999e-01 -9.236622211230356427e+00 -2.249684874093683007e+00 -1.134999471230735135e-01
6.600000000000000000e+01 1.304788288443278488e-01 -9.762436862285243322e+00 -2.291105525939310716e+00 -9.133069970847650099e-02
6.700000000000000000e+01 2.355716800275880207e-01 -9.761366087833630800e+00 -2.323661403806700054e+00 -1.780589855734127924e-01
6.800000000000000000e+01 -1.840514608577532296e-01 -9.084421259296149742e+00 -2.156149676372402180e+00 1.081951602439745475e-01
6.900000000000000000e+01 2.925386177464492365e-02 -9.467520473084205079e+00 -2.274525813561410370e+00 -4.663747569602093995e-02
7.000000000000000000e+01 7.739362298948750107e-02 -9.625824228952566841e+00 -2.282481683225833891e+00 -4.745533094530831469e-02
7.100000000000000000e+01 3.409394150705303828e-01 -9.542187211087647114e+00 -2.269378080363762429e+00 -8.535252776620140536e-02
7.200000000000000000e+01 -8.980564557993142571e-02 -9.396879692278927720e+00 -2.264323843185541918e+00 9.836293478170952953e-02
7.300000000000000000e+01 -4.915924458833204752e-02 -9.473022183501889515e+00 -2.280133466236435424e+00 3.441018858548548884e-04
7.400000000000000000e+01 1.540908628578876727e-01 -9.157491916876224991e+00 -2.235854627100601455e+00 1.806848594603648744e-02
7.500000000000000000e+01 2.102818119021163390e-01 -9.303112771793143665e+00 -2.261520627462941579e+00 -3.384067254598051300e-02
7.600000000000000000e+01 1.165765237293004825e-01 -9.085397499042047187e+00 -2.282490919654385220e+00 6.048787680370056215e-03
7.700000000000000000e+01 3.383541775431259113e-01 -9.234085647671591346e+00 -2.247681403689140822e+00 -8.314823046960832797e-02
7.800000000000000000e+01 2.777841193388514429e-01 -9.287455494886659224e+00 -2.277526365936340280e+00 -7.370190682607749566e-02
7.900000000000000000e+01 2.406902971469461472e-01 -9.309664380638764669e+00 -2.252916898711029070e+00 -1.146054039919691958e-01
8.000000000000000000e+01 2.908105762348376921e-01 -9.389154335727468492e+00 -2.249346512600050918e+00 -5.386099518629849231e-02
8.100000000000000000e+01 1.995447566114097737e-01 -9.411341080175679608e+00 -2.256161493140434793e+00 -6.348127855025127719e-02
8.200000000000000000e+01 4.737231455551843551e-01 -9.336109638754427564e+00 -2.272616920585832645e+00 -1.815619498854965930e-01
8.300000000000000000e+01 9.422182839666438936e-02 -9.363445380200998258e+00 -2.267239039524154620e+00 8.883996523536837053e-03
8.400000000000000000e+01 1.025773362692906504e-01 -9.060389206002220419e+00 -2.236304808734535854e+00 -1.481799092549683505e-02
8.500000000000000000e+01 6.712257467264931554e-02 -9.227349928245942579e+00 -2.282777627896163786e+00 3.235127880571094655e-02
8.600000000000000000e+01 4.088938716073256541e-01 -9.154982153955133484e+00 -2.183906969892353889e+00 -2.129743121859400679e-01
8.700000000000000000e+01 1.921655552880629780e-01 -9.258311789295905925e+00 -2.227651581582807516e+00 -1.061362654866609793e-02
8.800000000000000000e+01 9.509197134275983176e-02 -9.241194888090022985e+00 -2.245403388220577057e+00 5.315817826342980612e-02
8.900000000000000000e+01 1.351477459621971966e-01 -9.047689618779376275e+00 -2.264396208874575489e+00 -3.194154663148505990e-02
9.000000000000000000e+01 -4.631215139835585977e-03 -8.972796344711319705e+00 -2.263683927328976164e+00 1.033355035267917964e-02
9.100000000000000000e+01 3.110702362569936832e-02 -8.912425969262891101e+00 -2.184838064716983386e+00 -1.192743101313481491e-01
9.200000000000000000e+01 1.907110220258414340e-02 -9.129367809142328483e+00 -2.216012584842939503e+00 -7.313598491019691894e-02
9.300000000000000000e+01 7.722970467540334061e-02 -9.240842458648607760e+00 -2.241046982979515434e+00 -9.842921008630743651e-02
9.400000000000000000e+01 8.302041499360365145e-03 -9.164456989305548973e+00 -2.223426521637124953e+00 -7.182486104251702141e-02
9.500000000000000000e+01 -3.389568521086587516e-02 -9.361799620698597835e+00 -2.223304538472285596e+00 -2.238713228682695164e-02
9.600000000000000000e+01 2.057940000173707484e-01 -9.273370262568752409e+00 -2.237015479851541144e+00 -1.015775516309740112e-01
9.700000000000000000e+01 1.160506194501382121e-01 -9.563448752691256161e+00 -2.260211867831136701e+00 -7.538455985347189414e-02
9.800000000000000000e+01 -3.254280354139073572e-01 -9.251641988551050133e+00 -2.201262526717357559e+00 1.907449940764501528e-01
9.900000000000000000e+01 5.146320687102904495e-02 -9.403529760249114133e+00 -2.226833858066461946e+00 -1.249165525181292619e-01
1.000000000000000000e+02 -9.876475488288795346e-02 -9.438884668994166560e+00 -2.243708646840516074e+00 -3.743801887430660280e-02
1.010000000000000000e+02 -1.743241172159654961e-01 -9.320888091637078432e+00 -2.254043533827745804e+00 1.119905426601309206e-01
1.020000000000000000e+02 -8.743381880155989827e-02 -9.358124690567718673e+00 -2.266958327590094857e+00 -4.783826778204440522e-02
1.030000000000000000e+02 -1.247711881549498636e-01 -9.339440137630619532e+00 -2.248070428046510028e+00 5.809363542394865160e-02
1.040000000000000000e+02 6.519157315760362725e-02 -9.430843709378914141e+00 -2.252751823378408069e+00 -1.448071407532036114e-01
1.050000000000000000e+02 4.560605916742638960e-03 -9.154232623808029601e+00 -2.254351358827072271e+00 -7.422478725742964745e-02
1.060000000000000000e+02 -3.437691259079331263e-02 -9.188956702826040157e+00 -2.253850738923670161e+00 -1.586546819203021527e-02
1.070000000000000000e+02 5.239032909759813728e-02 -9.310572316954994321e+00 -2.272495453148876354e+00 -5.656160088161801131e-02
1.080000000000000000e+02 -3.533068152558669489e-02 -8.969092098450296646e+00 -2.251552824435964606e+00 -1.489874757411781443e-02
1.090000000000000000e+02 4.676678549354593845e-02 -9.282900563590203546e+00 -2.253982442990751345e+00 -7.097167493618083967e-02
1.100000000000000000e+02 7.863242167017589490e-02 -9.305457929340295919e+00 -2.240010061254223750e+00 -1.037808479072403339e-01
1.110000000000000000e+02 -6.279081315065861146e-02 -9.410353848147931188e+00 -2.244311764169946599e+00 -1.380233213734563189e-02
1.120000000000000000e+02 1.357846008659607286e-02 -9.218320279959327124e+00 -2.237024967924408525e+00 -4.247195091143698975e-02
1.130000000000000000e+02 -5.098800430206869988e-02 -9.386274196470964171e+00 -2.246569840709391475e+00 5.356479699221163709e-02
1.140000000000000000e+02 9.171059478050882369e-03 -9.304945248771185007e+00 -2.268580491103518781e+00 -5.846514944263141340e-03
1.150000000000000000e+02 1.542239822674073280e-01 -9.363838107138457545e+00 -2.217434261585578437e+00 -5.544611251406081354e-02
1.160000000000000000e+02 -1.387679020311713765e-02 -9.326394552863378706e+00 -2.256507636911080361e+00 7.689624352194490697e-02
1.170000000000000000e+02 -3.294085361964059488e-02 -9.435829411415424417e+00 -2.243401171910285097e+00 4.865898161846016201e-02
1.180000000000000000e+02 1.452542156323349265e-01 -9.364383124728622221e+00 -2.268301925487826054e+00 -9.373226484941984959e-02
1.190000000000000000e+02 3.912604668038259514e-02 -9.463781735074006107e+00 -2.243001153137339276e+00 7.322160880612788025e-02
1.200000000000000000e+02 -1.585480446214644233e-03 -9.542355963403723607e+00 -2.274193402832661803e+00 9.260496068298491867e-03
1.210000000000000000e+02 8.889927606872272126e-02 -9.227274850275744456e+00 -2.281839903941666137e+00 -4.865248945394971825e-02
1.220000000000000000e+02 4.250942546470089234e-02 -9.700223187847834438e+00 -2.247574031587986187e+00 -4.133715592740977440e-02
1.230000000000000000e+02 1.937920833893166201e-03 -9.400413749800925700e+00 -2.277867396621573004e+00 -2.643606389755500524e-02
1.240000000000000000e+02 1.188028115142907848e-01 -9.466246640491737807e+00 -2.274902846590157068e+00 -7.260763056648576741e-02
1.250000000000000000e+02 -2.103097495425916563e-02 -9.668703188915316105e+00 -2.255941316956268761e+00 1.035285660099092980e-01
1.260000000000000000e+02 4.874485500516285291e-02 -9.023575651673818143e+00 -2.268662396064696107e+00 -5.666545916358048385e-02
1.270000000000000000e+02 1.495509737064923406e-01 -9.464388505737318269e+00 -2.210009178529936058e+00 -1.234774122469102231e-01
1.280000000000000000e+02 7.224768667507354414e-02 -8.858923240163797175e+00 -2.247174455275207539e+00 -8.442206088448896140e-02
1.290000000000000000e+02 7.296962797061552763e-02 -8.982976144558525888e+00 -2.188454104918065468e+00 -5.214117313654401814e-03
1.300000000000000000e+02 -2.499601005430042780e-02 -8.568192727654498242e+00 -2.122970774830239549e+00 -5.666054980655254453e-02
1.310000000000000000e+02 3.058734899618412856e-02 -8.015714855732792188e+00 -2.111353029039318319e+00 -7.927767458267952205e-02
1.320000000000000000e+02 1.071631045082302308e-01 -7.731547616201305928e+00 -2.042779832547881647e+00 -1.287108104166377331e-01
1.330000000000000000e+02 4.813061810832634096e-02 -7.397879630981920585e+00 -2.008835920998053748e+00 -8.942411363655082546e-02
1.340000000000000000e+02 -1.089251012638940350e-02 -7.475624931318692212e+00 -1.915573040497292157e+00 5.715033005922163806e-04
1.350000000000000000e+02 1.185300949785867697e-01 -7.077924988405118967e+00 -1.825025388401066540e+00 -1.367599149001071379e-01
1.360000000000000000e+02 -9.700106608124930974e-02 -6.620204533173101424e+00 -1.711673649986213741e+00 7.678741981668341099e-02
1.370000000000000000e+02 -6.015978877325058038e-02 -6.202823629887118884e+00 -1.602707642492457563e+00 7.880369180886850899e-02
1.380000000000000000e+02 -1.878601065601222947e-02 -5.479918891614542709e+00 -1.498779868995018694e+00 2.634832449851864239e-02
1.390000000000000000e+02 -4.951467236084867996e-02 -4.856506320996500037e+00 -1.362572717560233349e+00 7.995777794975768293e-02
1.400000000000000000e+02 -3.933297540176820817e-02 -4.013696024880273328e+00 -1.193692923120431404e+00 2.709234144396275093e-02
1.410000000000000000e+02 4.075411614017716150e-02 -3.351497434178524859e+00 -1.039934743552239915e+00 -3.877163926721312326e-02
1.420000000000000000e+02 -1.088747709169956002e-01 -2.692872327815619027e+00 -8.992074248576474860e-01 1.231438445332325993e-01
1.430000000000000000e+02 -3.351031008447369341e-02 -2.153671555392046244e+00 -7.575750283420439324e-01 3.738936524069953748e-02
1.440000000000000000e+02 -9.578894985009146767e-02 -1.599733202727717796e+00 -6.292187307287860909e-01 1.081571522442696942e-01
1.450000000000000000e+02 -1.673404221476862755e-02 -1.139558155214451585e+00 -5.095173323386844588e-01 1.831667269197009146e-02
1.460000000000000000e+02 -7.334860591763353588e-02 -7.503474815945976317e-01 -4.048782061329211923e-01 7.555506783177565189e-02
1.470000000000000000e+02 8.351799167733028884e-02 -4.685703525749269627e-01 -2.986610196403714501e-01 -9.591962725348671115e-02
1.480000000000000000e+02 4.183502105991316819e-03 -2.303988451299688878e-01 -1.998601606430902566e-01 -4.043887879556735954e-03
1.490000000000000000e+02 3.277563617132926623e-03 -7.599623526242002547e-02 -1.002754732923537978e-01 -3.409499748004684964e-03
1.500000000000000000e+02 -0.000000000000000000e+00 -0.000000000000000000e+00 -0.000000000000000000e+00 -0.000000000000000000e+00
0.000000000000000000e+00 -3.153827644996069601e+00 -4.838613960801454894e+00 -1.653961177205046873e+00 -3.458495618468919730e-01
1.000000000000000000e+00 -2.905195934821132919e+00 -4.410761046620607750e+00 -1.543027607831060521e+00 -7.150611916581335326e-01
2.000000000000000000e+00 -2.794471074110559172e+00 -3.622134404943400554e+00 -1.412242770150535343e+00 -9.174160106216389110e-01
3.000000000000000000e+00 -2.630761530884276667e+00 -2.722882457977361614e+00 -1.269679622451979961e+00 -1.055684771932075661e+00
4.000000000000000000e+00 -2.435944911001270974e+00 -1.638038481560774029e+00 -1.129878748823362589e+00 -1.067881604962399145e+00
5.000000000000000000e+00 -1.920781480246795514e+00 -7.880208075500618747e-01 -1.011234210724664795e+00 -1.184659197703121558e+00
6.000000000000000000e+00 -1.342633106171727597e+00 3.899412528862672422e-01 -9.209397084768919939e-01 -1.048250549921536878e+00
7.000000000000000000e+00 -3.870582481104013484e-01 1.055696502399362080e+00 -8.899203203224187453e-01 -1.137306207116000945e+00
8.000000000000000000e+00 1.027801208833489355e+00 2.059029851264749578e+00 -9.163273763837339603e-01 -9.385601020447287279e-01
9.000000000000000000e+00 2.326263400904170719e+00 1.869706587654249574e+00 -9.604676571155740250e-01 -1.133444343373422480e+00
1.000000000000000000e+01 3.864664497729769277e+00 1.370818128988334772e+00 -1.037006061958016589e+00 -1.194032122577979305e+00
1.100000000000000000e+01 5.230974893301372219e+00 1.555702044893315372e-01 -1.160601377159717007e+00 -1.324801676770401393e+00
1.200000000000000000e+01 6.652339442219378896e+00 -1.494966513694503174e+00 -1.329557359697644880e+00 -1.307513714991364484e+00
1.300000000000000000e+01 7.796872366125562337e+00 -3.724965258271232926e+00 -1.555026419478742428e+00 -1.163112531163152052e+00
1.400000000000000000e+01 7.443126403758606457e+00 -5.883494200823770726e+00 -1.736771848887181058e+00 -1.153118741769141087e+00
1.500000000000000000e+01 6.512011941304104212e+00 -7.448899029628019086e+00 -1.884283949549365733e+00 -1.049730874103557809e+00
1.600000000000000000e+01 5.140240699202134778e+00 -7.629404361465732087e+00 -1.865675631420826042e+00 -8.851267642496023491e-01
1.700000000000000000e+01 4.277798734727817909e+00 -7.778350115907742612e+00 -1.893924703574066504e+00 -6.646216487306901843e-01
1.800000000000000000e+01 3.616746497392153703e+00 -7.365158287727842534e+00 -1.913129046600118288e+00 -6.315312225857891981e-01
1.900000000000000000e+01 3.287538005591706280e+00 -6.869385295493154686e+00 -1.910665662536265463e+00 -5.383852027518613026e-01
2.000000000000000000e+01 3.364404304312337057e+00 -5.706771853135432337e+00 -1.887409958847198643e+00 -8.237803999280768341e-01
2.100000000000000000e+01 3.637936913676626638e+00 -4.822357284514357190e+00 -1.853999505469335229e+00 -9.374703247050877319e-01
2.200000000000000000e+01 3.908371972838951436e+00 -4.047572852342159244e+00 -1.783650994153625158e+00 -8.427695699776422966e-01
2.300000000000000000e+01 4.041866898132876251e+00 -3.411195654166967905e+00 -1.681087924174446524e+00 -6.075786509512246525e-01
2.400000000000000000e+01 4.029014722582848762e+00 -2.702305749448711936e+00 -1.557256088244544312e+00 -3.318407172400472116e-01
2.500000000000000000e+01 3.874954042989450009e+00 -1.941442977847434248e+00 -1.415720215663103687e+00 -4.070579322468099309e-02
2.600000000000000000e+01 3.364210006977730760e+00 -1.238724020872281395e+00 -1.255058482176483636e+00 4.373703680846386388e-01
2.700000000000000000e+01 2.904844166423610208e+00 -4.679249675962836585e-01 -1.096910029763699557e+00 4.852422131410036865e-01
2.800000000000000000e+01 2.265907007207589974e+00 3.021588292080385485e-01 -9.507980311340079593e-01 6.530062359298021146e-01
2.900000000000000000e+01 1.604429358386298521e+00 1.055661282048212968e+00 -8.410873374185734441e-01 5.817372224120209712e-01
3.000000000000000000e+01 5.649008190112673189e-01 1.726221903049802053e+00 -8.127778015292622671e-01 9.332758905189906251e-01
3.100000000000000000e+01 -3.519809790405313832e-01 2.042994658455929091e+00 -8.127811237852418103e-01 1.075728988924759211e+00
3.200000000000000000e+01 -9.637810864781896081e-01 1.691628899509791450e+00 -7.619807469821520129e-01 1.450337215140572011e+00
3.300000000000000000e+01 -2.180149702783999111e+00 1.628196099142505959e+00 -8.499993212252215935e-01 1.694444719812738587e+00
3.400000000000000000e+01 -2.869617265847849819e+00 1.047240907869568360e+00 -8.699756647080241212e-01 2.018432109338172520e+00
3.500000000000000000e+01 -3.225011049669311625e+00 6.556051891335271664e-01 -9.100490621845074291e-01 2.150683804012051503e+00
3.600000000000000000e+01 -4.807538058410010251e+00 1.037540307311721893e-01 -9.818225736630560307e-01 1.839141190454091968e+00
3.700000000000000000e+01 -6.004668188754242131e+00 -1.385940094999665639e+00 -1.125448448745954844e+00 1.915953413491739532e+00
3.800000000000000000e+01 -7.567944847991721957e+00 -3.777109435212914867e+00 -1.377649535960100868e+00 1.700583190931340027e+00
3.900000000000000000e+01 -8.083738463004113584e+00 -6.436378337122841131e+00 -1.676033057668115722e+00 1.701228368262658108e+00
4.000000000000000000e+01 -7.309475624365651569e+00 -8.440271310270745175e+00 -1.804885170785957005e+00 1.517780136250590939e+00
4.100000000000000000e+01 -5.287465214742711694e+00 -9.990522361082380343e+00 -1.880012510850990415e+00 7.397926192197541440e-01
4.200000000000000000e+01 -3.554136267043394692e+00 -9.717331453818427889e+00 -1.822752570216242596e+00 6.439517266758257863e-01
4.300000000000000000e+01 -3.213562450673289383e+00 -9.951329317695288168e+00 -1.881847695194353909e+00 4.219607185295688456e-01
4.400000000000000000e+01 -1.633528001442577038e+00 -1.058848542021910788e+01 -2.028894364268384098e+00 -5.818688724758706854e-02
4.500000000000000000e+01 -1.341068589047080151e+00 -1.043894844278023903e+01 -2.107097451393732168e+00 6.379262068623073323e-02
4.600000000000000000e+01 -4.954630284671973084e-01 -9.962782604031861666e+00 -2.105420908431300475e+00 2.133237267397087855e-01
4.700000000000000000e+01 -7.480087267367967474e-01 -9.896699756443128493e+00 -2.166561662207450834e+00 2.271838826223349650e-01
4.800000000000000000e+01 -2.236224683712962347e-01 -9.942129512620137888e+00 -2.207544370523423005e+00 1.352179740001304142e-01
4.900000000000000000e+01 -3.886983709735755133e-01 -9.718916004092761796e+00 -2.230097020341284875e+00 2.042760763206877273e-01
5.000000000000000000e+01 -3.897278113756686979e-01 -9.907893223255257453e+00 -2.238836021129896992e+00 3.682968260732558674e-01
5.100000000000000000e+01 -2.102188215503497659e-01 -9.348983072311803255e+00 -2.258247870046183881e+00 1.147165546281182780e-01
5.200000000000000000e+01 -2.350326630468181355e-01 -9.216377272835819312e+00 -2.263989394576566561e+00 1.568649272176772802e-01
5.300000000000000000e+01 -1.898868094305858623e-01 -9.484238426074181660e+00 -2.242809471329803017e+00 8.212723740720384580e-02
5.400000000000000000e+01 -4.849460381057654756e-01 -9.446944865285301418e+00 -2.258519653475891342e+00 1.318496293024807309e-01
5.500000000000000000e+01 -3.748177638560567515e-01 -9.869265202444680085e+00 -2.254570957280348065e+00 2.945639811105874584e-01
5.600000000000000000e+01 -4.336141320098806373e-01 -9.300423297077641038e+00 -2.286617686278742401e+00 8.505548085567135597e-02
5.700000000000000000e+01 -3.080954363268408325e-01 -9.306897207916845716e+00 -2.226569511621956377e+00 1.326637011317857440e-01
5.800000000000000000e+01 -2.057489622377204619e-01 -9.506431195094181774e+00 -2.285970911032634501e+00 9.831575997411612367e-02
5.900000000000000000e+01 8.588461970942747048e-02 -9.222339788528918447e+00 -2.265785036769752292e+00 -3.518030986905558433e-02
6.000000000000000000e+01 -3.918894577701880211e-01 -9.486007044507370978e+00 -2.257543090276257658e+00 1.635335076366028206e-01
6.100000000000000000e+01 -1.480780745296922211e-02 -9.377709906806131812e+00 -2.286547889353696572e+00 -5.962051865714143063e-03
6.200000000000000000e+01 -4.325425229773507407e-01 -9.397581986390706632e+00 -2.247710519369872539e+00 9.287056095385559651e-02
6.300000000000000000e+01 -2.644484667704553437e-03 -9.729249289265167633e+00 -2.244562764332018290e+00 -5.688885845989703760e-02
6.400000000000000000e+01 3.386642644653811152e-01 -9.490628182684618608e+00 -2.252858177957024477e+00 -1.467226491076165651e-01
6.500000000000000000e+01 1.447148228058316999e-01 -9.236622211230356427e+00 -2.249684874093683007e+00 -1.134999471230735135e-01
6.600000000000000000e+01 1.304788288443278488e-01 -9.762436862285243322e+00 -2.291105525939310716e+00 -9.133069970847650099e-02
6.700000000000000000e+01 2.355716800275880207e-01 -9.761366087833630800e+00 -2.323661403806700054e+00 -1.780589855734127924e-01
6.800000000000000000e+01 -1.840514608577532296e-01 -9.084421259296149742e+00 -2.156149676372402180e+00 1.081951602439745475e-01
6.900000000000000000e+01 2.925386177464492365e-02 -9.467520473084205079e+00 -2.274525813561410370e+00 -4.663747569602093995e-02
7.000000000000000000e+01 7.739362298948750107e-02 -9.625824228952566841e+00 -2.282481683225833891e+00 -4.745533094530831469e-02
7.100000000000000000e+01 3.409394150705303828e-01 -9.542187211087647114e+00 -2.269378080363762429e+00 -8.535252776620140536e-02
7.200000000000000000e+01 -8.980564557993142571e-02 -9.396879692278927720e+00 -2.264323843185541918e+00 9.836293478170952953e-02
7.300000000000000000e+01 -4.915924458833204752e-02 -9.473022183501889515e+00 -2.280133466236435424e+00 3.441018858548548884e-04
7.400000000000000000e+01 1.540908628578876727e-01 -9.157491916876224991e+00 -2.235854627100601455e+00 1.806848594603648744e-02
7.500000000000000000e+01 2.102818119021163390e-01 -9.303112771793143665e+00 -2.261520627462941579e+00 -3.384067254598051300e-02
7.600000000000000000e+01 1.165765237293004825e-01 -9.085397499042047187e+00 -2.282490919654385220e+00 6.048787680370056215e-03
7.700000000000000000e+01 3.383541775431259113e-01 -9.234085647671591346e+00 -2.247681403689140822e+00 -8.314823046960832797e-02
7.800000000000000000e+01 2.777841193388514429e-01 -9.287455494886659224e+00 -2.277526365936340280e+00 -7.370190682607749566e-02
7.900000000000000000e+01 2.406902971469461472e-01 -9.309664380638764669e+00 -2.252916898711029070e+00 -1.146054039919691958e-01
8.000000000000000000e+01 2.908105762348376921e-01 -9.389154335727468492e+00 -2.249346512600050918e+00 -5.386099518629849231e-02
8.100000000000000000e+01 1.995447566114097737e-01 -9.411341080175679608e+00 -2.256161493140434793e+00 -6.348127855025127719e-02
8.200000000000000000e+01 4.737231455551843551e-01 -9.336109638754427564e+00 -2.272616920585832645e+00 -1.815619498854965930e-01
8.300000000000000000e+01 9.422182839666438936e-02 -9.363445380200998258e+00 -2.267239039524154620e+00 8.883996523536837053e-03
8.400000000000000000e+01 1.025773362692906504e-01 -9.060389206002220419e+00 -2.236304808734535854e+00 -1.481799092549683505e-02
8.500000000000000000e+01 6.712257467264931554e-02 -9.227349928245942579e+00 -2.282777627896163786e+00 3.235127880571094655e-02
8.600000000000000000e+01 4.088938716073256541e-01 -9.154982153955133484e+00 -2.183906969892353889e+00 -2.129743121859400679e-01
8.700000000000000000e+01 1.921655552880629780e-01 -9.258311789295905925e+00 -2.227651581582807516e+00 -1.061362654866609793e-02
8.800000000000000000e+01 9.509197134275983176e-02 -9.241194888090022985e+00 -2.245403388220577057e+00 5.315817826342980612e-02
8.900000000000000000e+01 1.351477459621971966e-01 -9.047689618779376275e+00 -2.264396208874575489e+00 -3.194154663148505990e-02
9.000000000000000000e+01 -4.631215139835585977e-03 -8.972796344711319705e+00 -2.263683927328976164e+00 1.033355035267917964e-02
9.100000000000000000e+01 3.110702362569936832e-02 -8.912425969262891101e+00 -2.184838064716983386e+00 -1.192743101313481491e-01
9.200000000000000000e+01 1.907110220258414340e-02 -9.129367809142328483e+00 -2.216012584842939503e+00 -7.313598491019691894e-02
9.300000000000000000e+01 7.722970467540334061e-02 -9.240842458648607760e+00 -2.241046982979515434e+00 -9.842921008630743651e-02
9.400000000000000000e+01 8.302041499360365145e-03 -9.164456989305548973e+00 -2.223426521637124953e+00 -7.182486104251702141e-02
9.500000000000000000e+01 -3.389568521086587516e-02 -9.361799620698597835e+00 -2.223304538472285596e+00 -2.238713228682695164e-02
9.600000000000000000e+01 2.057940000173707484e-01 -9.273370262568752409e+00 -2.237015479851541144e+00 -1.015775516309740112e-01
9.700000000000000000e+01 1.160506194501382121e-01 -9.563448752691256161e+00 -2.260211867831136701e+00 -7.538455985347189414e-02
9.800000000000000000e+01 -3.254280354139073572e-01 -9.251641988551050133e+00 -2.201262526717357559e+00 1.907449940764501528e-01
9.900000000000000000e+01 5.146320687102904495e-02 -9.403529760249114133e+00 -2.226833858066461946e+00 -1.249165525181292619e-01
1.000000000000000000e+02 -9.876475488288795346e-02 -9.438884668994166560e+00 -2.243708646840516074e+00 -3.743801887430660280e-02
1.010000000000000000e+02 -1.743241172159654961e-01 -9.320888091637078432e+00 -2.254043533827745804e+00 1.119905426601309206e-01
1.020000000000000000e+02 -8.743381880155989827e-02 -9.358124690567718673e+00 -2.266958327590094857e+00 -4.783826778204440522e-02
1.030000000000000000e+02 -1.247711881549498636e-01 -9.339440137630619532e+00 -2.248070428046510028e+00 5.809363542394865160e-02
1.040000000000000000e+02 6.519157315760362725e-02 -9.430843709378914141e+00 -2.252751823378408069e+00 -1.448071407532036114e-01
1.050000000000000000e+02 4.560605916742638960e-03 -9.154232623808029601e+00 -2.254351358827072271e+00 -7.422478725742964745e-02
1.060000000000000000e+02 -3.437691259079331263e-02 -9.188956702826040157e+00 -2.253850738923670161e+00 -1.586546819203021527e-02
1.070000000000000000e+02 5.239032909759813728e-02 -9.310572316954994321e+00 -2.272495453148876354e+00 -5.656160088161801131e-02
1.080000000000000000e+02 -3.533068152558669489e-02 -8.969092098450296646e+00 -2.251552824435964606e+00 -1.489874757411781443e-02
1.090000000000000000e+02 4.676678549354593845e-02 -9.282900563590203546e+00 -2.253982442990751345e+00 -7.097167493618083967e-02
1.100000000000000000e+02 7.863242167017589490e-02 -9.305457929340295919e+00 -2.240010061254223750e+00 -1.037808479072403339e-01
1.110000000000000000e+02 -6.279081315065861146e-02 -9.410353848147931188e+00 -2.244311764169946599e+00 -1.380233213734563189e-02
1.120000000000000000e+02 1.357846008659607286e-02 -9.218320279959327124e+00 -2.237024967924408525e+00 -4.247195091143698975e-02
1.130000000000000000e+02 -5.098800430206869988e-02 -9.386274196470964171e+00 -2.246569840709391475e+00 5.356479699221163709e-02
1.140000000000000000e+02 9.171059478050882369e-03 -9.304945248771185007e+00 -2.268580491103518781e+00 -5.846514944263141340e-03
1.150000000000000000e+02 1.542239822674073280e-01 -9.363838107138457545e+00 -2.217434261585578437e+00 -5.544611251406081354e-02
1.160000000000000000e+02 -1.387679020311713765e-02 -9.326394552863378706e+00 -2.256507636911080361e+00 7.689624352194490697e-02
1.170000000000000000e+02 -3.294085361964059488e-02 -9.435829411415424417e+00 -2.243401171910285097e+00 4.865898161846016201e-02
1.180000000000000000e+02 1.452542156323349265e-01 -9.364383124728622221e+00 -2.268301925487826054e+00 -9.373226484941984959e-02
1.190000000000000000e+02 3.912604668038259514e-02 -9.463781735074006107e+00 -2.243001153137339276e+00 7.322160880612788025e-02
1.200000000000000000e+02 -1.585480446214644233e-03 -9.542355963403723607e+00 -2.274193402832661803e+00 9.260496068298491867e-03
1.210000000000000000e+02 8.889927606872272126e-02 -9.227274850275744456e+00 -2.281839903941666137e+00 -4.865248945394971825e-02
1.220000000000000000e+02 4.250942546470089234e-02 -9.700223187847834438e+00 -2.247574031587986187e+00 -4.133715592740977440e-02
1.230000000000000000e+02 1.937920833893166201e-03 -9.400413749800925700e+00 -2.277867396621573004e+00 -2.643606389755500524e-02
1.240000000000000000e+02 1.188028115142907848e-01 -9.466246640491737807e+00 -2.274902846590157068e+00 -7.260763056648576741e-02
1.250000000000000000e+02 -2.103097495425916563e-02 -9.668703188915316105e+00 -2.255941316956268761e+00 1.035285660099092980e-01
1.260000000000000000e+02 4.874485500516285291e-02 -9.023575651673818143e+00 -2.268662396064696107e+00 -5.666545916358048385e-02
1.270000000000000000e+02 1.495509737064923406e-01 -9.464388505737318269e+00 -2.210009178529936058e+00 -1.234774122469102231e-01
1.280000000000000000e+02 7.224768667507354414e-02 -8.858923240163797175e+00 -2.247174455275207539e+00 -8.442206088448896140e-02
1.290000000000000000e+02 7.296962797061552763e-02 -8.982976144558525888e+00 -2.188454104918065468e+00 -5.214117313654401814e-03
1.300000000000000000e+02 -2.499601005430042780e-02 -8.568192727654498242e+00 -2.122970774830239549e+00 -5.666054980655254453e-02
1.310000000000000000e+02 3.058734899618412856e-02 -8.015714855732792188e+00 -2.111353029039318319e+00 -7.927767458267952205e-02
1.320000000000000000e+02 1.071631045082302308e-01 -7.731547616201305928e+00 -2.042779832547881647e+00 -1.287108104166377331e-01
1.330000000000000000e+02 4.813061810832634096e-02 -7.397879630981920585e+00 -2.008835920998053748e+00 -8.942411363655082546e-02
1.340000000000000000e+02 -1.089251012638940350e-02 -7.475624931318692212e+00 -1.915573040497292157e+00 5.715033005922163806e-04
1.350000000000000000e+02 1.185300949785867697e-01 -7.077924988405118967e+00 -1.825025388401066540e+00 -1.367599149001071379e-01
1.360000000000000000e+02 -9.700106608124930974e-02 -6.620204533173101424e+00 -1.711673649986213741e+00 7.678741981668341099e-02
1.370000000000000000e+02 -6.015978877325058038e-02 -6.202823629887118884e+00 -1.602707642492457563e+00 7.880369180886850899e-02
1.380000000000000000e+02 -1.878601065601222947e-02 -5.479918891614542709e+00 -1.498779868995018694e+00 2.634832449851864239e-02
1.390000000000000000e+02 -4.951467236084867996e-02 -4.856506320996500037e+00 -1.362572717560233349e+00 7.995777794975768293e-02
1.400000000000000000e+02 -3.933297540176820817e-02 -4.013696024880273328e+00 -1.193692923120431404e+00 2.709234144396275093e-02
1.410000000000000000e+02 4.075411614017716150e-02 -3.351497434178524859e+00 -1.039934743552239915e+00 -3.877163926721312326e-02
1.420000000000000000e+02 -1.088747709169956002e-01 -2.692872327815619027e+00 -8.992074248576474860e-01 1.231438445332325993e-01
1.430000000000000000e+02 -3.351031008447369341e-02 -2.153671555392046244e+00 -7.575750283420439324e-01 3.738936524069953748e-02
1.440000000000000000e+02 -9.578894985009146767e-02 -1.599733202727717796e+00 -6.292187307287860909e-01 1.081571522442696942e-01
1.450000000000000000e+02 -1.673404221476862755e-02 -1.139558155214451585e+00 -5.095173323386844588e-01 1.831667269197009146e-02
1.460000000000000000e+02 -7.334860591763353588e-02 -7.503474815945976317e-01 -4.048782061329211923e-01 7.555506783177565189e-02
1.470000000000000000e+02 8.351799167733028884e-02 -4.685703525749269627e-01 -2.986610196403714501e-01 -9.591962725348671115e-02
1.480000000000000000e+02 4.183502105991316819e-03 -2.303988451299688878e-01 -1.998601606430902566e-01 -4.043887879556735954e-03
1.490000000000000000e+02 3.277563617132926623e-03 -7.599623526242002547e-02 -1.002754732923537978e-01 -3.409499748004684964e-03
1.500000000000000000e+02 -0.000000000000000000e+00 -0.000000000000000000e+00 -0.000000000000000000e+00 -0.000000000000000000e+00
