0.000000000000000000e+00 -2.974252184197224480e+00 -5.295470653445014442e+00 -1.630307269851173801e+00 -7.112315086776368478e-01
1.000000000000000000e+00 -2.642633414503344547e+00 -4.986414423863609002e+00 -1.507662733196696747e+00 -1.126816745676442633e+00
2.000000000000000000e+00 -2.418227755605048657e+00 -4.358082995258395265e+00 -1.364094345406909659e+00 -1.379407955922952622e+00
3.000000000000000000e+00 -2.181377225661492503e+00 -3.518406122708919170e+00 -1.202020438442270356e+00 -1.498193568396035014e+00
4.000000000000000000e+00 -2.227472581456012790e+00 -1.748295215644392719e+00 -1.033166271504614153e+00 -1.104149209219249972e+00
5.000000000000000000e+00 -1.785675002955080970e+00 -4.489789928858481383e-01 -9.086391066600376654e-01 -9.194988190285970919e-01
6.000000000000000000e+00 -1.138560019003515444e+00 7.131687916638557168e-01 -8.191468420611358603e-01 -7.054918195970368844e-01
7.000000000000000000e+00 7.518003903571202073e-02 1.590232318334792172e+00 -8.168883236661761416e-01 -6.251795317759873960e-01
8.000000000000000000e+00 1.755866730058868619e+00 3.046230408582832005e+00 -8.509048780762173969e-01 -7.883203435097953238e-02
9.000000000000000000e+00 3.106430548149829995e+00 2.235025132141057469e+00 -9.359296779673212940e-01 -6.297535079670626423e-01
1.000000000000000000e+01 4.287382758652396042e+00 1.458978536500364909e+00 -9.936792332313207909e-01 -8.375546250076765231e-01
1.100000000000000000e+01 6.302186852372384962e+00 3.526223928155984844e-01 -1.177339207906221707e+00 -8.784566435369893789e-01
1.200000000000000000e+01 7.174436323980699193e+00 -1.647886727553821373e+00 -1.344197779222393585e+00 -1.092776385133679584e+00
1.300000000000000000e+01 7.476394583545797445e+00 -3.692321442976968182e+00 -1.477003960340020683e+00 -1.108918024040729478e+00
1.400000000000000000e+01 6.933255489152062800e+00 -5.521864942691419031e+00 -1.592245975606148223e+00 -1.125756512567013701e+00
1.500000000000000000e+01 5.952722634478129216e+00 -7.042189682203916057e+00 -1.758947722373802591e+00 -1.228087186090296878e+00
1.600000000000000000e+01 4.657755072615989533e+00 -7.540686532381728036e+00 -1.821995597367026321e+00 -1.185177987529963284e+00
1.700000000000000000e+01 3.934703199526206951e+00 -8.095012654949673703e+00 -1.880704203180689538e+00 -8.317338622093568556e-01
1.800000000000000000e+01 3.290567530383193606e+00 -7.689598996255505803e+00 -1.954560187999324850e+00 -1.019550470335544246e+00
1.900000000000000000e+01 3.079471706905437145e+00 -7.440549013657445698e+00 -2.000218893634058581e+00 -9.712670013573047045e-01
2.000000000000000000e+01 3.146576045062294824e+00 -6.961771348082258726e+00 -2.022602579347600127e+00 -1.029156933610257507e+00
2.100000000000000000e+01 3.236414093408468862e+00 -6.849642860114026455e+00 -2.007276750021071088e+00 -7.654638977490114682e-01
2.200000000000000000e+01 3.717419456368422637e+00 -5.977195969391652319e+00 -1.979210491153272633e+00 -1.004971066964664983e+00
2.300000000000000000e+01 4.041914392264963851e+00 -5.363600205824874401e+00 -1.910762433353637491e+00 -9.339987718916957782e-01
2.400000000000000000e+01 4.360454955546972045e+00 -4.626344638083147665e+00 -1.820704160777476099e+00 -8.718920811417512073e-01
2.500000000000000000e+01 4.454183966431243924e+00 -3.999796521127027660e+00 -1.704114910693041329e+00 -6.627308173504322664e-01
2.600000000000000000e+01 4.482388485193737893e+00 -3.083971117475431178e+00 -1.555823516705114429e+00 -5.216040944590901729e-01
2.700000000000000000e+01 4.222447131817274268e+00 -1.959347060397282236e+00 -1.393175563204081646e+00 -2.885803902787291708e-01
2.800000000000000000e+01 3.677604979463073853e+00 -9.058844725725669900e-01 -1.225191584323421790e+00 -4.302373049752273443e-02
2.900000000000000000e+01 2.960496046065229425e+00 6.030886295173899514e-01 -1.118654106142564331e+00 1.423832010322783892e-01
3.000000000000000000e+01 2.166674492492299375e+00 1.027909457562115048e+00 -9.438663110627532049e-01 2.251073516077968240e-01
3.100000000000000000e+01 1.614426985488791821e+00 1.136767606548098941e+00 -7.316277614786536043e-01 1.856287181458424196e-01
3.200000000000000000e+01 4.534641704986289712e-01 1.910516310136822993e+00 -8.054941261495242033e-01 6.611416873831171825e-01
3.300000000000000000e+01 -6.553011902601156846e-01 2.473989394866052738e+00 -7.597717955373031185e-01 4.039268819661226417e-01
3.400000000000000000e+01 -2.141968053909726777e+00 3.412356023840664943e+00 -8.609706032928555741e-01 3.361313813062143385e-01
3.500000000000000000e+01 -2.905661498906511930e+00 3.082105449999846591e+00 -8.837146143513906482e-01 6.749471104475175398e-01
3.600000000000000000e+01 -4.478159548961884617e+00 3.005873477728770116e+00 -1.041878796528848516e+00 1.122968887199652599e+00
3.700000000000000000e+01 -5.707535337507922080e+00 2.270507780028181877e+00 -1.143912558059533513e+00 1.622699005597238120e+00
3.800000000000000000e+01 -6.828735757099753556e+00 7.110651617620824538e-01 -1.174230457128133231e+00 1.624243566639552272e+00
3.900000000000000000e+01 -8.098711125383458054e+00 -1.157393486044263842e+00 -1.317297546038165512e+00 1.605082274457318769e+00
4.000000000000000000e+01 -1.110860174535522660e+01 -4.632316823092675229e+00 -1.722078503378408509e+00 1.336448531827627129e+00
4.100000000000000000e+01 -9.760902655540128592e+00 -7.112406329108234004e+00 -1.769069213802689111e+00 1.273716523151279922e+00
4.200000000000000000e+01 -8.240531556677284541e+00 -9.072223218102106301e+00 -1.895355618484489968e+00 1.556047971627135151e+00
4.300000000000000000e+01 -5.941942231213974246e+00 -1.001597110197988805e+01 -1.881598212569651540e+00 9.474078144483366604e-01
4.400000000000000000e+01 -5.061829989650463268e+00 -1.066393022327613238e+01 -1.887640674209265512e+00 5.744092104913209873e-01
4.500000000000000000e+01 -3.529707041638366238e+00 -1.095758004148091835e+01 -2.007710685606717949e+00 4.797354817571200525e-01
4.600000000000000000e+01 -1.709886350548242451e+00 -1.088434432355761494e+01 -2.065952659354133303e+00 -3.972010632969349975e-02
4.700000000000000000e+01 -1.420666250472100378e+00 -1.116803586864842046e+01 -2.106276656178358575e+00 -1.737292768931530604e-02
4.800000000000000000e+01 -9.492616248843542825e-01 -1.060062331074634834e+01 -2.171036710281602389e+00 1.642782886529594033e-01
4.900000000000000000e+01 -7.906828583549910805e-01 -1.042036158896087272e+01 -2.211638540959789623e+00 2.490251785082400471e-01
5.000000000000000000e+01 -7.378413690242447975e-01 -1.023023718986933162e+01 -2.221826046203679184e+00 2.878019946675512974e-01
5.100000000000000000e+01 -5.498254593162038573e-01 -1.048639944734480522e+01 -2.262914617145287632e+00 1.943096358585105488e-01
5.200000000000000000e+01 -6.399028488517873869e-01 -1.065456483397051279e+01 -2.243203103840881951e+00 1.922335878145508548e-01
5.300000000000000000e+01 -3.224186501601056798e-01 -1.007562702791710940e+01 -2.279473341750500648e+00 1.689809147574478435e-02
5.400000000000000000e+01 -1.984980079487533577e-01 -9.641727930280302061e+00 -2.296994521397358824e+00 3.470404272578487409e-02
5.500000000000000000e+01 -2.959017930708413568e-01 -9.581453650529203614e+00 -2.307393305504715997e+00 6.125056794291103973e-02
5.600000000000000000e+01 -2.754727370906407402e-01 -9.715147217703897553e+00 -2.309752333148373804e+00 5.502695890787226429e-02
5.700000000000000000e+01 -3.068387688566057148e-01 -9.195138452524709294e+00 -2.331799430543381568e+00 4.482619487398661895e-02
5.800000000000000000e+01 -2.118143540429353044e-01 -9.435071035239412041e+00 -2.307990227398903027e+00 2.264794830740924497e-02
5.900000000000000000e+01 -1.292103751567907632e-01 -9.986607933952855731e+00 -2.281692919030100519e+00 5.421332530940400907e-02
6.000000000000000000e+01 -4.407414802308486368e-01 -9.036884179507094217e+00 -2.250239144241310552e+00 2.112260624311068646e-01
6.100000000000000000e+01 -1.727763964751744818e-01 -8.961436346285214682e+00 -2.241373591899075368e+00 4.027123063293862326e-02
6.200000000000000000e+01 -1.343328663148054269e-01 -9.385787895787164103e+00 -2.282907500022800740e+00 5.857113861465092913e-02
6.300000000000000000e+01 -8.047398220605121721e-02 -9.562082570746188281e+00 -2.267956306576788705e+00 5.089823311623125485e-02
6.400000000000000000e+01 -1.375941320384296840e-01 -9.159222330086665309e+00 -2.278098332095085610e+00 5.213139755820786481e-02
6.500000000000000000e+01 -8.094895806063828747e-02 -9.498399273793976860e+00 -2.296051656215423176e+00 -4.804458326147231090e-02
6.600000000000000000e+01 -1.104965638092951230e-01 -9.708947920772958540e+00 -2.244304174476547953e+00 -9.962886451595741061e-04
6.700000000000000000e+01 -2.410237493722907631e-01 -9.779828513390954825e+00 -2.270937389570828024e+00 8.086911275166817903e-02
6.800000000000000000e+01 -7.020898420062075818e-02 -8.875610165783617944e+00 -2.251304112011714764e+00 4.763374509363418191e-02
6.900000000000000000e+01 -2.787672538017537671e-01 -8.836414915202729148e+00 -2.238789905536093361e+00 7.989712478454809308e-02
7.000000000000000000e+01 -2.573102328610253342e-01 -9.386900856522355951e+00 -2.251751208649851232e+00 6.983975783999338272e-02
7.100000000000000000e+01 2.647463592050557923e-01 -9.171580430165677811e+00 -2.221489637948870666e+00 -1.493842349649862622e-01
7.200000000000000000e+01 1.838589712843503865e-01 -9.724038498551353271e+00 -2.264303101779053584e+00 -6.787780925860684156e-02
7.300000000000000000e+01 1.114442407144383002e-01 -9.557026102108729049e+00 -2.273817215699415861e+00 -4.384063934176350708e-02
7.400000000000000000e+01 3.431018420779223810e-01 -8.937767173239960172e+00 -2.247147662772754018e+00 -1.707763727634243056e-01
7.500000000000000000e+01 2.307492428242356453e-01 -9.365259373822020450e+00 -2.223549198347884115e+00 -3.892233639512407417e-02
7.600000000000000000e+01 3.020372285572029414e-01 -9.326472683555094179e+00 -2.244531764081485914e+00 -9.146383570376596939e-02
7.700000000000000000e+01 3.542508441724150359e-01 -9.255679480806778159e+00 -2.242511573499047728e+00 -1.556296153001609228e-01
7.800000000000000000e+01 2.385823640578051130e-01 -9.710428160809037479e+00 -2.224305639352119890e+00 -1.385781742856955212e-01
7.900000000000000000e+01 3.556672287132647270e-01 -9.487087476946987508e+00 -2.254366480548210205e+00 -1.556385740263183104e-01
8.000000000000000000e+01 1.528193606532594895e-01 -8.933301027054058707e+00 -2.239381702971471100e+00 -1.312513692865906884e-02
8.100000000000000000e+01 -4.838968066649439875e-02 -9.189979688219203524e+00 -2.237433062886232005e+00 8.668777589476200918e-02
8.200000000000000000e+01 5.315908592345155309e-02 -9.566207587608753116e+00 -2.213647834583803320e+00 -3.534676272094969263e-02
8.300000000000000000e+01 1.551920557257263356e-01 -9.267599200328461961e+00 -2.256464515231683787e+00 -2.232858818232077644e-02
8.400000000000000000e+01 7.359290242101766688e-02 -9.536830489690268919e+00 -2.282177342069428683e+00 2.975393011448729252e-02
8.500000000000000000e+01 2.512830551325198614e-01 -9.292974099744526484e+00 -2.243967686291415298e+00 -1.635701826515376933e-01
8.600000000000000000e+01 1.926064822002675203e-01 -9.625683438097290434e+00 -2.239932931133506333e+00 -8.914779479735597534e-02
8.700000000000000000e+01 1.342534394133940712e-01 -9.277464204147861437e+00 -2.211270095631468813e+00 -8.845251772684960268e-02
8.800000000000000000e+01 -9.955695789941111304e-03 -9.687313356827047528e+00 -2.274899258589518691e+00 1.272930138234772413e-01
8.900000000000000000e+01 4.050032617027973791e-02 -9.188019535757375067e+00 -2.255544808163313597e+00 1.041838839887215401e-01
9.000000000000000000e+01 8.847651173057345664e-02 -9.303434887055516356e+00 -2.271687749688057867e+00 -4.810871746433133950e-02
9.100000000000000000e+01 9.549229978561217524e-02 -9.107930209156318568e+00 -2.267035283034199988e+00 2.812444545415734506e-02
9.200000000000000000e+01 8.964838843643793687e-02 -9.467969208012039672e+00 -2.224174094771089738e+00 -3.961302608891712623e-02
9.300000000000000000e+01 1.802526760431123476e-01 -9.256852055109803246e+00 -2.236926029438443653e+00 -5.581697906764996470e-02
9.400000000000000000e+01 7.958221896059598788e-02 -8.993745593036996056e+00 -2.252989741325293505e+00 -1.603049805183854454e-02
9.500000000000000000e+01 4.319817816779777248e-02 -8.930633901894594828e+00 -2.229618073063087458e+00 -1.283884046402964663e-01
9.600000000000000000e+01 1.304734884076509671e-01 -9.275693066727937364e+00 -2.233616976189219727e+00 -4.548968675549514007e-02
9.700000000000000000e+01 -9.232301947048357493e-02 -9.063904603660674297e+00 -2.228043590599693147e+00 1.950898437317078737e-01
9.800000000000000000e+01 1.299241972856287342e-01 -8.948081820464187430e+00 -2.225975530585605267e+00 -1.204076046272500450e-01
9.900000000000000000e+01 1.269353809084077522e-01 -9.211668231741922952e+00 -2.248125778306830913e+00 -1.035248222577122290e-01
1.000000000000000000e+02 -3.166165084059137987e-03 -9.145222969001004287e+00 -2.232649377985167050e+00 1.441159168651124679e-02
1.010000000000000000e+02 1.328949853449150897e-01 -9.365292185402775971e+00 -2.215125615577440588e+00 -5.374631977824255100e-03
1.020000000000000000e+02 5.643045958952997571e-02 -9.329005117104946621e+00 -2.230896874023271970e+00 -5.144880350686200678e-03
1.030000000000000000e+02 2.975082937326104307e-02 -9.103287743694290057e+00 -2.264322390178898026e+00 -3.312227797579370830e-02
1.040000000000000000e+02 -4.206088086237822626e-02 -9.208885654877615679e+00 -2.236157199802974560e+00 6.176244109340364719e-02
1.050000000000000000e+02 -1.269858805234575505e-01 -9.261020955592337955e+00 -2.198163148151822899e+00 7.470443665713849546e-02
1.060000000000000000e+02 3.677714689157322164e-02 -9.465203094077899948e+00 -2.251862875917485241e+00 -3.284231698893525647e-02
1.070000000000000000e+02 -5.884197601235520436e-02 -8.903584643877449523e+00 -2.220506226467251043e+00 2.618768568975084199e-02
1.080000000000000000e+02 -9.874169177961249211e-02 -9.442961325062176670e+00 -2.230415756304572117e+00 -5.361418024024346834e-02
1.090000000000000000e+02 1.038731960689962125e-01 -9.130258849579366398e+00 -2.217979774305527840e+00 -8.205410474676314014e-02
1.100000000000000000e+02 4.510581618924910247e-02 -9.130989560778884240e+00 -2.244249420421485119e+00 -1.435643703714215014e-01
1.110000000000000000e+02 -8.466518803248475333e-02 -9.283235024467817453e+00 -2.259165255572356035e+00 1.661976492733985636e-02
1.120000000000000000e+02 -4.223842893069251064e-02 -9.427810570506659715e+00 -2.225521880871462077e+00 1.585364483552458362e-02
1.130000000000000000e+02 1.483262854395387131e-01 -9.368617767515882377e+00 -2.247619858338542720e+00 -1.197145484224353823e-01
1.140000000000000000e+02 -6.715556962711746736e-02 -9.551098125753906487e+00 -2.234333447013236107e+00 -5.516322546533677929e-02
1.150000000000000000e+02 -1.507259532467981611e-01 -9.326438793620354772e+00 -2.252866813844592642e+00 3.792331727786378559e-02
1.160000000000000000e+02 5.969394381398597516e-02 -9.190402940909116580e+00 -2.213833646942287903e+00 -4.109812153807883978e-02
1.170000000000000000e+02 -1.007660601021347635e-01 -9.554653073314144152e+00 -2.253645603573222189e+00 2.460449391108712400e-02
1.180000000000000000e+02 4.164175128213723487e-02 -9.606650556665350393e+00 -2.248469098566848512e+00 -8.872377241097835487e-02
1.190000000000000000e+02 -2.743895531302741053e-02 -9.362482063074338612e+00 -2.247668476311008856e+00 2.613381106836290199e-02
1.200000000000000000e+02 1.182080631468238885e-01 -9.111107132276378806e+00 -2.246494384045318427e+00 -1.406531987687372476e-01
1.210000000000000000e+02 9.942144437732447493e-03 -9.421316954726878024e+00 -2.247475714425571258e+00 -1.155838291735564356e-02
1.220000000000000000e+02 -9.273418479333571385e-03 -9.270533553631034707e+00 -2.257751113085033623e+00 4.555755429386483708e-03
1.230000000000000000e+02 2.992457910391717671e-02 -9.428104346808339642e+00 -2.262840923447845931e+00 -6.941102930996760623e-02
1.240000000000000000e+02 -8.828236456643824472e-04 -9.199394327973932306e+00 -2.276233972853610510e+00 -4.679386836162234727e-03
1.250000000000000000e+02 1.482106172026114443e-01 -9.482809802008240752e+00 -2.281820944544263874e+00 -1.293541762558900188e-01
1.260000000000000000e+02 3.371104063382460853e-02 -9.812795305885774866e+00 -2.263893668869903397e+00 -4.182269593769331884e-02
1.270000000000000000e+02 3.813036812614539056e-02 -9.647678164317872174e+00 -2.197149539425548692e+00 7.137234741863067444e-02
1.280000000000000000e+02 5.444782711951956164e-03 -8.911232544474399830e+00 -2.233866994043063325e+00 -5.327483964697477675e-02
1.290000000000000000e+02 1.101906767061216069e-01 -8.950280222188885304e+00 -2.196208577183019539e+00 -5.110422380042486945e-02
1.300000000000000000e+02 1.226700929133451023e-01 -8.907204238379280881e+00 -2.138930792577099282e+00 -9.597649900685839564e-02
1.310000000000000000e+02 1.135431834494914638e-01 -8.421764297216617123e+00 -2.104131012833242664e+00 -1.045290828583485543e-01
1.320000000000000000e+02 2.578011844610290926e-02 -7.657146800927830732e+00 -2.073837258439737319e+00 -6.375262949834896442e-02
1.330000000000000000e+02 1.823616523267045444e-02 -7.736252017682217819e+00 -1.960026625153135083e+00 2.418953667738006283e-02
1.340000000000000000e+02 -1.658041956839027137e-02 -7.037563816062746724e+00 -1.935035436058402114e+00 2.616785649659395668e-02
1.350000000000000000e+02 -7.140632895186872775e-02 -6.766328508932647701e+00 -1.807169519480663844e+00 2.457236206804279052e-02
1.360000000000000000e+02 1.001065671164179799e-01 -6.181400092366621912e+00 -1.693814690592022831e+00 -1.226701219631041867e-01
1.370000000000000000e+02 1.099647732300205738e-01 -5.505898416845130150e+00 -1.595249721339453863e+00 -1.446458032534762295e-01
1.380000000000000000e+02 2.200267227075537041e-02 -5.191729455364749946e+00 -1.436007689547179389e+00 -1.369748089857549672e-02
1.390000000000000000e+02 -3.596452587127807465e-02 -4.688754154011526509e+00 -1.286485823492197200e+00 5.178200178655725100e-02
1.400000000000000000e+02 -2.155010049546747519e-02 -3.851648783215183336e+00 -1.129068142444836553e+00 3.302232353455160363e-02
1.410000000000000000e+02 -1.198150581780689505e-01 -3.235112407553387026e+00 -9.909094365529472759e-01 1.397118172990775564e-01
1.420000000000000000e+02 -6.911968680119517927e-02 -2.587240805671072508e+00 -8.547537877225994674e-01 7.185467777259818556e-02
1.430000000000000000e+02 -7.937640589167659078e-02 -2.015908661372082911e+00 -7.235168365280593150e-01 1.006293408575194559e-01
1.440000000000000000e+02 -8.564031384556947124e-02 -1.481358397103943902e+00 -5.919121485116906056e-01 1.002469256876058201e-01
1.450000000000000000e+02 -1.666385606060006783e-02 -1.073307017525000573e+00 -4.854094149530318592e-01 3.019966095908043630e-02
1.460000000000000000e+02 -4.808607398533397415e-02 -6.911471871518340970e-01 -3.813805901827269640e-01 5.057067691748502042e-02
1.470000000000000000e+02 7.297061615595820672e-02 -4.221562578209590577e-01 -2.769517100768278395e-01 -7.185273702245290051e-02
1.480000000000000000e+02 -1.619103345870891164e-02 -2.115593292824563820e-01 -1.842119764810099258e-01 1.590675807069296191e-02
1.490000000000000000e+02 3.682077387254764893e-03 -6.937787075245802071e-02 -9.222552472085474018e-02 -3.968806530053691113e-03
1.500000000000000000e+02 -0.000000000000000000e+00 -0.000000000000000000e+00 -0.000000000000000000e+00 -0.000000000000000000e+00
0.000000000000000000e+00 -2.974252184197224480e+00 -5.295470653445014442e+00 -1.630307269851173801e+00 -7.112315086776368478e-01
1.000000000000000000e+00 -2.642633414503344547e+00 -4.986414423863609002e+00 -1.507662733196696747e+00 -1.126816745676442633e+00
2.000000000000000000e+00 -2.418227755605048657e+00 -4.358082995258395265e+00 -1.364094345406909659e+00 -1.379407955922952622e+00
3.000000000000000000e+00 -2.181377225661492503e+00 -3.518406122708919170e+00 -1.202020438442270356e+00 -1.498193568396035014e+00
4.000000000000000000e+00 -2.227472581456012790e+00 -1.748295215644392719e+00 -1.033166271504614153e+00 -1.104149209219249972e+00
5.000000000000000000e+00 -1.785675002955080970e+00 -4.489789928858481383e-01 -9.086391066600376654e-01 -9.194988190285970919e-01
6.000000000000000000e+00 -1.138560019003515444e+00 7.131687916638557168e-01 -8.191468420611358603e-01 -7.054918195970368844e-01
7.000000000000000000e+00 7.518003903571202073e-02 1.590232318334792172e+00 -8.168883236661761416e-01 -6.251795317759873960e-01
8.000000000000000000e+00 1.755866730058868619e+00 3.046230408582832005e+00 -8.509048780762173969e-01 -7.883203435097953238e-02
9.000000000000000000e+00 3.106430548149829995e+00 2.235025132141057469e+00 -9.359296779673212940e-01 -6.297535079670626423e-01
1.000000000000000000e+01 4.287382758652396042e+00 1.458978536500364909e+00 -9.936792332313207909e-01 -8.375546250076765231e-01
1.100000000000000000e+01 6.302186852372384962e+00 3.526223928155984844e-01 -1.177339207906221707e+00 -8.784566435369893789e-01
1.200000000000000000e+01 7.174436323980699193e+00 -1.647886727553821373e+00 -1.344197779222393585e+00 -1.092776385133679584e+00
1.300000000000000000e+01 7.476394583545797445e+00 -3.692321442976968182e+00 -1.477003960340020683e+00 -1.108918024040729478e+00
1.400000000000000000e+01 6.933255489152062800e+00 -5.521864942691419031e+00 -1.592245975606148223e+00 -1.125756512567013701e+00
1.500000000000000000e+01 5.952722634478129216e+00 -7.042189682203916057e+00 -1.758947722373802591e+00 -1.228087186090296878e+00
1.600000000000000000e+01 4.657755072615989533e+00 -7.540686532381728036e+00 -1.821995597367026321e+00 -1.185177987529963284e+00
1.700000000000000000e+01 3.934703199526206951e+00 -8.095012654949673703e+00 -1.880704203180689538e+00 -8.317338622093568556e-01
1.800000000000000000e+01 3.290567530383193606e+00 -7.689598996255505803e+00 -1.954560187999324850e+00 -1.019550470335544246e+00
1.900000000000000000e+01 3.079471706905437145e+00 -7.440549013657445698e+00 -2.000218893634058581e+00 -9.712670013573047045e-01
2.000000000000000000e+01 3.146576045062294824e+00 -6.961771348082258726e+00 -2.022602579347600127e+00 -1.029156933610257507e+00
2.100000000000000000e+01 3.236414093408468862e+00 -6.849642860114026455e+00 -2.007276750021071088e+00 -7.654638977490114682e-01
2.200000000000000000e+01 3.717419456368422637e+00 -5.977195969391652319e+00 -1.979210491153272633e+00 -1.004971066964664983e+00
2.300000000000000000e+01 4.041914392264963851e+00 -5.363600205824874401e+00 -1.910762433353637491e+00 -9.339987718916957782e-01
2.400000000000000000e+01 4.360454955546972045e+00 -4.626344638083147665e+00 -1.820704160777476099e+00 -8.718920811417512073e-01
2.500000000000000000e+01 4.454183966431243924e+00 -3.999796521127027660e+00 -1.704114910693041329e+00 -6.627308173504322664e-01
2.600000000000000000e+01 4.482388485193737893e+00 -3.083971117475431178e+00 -1.555823516705114429e+00 -5.216040944590901729e-01
2.700000000000000000e+01 4.222447131817274268e+00 -1.959347060397282236e+00 -1.393175563204081646e+00 -2.885803902787291708e-01
2.800000000000000000e+01 3.677604979463073853e+00 -9.058844725725669900e-01 -1.225191584323421790e+00 -4.302373049752273443e-02
2.900000000000000000e+01 2.960496046065229425e+00 6.030886295173899514e-01 -1.118654106142564331e+00 1.423832010322783892e-01
3.000000000000000000e+01 2.166674492492299375e+00 1.027909457562115048e+00 -9.438663110627532049e-01 2.251073516077968240e-01
3.100000000000000000e+01 1.614426985488791821e+00 1.136767606548098941e+00 -7.316277614786536043e-01 1.856287181458424196e-01
3.200000000000000000e+01 4.534641704986289712e-01 1.910516310136822993e+00 -8.054941261495242033e-01 6.611416873831171825e-01
3.300000000000000000e+01 -6.553011902601156846e-01 2.473989394866052738e+00 -7.597717955373031185e-01 4.039268819661226417e-01
3.400000000000000000e+01 -2.141968053909726777e+00 3.412356023840664943e+00 -8.609706032928555741e-01 3.361313813062143385e-01
3.500000000000000000e+01 -2.905661498906511930e+00 3.082105449999846591e+00 -8.837146143513906482e-01 6.749471104475175398e-01
3.600000000000000000e+01 -4.478159548961884617e+00 3.005873477728770116e+00 -1.041878796528848516e+00 1.122968887199652599e+00
3.700000000000000000e+01 -5.707535337507922080e+00 2.270507780028181877e+00 -1.143912558059533513e+00 1.622699005597238120e+00
3.800000000000000000e+01 -6.828735757099753556e+00 7.110651617620824538e-01 -1.174230457128133231e+00 1.624243566639552272e+00
3.900000000000000000e+01 -8.098711125383458054e+00 -1.157393486044263842e+00 -1.317297546038165512e+00 1.605082274457318769e+00
4.000000000000000000e+01 -1.110860174535522660e+01 -4.632316823092675229e+00 -1.722078503378408509e+00 1.336448531827627129e+00
4.100000000000000000e+01 -9.760902655540128592e+00 -7.112406329108234004e+00 -1.769069213802689111e+00 1.273716523151279922e+00
4.200000000000000000e+01 -8.240531556677284541e+00 -9.072223218102106301e+00 -1.895355618484489968e+00 1.556047971627135151e+00
4.300000000000000000e+01 -5.941942231213974246e+00 -1.001597110197988805e+01 -1.881598212569651540e+00 9.474078144483366604e-01
4.400000000000000000e+01 -5.061829989650463268e+00 -1.066393022327613238e+01 -1.887640674209265512e+00 5.744092104913209873e-01
4.500000000000000000e+01 -3.529707041638366238e+00 -1.095758004148091835e+01 -2.007710685606717949e+00 4.797354817571200525e-01
4.600000000000000000e+01 -1.709886350548242451e+00 -1.088434432355761494e+01 -2.065952659354133303e+00 -3.972010632969349975e-02
4.700000000000000000e+01 -1.420666250472100378e+00 -1.116803586864842046e+01 -2.106276656178358575e+00 -1.737292768931530604e-02
4.800000000000000000e+01 -9.492616248843542825e-01 -1.060062331074634834e+01 -2.171036710281602389e+00 1.642782886529594033e-01
4.900000000000000000e+01 -7.906828583549910805e-01 -1.042036158896087272e+01 -2.211638540959789623e+00 2.490251785082400471e-01
5.000000000000000000e+01 -7.378413690242447975e-01 -1.023023718986933162e+01 -2.221826046203679184e+00 2.878019946675512974e-01
5.100000000000000000e+01 -5.498254593162038573e-01 -1.048639944734480522e+01 -2.262914617145287632e+00 1.943096358585105488e-01
5.200000000000000000e+01 -6.399028488517873869e-01 -1.065456483397051279e+01 -2.243203103840881951e+00 1.922335878145508548e-01
5.300000000000000000e+01 -3.224186501601056798e-01 -1.007562702791710940e+01 -2.279473341750500648e+00 1.689809147574478435e-02
5.400000000000000000e+01 -1.984980079487533577e-01 -9.641727930280302061e+00 -2.296994521397358824e+00 3.470404272578487409e-02
5.500000000000000000e+01 -2.959017930708413568e-01 -9.581453650529203614e+00 -2.307393305504715997e+00 6.125056794291103973e-02
5.600000000000000000e+01 -2.754727370906407402e-01 -9.715147217703897553e+00 -2.309752333148373804e+00 5.502695890787226429e-02
5.700000000000000000e+01 -3.068387688566057148e-01 -9.195138452524709294e+00 -2.331799430543381568e+00 4.482619487398661895e-02
5.800000000000000000e+01 -2.118143540429353044e-01 -9.435071035239412041e+00 -2.307990227398903027e+00 2.264794830740924497e-02
5.900000000000000000e+01 -1.292103751567907632e-01 -9.986607933952855731e+00 -2.281692919030100519e+00 5.421332530940400907e-02
6.000000000000000000e+01 -4.407414802308486368e-01 -9.036884179507094217e+00 -2.250239144241310552e+00 2.112260624311068646e-01
6.100000000000000000e+01 -1.727763964751744818e-01 -8.961436346285214682e+00 -2.241373591899075368e+00 4.027123063293862326e-02
6.200000000000000000e+01 -1.343328663148054269e-01 -9.385787895787164103e+00 -2.282907500022800740e+00 5.857113861465092913e-02
6.300000000000000000e+01 -8.047398220605121721e-02 -9.562082570746188281e+00 -2.267956306576788705e+00 5.089823311623125485e-02
6.400000000000000000e+01 -1.375941320384296840e-01 -9.159222330086665309e+00 -2.278098332095085610e+00 5.213139755820786481e-02
6.500000000000000000e+01 -8.094895806063828747e-02 -9.498399273793976860e+00 -2.296051656215423176e+00 -4.804458326147231090e-02
6.600000000000000000e+01 -1.104965638092951230e-01 -9.708947920772958540e+00 -2.244304174476547953e+00 -9.962886451595741061e-04
6.700000000000000000e+01 -2.410237493722907631e-01 -9.779828513390954825e+00 -2.270937389570828024e+00 8.086911275166817903e-02
6.800000000000000000e+01 -7.020898420062075818e-02 -8.875610165783617944e+00 -2.251304112011714764e+00 4.763374509363418191e-02
6.900000000000000000e+01 -2.787672538017537671e-01 -8.836414915202729148e+00 -2.238789905536093361e+00 7.989712478454809308e-02
7.000000000000000000e+01 -2.573102328610253342e-01 -9.386900856522355951e+00 -2.251751208649851232e+00 6.983975783999338272e-02
7.100000000000000000e+01 2.647463592050557923e-01 -9.171580430165677811e+00 -2.221489637948870666e+00 -1.493842349649862622e-01
7.200000000000000000e+01 1.838589712843503865e-01 -9.724038498551353271e+00 -2.264303101779053584e+00 -6.787780925860684156e-02
7.300000000000000000e+01 1.114442407144383002e-01 -9.557026102108729049e+00 -2.273817215699415861e+00 -4.384063934176350708e-02
7.400000000000000000e+01 3.431018420779223810e-01 -8.937767173239960172e+00 -2.247147662772754018e+00 -1.707763727634243056e-01
7.500000000000000000e+01 2.307492428242356453e-01 -9.365259373822020450e+00 -2.223549198347884115e+00 -3.892233639512407417e-02
7.600000000000000000e+01 3.020372285572029414e-01 -9.326472683555094179e+00 -2.244531764081485914e+00 -9.146383570376596939e-02
7.700000000000000000e+01 3.542508441724150359e-01 -9.255679480806778159e+00 -2.242511573499047728e+00 -1.556296153001609228e-01
7.800000000000000000e+01 2.385823640578051130e-01 -9.710428160809037479e+00 -2.224305639352119890e+00 -1.385781742856955212e-01
7.900000000000000000e+01 3.556672287132647270e-01 -9.487087476946987508e+00 -2.254366480548210205e+00 -1.556385740263183104e-01
8.000000000000000000e+01 1.528193606532594895e-01 -8.933301027054058707e+00 -2.239381702971471100e+00 -1.312513692865906884e-02
8.100000000000000000e+01 -4.838968066649439875e-02 -9.189979688219203524e+00 -2.237433062886232005e+00 8.668777589476200918e-02
8.200000000000000000e+01 5.315908592345155309e-02 -9.566207587608753116e+00 -2.213647834583803320e+00 -3.534676272094969263e-02
8.300000000000000000e+01 1.551920557257263356e-01 -9.267599200328461961e+00 -2.256464515231683787e+00 -2.232858818232077644e-02
8.400000000000000000e+01 7.359290242101766688e-02 -9.536830489690268919e+00 -2.282177342069428683e+00 2.975393011448729252e-02
8.500000000000000000e+01 2.512830551325198614e-01 -9.292974099744526484e+00 -2.243967686291415298e+00 -1.635701826515376933e-01
8.600000000000000000e+01 1.926064822002675203e-01 -9.625683438097290434e+00 -2.239932931133506333e+00 -8.914779479735597534e-02
8.700000000000000000e+01 1.342534394133940712e-01 -9.277464204147861437e+00 -2.211270095631468813e+00 -8.845251772684960268e-02
8.800000000000000000e+01 -9.955695789941111304e-03 -9.687313356827047528e+00 -2.274899258589518691e+00 1.272930138234772413e-01
8.900000000000000000e+01 4.050032617027973791e-02 -9.188019535757375067e+00 -2.255544808163313597e+00 1.041838839887215401e-01
9.000000000000000000e+01 8.847651173057345664e-02 -9.303434887055516356e+00 -2.271687749688057867e+00 -4.810871746433133950e-02
9.100000000000000000e+01 9.549229978561217524e-02 -9.107930209156318568e+00 -2.267035283034199988e+00 2.812444545415734506e-02
9.200000000000000000e+01 8.964838843643793687e-02 -9.467969208012039672e+00 -2.224174094771089738e+00 -3.961302608891712623e-02
9.300000000000000000e+01 1.802526760431123476e-01 -9.256852055109803246e+00 -2.236926029438443653e+00 -5.581697906764996470e-02
9.400000000000000000e+01 7.958221896059598788e-02 -8.993745593036996056e+00 -2.252989741325293505e+00 -1.603049805183854454e-02
9.500000000000000000e+01 4.319817816779777248e-02 -8.930633901894594828e+00 -2.229618073063087458e+00 -1.283884046402964663e-01
9.600000000000000000e+01 1.304734884076509671e-01 -9.275693066727937364e+00 -2.233616976189219727e+00 -4.548968675549514007e-02
9.700000000000000000e+01 -9.232301947048357493e-02 -9.063904603660674297e+00 -2.228043590599693147e+00 1.950898437317078737e-01
9.800000000000000000e+01 1.299241972856287342e-01 -8.948081820464187430e+00 -2.225975530585605267e+00 -1.204076046272500450e-01
9.900000000000000000e+01 1.269353809084077522e-01 -9.211668231741922952e+00 -2.248125778306830913e+00 -1.035248222577122290e-01
1.000000000000000000e+02 -3.166165084059137987e-03 -9.145222969001004287e+00 -2.232649377985167050e+00 1.441159168651124679e-02
1.010000000000000000e+02 1.328949853449150897e-01 -9.365292185402775971e+00 -2.215125615577440588e+00 -5.374631977824255100e-03
1.020000000000000000e+02 5.643045958952997571e-02 -9.329005117104946621e+00 -2.230896874023271970e+00 -5.144880350686200678e-03
1.030000000000000000e+02 2.975082937326104307e-02 -9.103287743694290057e+00 -2.264322390178898026e+00 -3.312227797579370830e-02
1.040000000000000000e+02 -4.206088086237822626e-02 -9.208885654877615679e+00 -2.236157199802974560e+00 6.176244109340364719e-02
1.050000000000000000e+02 -1.269858805234575505e-01 -9.261020955592337955e+00 -2.198163148151822899e+00 7.470443665713849546e-02
1.060000000000000000e+02 3.677714689157322164e-02 -9.465203094077899948e+00 -2.251862875917485241e+00 -3.284231698893525647e-02
1.070000000000000000e+02 -5.884197601235520436e-02 -8.903584643877449523e+00 -2.220506226467251043e+00 2.618768568975084199e-02
1.080000000000000000e+02 -9.874169177961249211e-02 -9.442961325062176670e+00 -2.230415756304572117e+00 -5.361418024024346834e-02
1.090000000000000000e+02 1.038731960689962125e-01 -9.130258849579366398e+00 -2.217979774305527840e+00 -8.205410474676314014e-02
1.100000000000000000e+02 4.510581618924910247e-02 -9.130989560778884240e+00 -2.244249420421485119e+00 -1.435643703714215014e-01
1.110000000000000000e+02 -8.466518803248475333e-02 -9.283235024467817453e+00 -2.259165255572356035e+00 1.661976492733985636e-02
1.120000000000000000e+02 -4.223842893069251064e-02 -9.427810570506659715e+00 -2.225521880871462077e+00 1.585364483552458362e-02
1.130000000000000000e+02 1.483262854395387131e-01 -9.368617767515882377e+00 -2.247619858338542720e+00 -1.197145484224353823e-01
1.140000000000000000e+02 -6.715556962711746736e-02 -9.551098125753906487e+00 -2.234333447013236107e+00 -5.516322546533677929e-02
1.150000000000000000e+02 -1.507259532467981611e-01 -9.326438793620354772e+00 -2.252866813844592642e+00 3.792331727786378559e-02
1.160000000000000000e+02 5.969394381398597516e-02 -9.190402940909116580e+00 -2.213833646942287903e+00 -4.109812153807883978e-02
1.170000000000000000e+02 -1.007660601021347635e-01 -9.554653073314144152e+00 -2.253645603573222189e+00 2.460449391108712400e-02
1.180000000000000000e+02 4.164175128213723487e-02 -9.606650556665350393e+00 -2.248469098566848512e+00 -8.872377241097835487e-02
1.190000000000000000e+02 -2.743895531302741053e-02 -9.362482063074338612e+00 -2.247668476311008856e+00 2.613381106836290199e-02
1.200000000000000000e+02 1.182080631468238885e-01 -9.111107132276378806e+00 -2.246494384045318427e+00 -1.406531987687372476e-01
1.210000000000000000e+02 9.942144437732447493e-03 -9.421316954726878024e+00 -2.247475714425571258e+00 -1.155838291735564356e-02
1.220000000000000000e+02 -9.273418479333571385e-03 -9.270533553631034707e+00 -2.257751113085033623e+00 4.555755429386483708e-03
1.230000000000000000e+02 2.992457910391717671e-02 -9.428104346808339642e+00 -2.262840923447845931e+00 -6.941102930996760623e-02
1.240000000000000000e+02 -8.828236456643824472e-04 -9.199394327973932306e+00 -2.276233972853610510e+00 -4.679386836162234727e-03
1.250000000000000000e+02 1.482106172026114443e-01 -9.482809802008240752e+00 -2.281820944544263874e+00 -1.293541762558900188e-01
1.260000000000000000e+02 3.371104063382460853e-02 -9.812795305885774866e+00 -2.263893668869903397e+00 -4.182269593769331884e-02
1.270000000000000000e+02 3.813036812614539056e-02 -9.647678164317872174e+00 -2.197149539425548692e+00 7.137234741863067444e-02
1.280000000000000000e+02 5.444782711951956164e-03 -8.911232544474399830e+00 -2.233866994043063325e+00 -5.327483964697477675e-02
1.290000000000000000e+02 1.101906767061216069e-01 -8.950280222188885304e+00 -2.196208577183019539e+00 -5.110422380042486945e-02
1.300000000000000000e+02 1.226700929133451023e-01 -8.907204238379280881e+00 -2.138930792577099282e+00 -9.597649900685839564e-02
1.310000000000000000e+02 1.135431834494914638e-01 -8.421764297216617123e+00 -2.104131012833242664e+00 -1.045290828583485543e-01
1.320000000000000000e+02 2.578011844610290926e-02 -7.657146800927830732e+00 -2.073837258439737319e+00 -6.375262949834896442e-02
1.330000000000000000e+02 1.823616523267045444e-02 -7.736252017682217819e+00 -1.960026625153135083e+00 2.418953667738006283e-02
1.340000000000000000e+02 -1.658041956839027137e-02 -7.037563816062746724e+00 -1.935035436058402114e+00 2.616785649659395668e-02
1.350000000000000000e+02 -7.140632895186872775e-02 -6.766328508932647701e+00 -1.807169519480663844e+00 2.457236206804279052e-02
1.360000000000000000e+02 1.001065671164179799e-01 -6.181400092366621912e+00 -1.693814690592022831e+00 -1.226701219631041867e-01
1.370000000000000000e+02 1.099647732300205738e-01 -5.505898416845130150e+00 -1.595249721339453863e+00 -1.446458032534762295e-01
1.380000000000000000e+02 2.200267227075537041e-02 -5.191729455364749946e+00 -1.436007689547179389e+00 -1.369748089857549672e-02
1.390000000000000000e+02 -3.596452587127807465e-02 -4.688754154011526509e+00 -1.286485823492197200e+00 5.178200178655725100e-02
1.400000000000000000e+02 -2.155010049546747519e-02 -3.851648783215183336e+00 -1.129068142444836553e+00 3.302232353455160363e-02
1.410000000000000000e+02 -1.198150581780689505e-01 -3.235112407553387026e+00 -9.909094365529472759e-01 1.397118172990775564e-01
1.420000000000000000e+02 -6.911968680119517927e-02 -2.587240805671072508e+00 -8.547537877225994674e-01 7.185467777259818556e-02
1.430000000000000000e+02 -7.937640589167659078e-02 -2.015908661372082911e+00 -7.235168365280593150e-01 1.006293408575194559e-01
1.440000000000000000e+02 -8.564031384556947124e-02 -1.481358397103943902e+00 -5.919121485116906056e-01 1.002469256876058201e-01
1.450000000000000000e+02 -1.666385606060006783e-02 -1.073307017525000573e+00 -4.854094149530318592e-01 3.019966095908043630e-02
1.460000000000000000e+02 -4.808607398533397415e-02 -6.911471871518340970e-01 -3.813805901827269640e-01 5.057067691748502042e-02
1.470000000000000000e+02 7.297061615595820672e-02 -4.221562578209590577e-01 -2.769517100768278395e-01 -7.185273702245290051e-02
1.480000000000000000e+02 -1.619103345870891164e-02 -2.115593292824563820e-01 -1.842119764810099258e-01 1.590675807069296191e-02
1.490000000000000000e+02 3.682077387254764893e-03 -6.937787075245802071e-02 -9.222552472085474018e-02 -3.968806530053691113e-03
1.500000000000000000e+02 -0.000000000000000000e+00 -0.000000000000000000e+00 -0.000000000000000000e+00 -0.000000000000000000e+00
0.000000000000000000e+00 -2.974252184197224480e+00 -5.295470653445014442e+00 -1.630307269851173801e+00 -7.112315086776368478e-01
1.000000000000000000e+00 -2.642633414503344547e+00 -4.986414423863609002e+00 -1.507662733196696747e+00 -1.126816745676442633e+00
2.000000000000000000e+00 -2.418227755605048657e+00 -4.358082995258395265e+00 -1.364094345406909659e+00 -1.379407955922952622e+00
3.000000000000000000e+00 -2.181377225661492503e+00 -3.518406122708919170e+00 -1.202020438442270356e+00 -1.498193568396035014e+00
4.000000000000000000e+00 -2.227472581456012790e+00 -1.748295215644392719e+00 -1.033166271504614153e+00 -1.104149209219249972e+00
5.000000000000000000e+00 -1.785675002955080970e+00 -4.489789928858481383e-01 -9.086391066600376654e-01 -9.194988190285970919e-01
6.000000000000000000e+00 -1.138560019003515444e+00 7.131687916638557168e-01 -8.191468420611358603e-01 -7.054918195970368844e-01
7.000000000000000000e+00 7.518003903571202073e-02 1.590232318334792172e+00 -8.168883236661761416e-01 -6.251795317759873960e-01
8.000000000000000000e+00 1.755866730058868619e+00 3.046230408582832005e+00 -8.509048780762173969e-01 -7.883203435097953238e-02
9.000000000000000000e+00 3.106430548149829995e+00 2.235025132141057469e+00 -9.359296779673212940e-01 -6.297535079670626423e-01
1.000000000000000000e+01 4.287382758652396042e+00 1.458978536500364909e+00 -9.936792332313207909e-01 -8.375546250076765231e-01
1.100000000000000000e+01 6.302186852372384962e+00 3.526223928155984844e-01 -1.177339207906221707e+00 -8.784566435369893789e-01
1.200000000000000000e+01 7.174436323980699193e+00 -1.647886727553821373e+00 -1.344197779222393585e+00 -1.092776385133679584e+00
1.300000000000000000e+01 7.476394583545797445e+00 -3.692321442976968182e+00 -1.477003960340020683e+00 -1.108918024040729478e+00
1.400000000000000000e+01 6.933255489152062800e+00 -5.521864942691419031e+00 -1.592245975606148223e+00 -1.125756512567013701e+00
1.500000000000000000e+01 5.952722634478129216e+00 -7.042189682203916057e+00 -1.758947722373802591e+00 -1.228087186090296878e+00
1.600000000000000000e+01 4.657755072615989533e+00 -7.540686532381728036e+00 -1.821995597367026321e+00 -1.185177987529963284e+00
1.700000000000000000e+01 3.934703199526206951e+00 -8.095012654949673703e+00 -1.880704203180689538e+00 -8.317338622093568556e-01
1.800000000000000000e+01 3.290567530383193606e+00 -7.689598996255505803e+00 -1.954560187999324850e+00 -1.019550470335544246e+00
1.900000000000000000e+01 3.079471706905437145e+00 -7.440549013657445698e+00 -2.000218893634058581e+00 -9.712670013573047045e-01
2.000000000000000000e+01 3.146576045062294824e+00 -6.961771348082258726e+00 -2.022602579347600127e+00 -1.029156933610257507e+00
2.100000000000000000e+01 3.236414093408468862e+00 -6.849642860114026455e+00 -2.007276750021071088e+00 -7.654638977490114682e-01
2.200000000000000000e+01 3.717419456368422637e+00 -5.977195969391652319e+00 -1.979210491153272633e+00 -1.004971066964664983e+00
2.300000000000000000e+01 4.041914392264963851e+00 -5.363600205824874401e+00 -1.910762433353637491e+00 -9.339987718916957782e-01
2.400000000000000000e+01 4.360454955546972045e+00 -4.626344638083147665e+00 -1.820704160777476099e+00 -8.718920811417512073e-01
2.500000000000000000e+01 4.454183966431243924e+00 -3.999796521127027660e+00 -1.704114910693041329e+00 -6.627308173504322664e-01
2.600000000000000000e+01 4.482388485193737893e+00 -3.083971117475431178e+00 -1.555823516705114429e+00 -5.216040944590901729e-01
2.700000000000000000e+01 4.222447131817274268e+00 -1.959347060397282236e+00 -1.393175563204081646e+00 -2.885803902787291708e-01
2.800000000000000000e+01 3.677604979463073853e+00 -9.058844725725669900e-01 -1.225191584323421790e+00 -4.302373049752273443e-02
2.900000000000000000e+01 2.960496046065229425e+00 6.030886295173899514e-01 -1.118654106142564331e+00 1.423832010322783892e-01
3.000000000000000000e+01 2.166674492492299375e+00 1.027909457562115048e+00 -9.438663110627532049e-01 2.251073516077968240e-01
3.100000000000000000e+01 1.614426985488791821e+00 1.136767606548098941e+00 -7.316277614786536043e-01 1.856287181458424196e-01
3.200000000000000000e+01 4.534641704986289712e-01 1.910516310136822993e+00 -8.054941261495242033e-01 6.611416873831171825e-01
3.300000000000000000e+01 -6.553011902601156846e-01 2.473989394866052738e+00 -7.597717955373031185e-01 4.039268819661226417e-01
3.400000000000000000e+01 -2.141968053909726777e+00 3.412356023840664943e+00 -8.609706032928555741e-01 3.361313813062143385e-01
3.500000000000000000e+01 -2.905661498906511930e+00 3.082105449999846591e+00 -8.837146143513906482e-01 6.749471104475175398e-01
3.600000000000000000e+01 -4.478159548961884617e+00 3.005873477728770116e+00 -1.041878796528848516e+00 1.122968887199652599e+00
3.700000000000000000e+01 -5.707535337507922080e+00 2.270507780028181877e+00 -1.143912558059533513e+00 1.622699005597238120e+00
3.800000000000000000e+01 -6.828735757099753556e+00 7.110651617620824538e-01 -1.174230457128133231e+00 1.624243566639552272e+00
3.900000000000000000e+01 -8.098711125383458054e+00 -1.157393486044263842e+00 -1.317297546038165512e+00 1.605082274457318769e+00
4.000000000000000000e+01 -1.110860174535522660e+01 -4.632316823092675229e+00 -1.722078503378408509e+00 1.336448531827627129e+00
4.100000000000000000e+01 -9.760902655540128592e+00 -7.112406329108234004e+00 -1.769069213802689111e+00 1.273716523151279922e+00
4.200000000000000000e+01 -8.240531556677284541e+00 -9.072223218102106301e+00 -1.895355618484489968e+00 1.556047971627135151e+00
4.300000000000000000e+01 -5.941942231213974246e+00 -1.001597110197988805e+01 -1.881598212569651540e+00 9.474078144483366604e-01
4.400000000000000000e+01 -5.061829989650463268e+00 -1.066393022327613238e+01 -1.887640674209265512e+00 5.744092104913209873e-01
4.500000000000000000e+01 -3.529707041638366238e+00 -1.095758004148091835e+01 -2.007710685606717949e+00 4.797354817571200525e-01
4.600000000000000000e+01 -1.709886350548242451e+00 -1.088434432355761494e+01 -2.065952659354133303e+00 -3.972010632969349975e-02
4.700000000000000000e+01 -1.420666250472100378e+00 -1.116803586864842046e+01 -2.106276656178358575e+00 -1.737292768931530604e-02
4.800000000000000000e+01 -9.492616248843542825e-01 -1.060062331074634834e+01 -2.171036710281602389e+00 1.642782886529594033e-01
4.900000000000000000e+01 -7.906828583549910805e-01 -1.042036158896087272e+01 -2.211638540959789623e+00 2.490251785082400471e-01
5.000000000000000000e+01 -7.378413690242447975e-01 -1.023023718986933162e+01 -2.221826046203679184e+00 2.878019946675512974e-01
5.100000000000000000e+01 -5.498254593162038573e-01 -1.048639944734480522e+01 -2.262914617145287632e+00 1.943096358585105488e-01
5.200000000000000000e+01 -6.399028488517873869e-01 -1.065456483397051279e+01 -2.243203103840881951e+00 1.922335878145508548e-01
5.300000000000000000e+01 -3.224186501601056798e-01 -1.007562702791710940e+01 -2.279473341750500648e+00 1.689809147574478435e-02
5.400000000000000000e+01 -1.984980079487533577e-01 -9.641727930280302061e+00 -2.296994521397358824e+00 3.470404272578487409e-02
5.500000000000000000e+01 -2.959017930708413568e-01 -9.581453650529203614e+00 -2.307393305504715997e+00 6.125056794291103973e-02
5.600000000000000000e+01 -2.754727370906407402e-01 -9.715147217703897553e+00 -2.309752333148373804e+00 5.502695890787226429e-02
5.700000000000000000e+01 -3.068387688566057148e-01 -9.195138452524709294e+00 -2.331799430543381568e+00 4.482619487398661895e-02
5.800000000000000000e+01 -2.118143540429353044e-01 -9.435071035239412041e+00 -2.307990227398903027e+00 2.264794830740924497e-02
5.900000000000000000e+01 -1.292103751567907632e-01 -9.986607933952855731e+00 -2.281692919030100519e+00 5.421332530940400907e-02
6.000000000000000000e+01 -4.407414802308486368e-01 -9.036884179507094217e+00 -2.250239144241310552e+00 2.112260624311068646e-01
6.100000000000000000e+01 -1.727763964751744818e-01 -8.961436346285214682e+00 -2.241373591899075368e+00 4.027123063293862326e-02
6.200000000000000000e+01 -1.343328663148054269e-01 -9.385787895787164103e+00 -2.282907500022800740e+00 5.857113861465092913e-02
6.300000000000000000e+01 -8.047398220605121721e-02 -9.562082570746188281e+00 -2.267956306576788705e+00 5.089823311623125485e-02
6.400000000000000000e+01 -1.375941320384296840e-01 -9.159222330086665309e+00 -2.278098332095085610e+00 5.213139755820786481e-02
6.500000000000000000e+01 -8.094895806063828747e-02 -9.498399273793976860e+00 -2.296051656215423176e+00 -4.804458326147231090e-02
6.600000000000000000e+01 -1.104965638092951230e-01 -9.708947920772958540e+00 -2.244304174476547953e+00 -9.962886451595741061e-04
6.700000000000000000e+01 -2.410237493722907631e-01 -9.779828513390954825e+00 -2.270937389570828024e+00 8.086911275166817903e-02
6.800000000000000000e+01 -7.020898420062075818e-02 -8.875610165783617944e+00 -2.251304112011714764e+00 4.763374509363418191e-02
6.900000000000000000e+01 -2.787672538017537671e-01 -8.836414915202729148e+00 -2.238789905536093361e+00 7.989712478454809308e-02
7.000000000000000000e+01 -2.573102328610253342e-01 -9.386900856522355951e+00 -2.251751208649851232e+00 6.983975783999338272e-02
7.100000000000000000e+01 2.647463592050557923e-01 -9.171580430165677811e+00 -2.221489637948870666e+00 -1.493842349649862622e-01
7.200000000000000000e+01 1.838589712843503865e-01 -9.724038498551353271e+00 -2.264303101779053584e+00 -6.787780925860684156e-02
7.300000000000000000e+01 1.114442407144383002e-01 -9.557026102108729049e+00 -2.273817215699415861e+00 -4.384063934176350708e-02
7.400000000000000000e+01 3.431018420779223810e-01 -8.937767173239960172e+00 -2.247147662772754018e+00 -1.707763727634243056e-01
7.500000000000000000e+01 2.307492428242356453e-01 -9.365259373822020450e+00 -2.223549198347884115e+00 -3.892233639512407417e-02
7.600000000000000000e+01 3.020372285572029414e-01 -9.326472683555094179e+00 -2.244531764081485914e+00 -9.146383570376596939e-02
7.700000000000000000e+01 3.542508441724150359e-01 -9.255679480806778159e+00 -2.242511573499047728e+00 -1.556296153001609228e-01
7.800000000000000000e+01 2.385823640578051130e-01 -9.710428160809037479e+00 -2.224305639352119890e+00 -1.385781742856955212e-01
7.900000000000000000e+01 3.556672287132647270e-01 -9.487087476946987508e+00 -2.254366480548210205e+00 -1.556385740263183104e-01
8.000000000000000000e+01 1.528193606532594895e-01 -8.933301027054058707e+00 -2.239381702971471100e+00 -1.312513692865906884e-02
8.100000000000000000e+01 -4.838968066649439875e-02 -9.189979688219203524e+00 -2.237433062886232005e+00 8.668777589476200918e-02
8.200000000000000000e+01 5.315908592345155309e-02 -9.566207587608753116e+00 -2.213647834583803320e+00 -3.534676272094969263e-02
8.300000000000000000e+01 1.551920557257263356e-01 -9.267599200328461961e+00 -2.256464515231683787e+00 -2.232858818232077644e-02
8.400000000000000000e+01 7.359290242101766688e-02 -9.536830489690268919e+00 -2.282177342069428683e+00 2.975393011448729252e-02
8.500000000000000000e+01 2.512830551325198614e-01 -9.292974099744526484e+00 -2.243967686291415298e+00 -1.635701826515376933e-01
8.600000000000000000e+01 1.926064822002675203e-01 -9.625683438097290434e+00 -2.239932931133506333e+00 -8.914779479735597534e-02
8.700000000000000000e+01 1.342534394133940712e-01 -9.277464204147861437e+00 -2.211270095631468813e+00 -8.845251772684960268e-02
8.800000000000000000e+01 -9.955695789941111304e-03 -9.687313356827047528e+00 -2.274899258589518691e+00 1.272930138234772413e-01
8.900000000000000000e+01 4.050032617027973791e-02 -9.188019535757375067e+00 -2.255544808163313597e+00 1.041838839887215401e-01
9.000000000000000000e+01 8.847651173057345664e-02 -9.303434887055516356e+00 -2.271687749688057867e+00 -4.810871746433133950e-02
9.100000000000000000e+01 9.549229978561217524e-02 -9.107930209156318568e+00 -2.267035283034199988e+00 2.812444545415734506e-02
9.200000000000000000e+01 8.964838843643793687e-02 -9.467969208012039672e+00 -2.224174094771089738e+00 -3.961302608891712623e-02
9.300000000000000000e+01 1.802526760431123476e-01 -9.256852055109803246e+00 -2.236926029438443653e+00 -5.581697906764996470e-02
9.400000000000000000e+01 7.958221896059598788e-02 -8.993745593036996056e+00 -2.252989741325293505e+00 -1.603049805183854454e-02
9.500000000000000000e+01 4.319817816779777248e-02 -8.930633901894594828e+00 -2.229618073063087458e+00 -1.283884046402964663e-01
9.600000000000000000e+01 1.304734884076509671e-01 -9.275693066727937364e+00 -2.233616976189219727e+00 -4.548968675549514007e-02
9.700000000000000000e+01 -9.232301947048357493e-02 -9.063904603660674297e+00 -2.228043590599693147e+00 1.950898437317078737e-01
9.800000000000000000e+01 1.299241972856287342e-01 -8.948081820464187430e+00 -2.225975530585605267e+00 -1.204076046272500450e-01
9.900000000000000000e+01 1.269353809084077522e-01 -9.211668231741922952e+00 -2.248125778306830913e+00 -1.035248222577122290e-01
1.000000000000000000e+02 -3.166165084059137987e-03 -9.145222969001004287e+00 -2.232649377985167050e+00 1.441159168651124679e-02
1.010000000000000000e+02 1.328949853449150897e-01 -9.365292185402775971e+00 -2.215125615577440588e+00 -5.374631977824255100e-03
1.020000000000000000e+02 5.643045958952997571e-02 -9.329005117104946621e+00 -2.230896874023271970e+00 -5.144880350686200678e-03
1.030000000000000000e+02 2.975082937326104307e-02 -9.103287743694290057e+00 -2.264322390178898026e+00 -3.312227797579370830e-02
1.040000000000000000e+02 -4.206088086237822626e-02 -9.208885654877615679e+00 -2.236157199802974560e+00 6.176244109340364719e-02
1.050000000000000000e+02 -1.269858805234575505e-01 -9.261020955592337955e+00 -2.198163148151822899e+00 7.470443665713849546e-02
1.060000000000000000e+02 3.677714689157322164e-02 -9.465203094077899948e+00 -2.251862875917485241e+00 -3.284231698893525647e-02
1.070000000000000000e+02 -5.884197601235520436e-02 -8.903584643877449523e+00 -2.220506226467251043e+00 2.618768568975084199e-02
1.080000000000000000e+02 -9.874169177961249211e-02 -9.442961325062176670e+00 -2.230415756304572117e+00 -5.361418024024346834e-02
1.090000000000000000e+02 1.038731960689962125e-01 -9.130258849579366398e+00 -2.217979774305527840e+00 -8.205410474676314014e-02
1.100000000000000000e+02 4.510581618924910247e-02 -9.130989560778884240e+00 -2.244249420421485119e+00 -1.435643703714215014e-01
1.110000000000000000e+02 -8.466518803248475333e-02 -9.283235024467817453e+00 -2.259165255572356035e+00 1.661976492733985636e-02
1.120000000000000000e+02 -4.223842893069251064e-02 -9.427810570506659715e+00 -2.225521880871462077e+00 1.585364483552458362e-02
1.130000000000000000e+02 1.483262854395387131e-01 -9.368617767515882377e+00 -2.247619858338542720e+00 -1.197145484224353823e-01
1.140000000000000000e+02 -6.715556962711746736e-02 -9.551098125753906487e+00 -2.234333447013236107e+00 -5.516322546533677929e-02
1.150000000000000000e+02 -1.507259532467981611e-01 -9.326438793620354772e+00 -2.252866813844592642e+00 3.792331727786378559e-02
1.160000000000000000e+02 5.969394381398597516e-02 -9.190402940909116580e+00 -2.213833646942287903e+00 -4.109812153807883978e-02
1.170000000000000000e+02 -1.007660601021347635e-01 -9.554653073314144152e+00 -2.253645603573222189e+00 2.460449391108712400e-02
1.180000000000000000e+02 4.164175128213723487e-02 -9.606650556665350393e+00 -2.248469098566848512e+00 -8.872377241097835487e-02
1.190000000000000000e+02 -2.743895531302741053e-02 -9.362482063074338612e+00 -2.247668476311008856e+00 2.613381106836290199e-02
1.200000000000000000e+02 1.182080631468238885e-01 -9.111107132276378806e+00 -2.246494384045318427e+00 -1.406531987687372476e-01
1.210000000000000000e+02 9.942144437732447493e-03 -9.421316954726878024e+00 -2.247475714425571258e+00 -1.155838291735564356e-02
1.220000000000000000e+02 -9.273418479333571385e-03 -9.270533553631034707e+00 -2.257751113085033623e+00 4.555755429386483708e-03
1.230000000000000000e+02 2.992457910391717671e-02 -9.428104346808339642e+00 -2.262840923447845931e+00 -6.941102930996760623e-02
1.240000000000000000e+02 -8.828236456643824472e-04 -9.199394327973932306e+00 -2.276233972853610510e+00 -4.679386836162234727e-03
1.250000000000000000e+02 1.482106172026114443e-01 -9.482809802008240752e+00 -2.281820944544263874e+00 -1.293541762558900188e-01
1.260000000000000000e+02 3.371104063382460853e-02 -9.812795305885774866e+00 -2.263893668869903397e+00 -4.182269593769331884e-02
1.270000000000000000e+02 3.813036812614539056e-02 -9.647678164317872174e+00 -2.197149539425548692e+00 7.137234741863067444e-02
1.280000000000000000e+02 5.444782711951956164e-03 -8.911232544474399830e+00 -2.233866994043063325e+00 -5.327483964697477675e-02
1.290000000000000000e+02 1.101906767061216069e-01 -8.950280222188885304e+00 -2.196208577183019539e+00 -5.110422380042486945e-02
1.300000000000000000e+02 1.226700929133451023e-01 -8.907204238379280881e+00 -2.138930792577099282e+00 -9.597649900685839564e-02
1.310000000000000000e+02 1.135431834494914638e-01 -8.421764297216617123e+00 -2.104131012833242664e+00 -1.045290828583485543e-01
1.320000000000000000e+02 2.578011844610290926e-02 -7.657146800927830732e+00 -2.073837258439737319e+00 -6.375262949834896442e-02
1.330000000000000000e+02 1.823616523267045444e-02 -7.736252017682217819e+00 -1.960026625153135083e+00 2.418953667738006283e-02
1.340000000000000000e+02 -1.658041956839027137e-02 -7.037563816062746724e+00 -1.935035436058402114e+00 2.616785649659395668e-02
1.350000000000000000e+02 -7.140632895186872775e-02 -6.766328508932647701e+00 -1.807169519480663844e+00 2.457236206804279052e-02
1.360000000000000000e+02 1.001065671164179799e-01 -6.181400092366621912e+00 -1.693814690592022831e+00 -1.226701219631041867e-01
1.370000000000000000e+02 1.099647732300205738e-01 -5.505898416845130150e+00 -1.595249721339453863e+00 -1.446458032534762295e-01
1.380000000000000000e+02 2.200267227075537041e-02 -5.191729455364749946e+00 -1.436007689547179389e+00 -1.369748089857549672e-02
1.390000000000000000e+02 -3.596452587127807465e-02 -4.688754154011526509e+00 -1.286485823492197200e+00 5.178200178655725100e-02
1.400000000000000000e+02 -2.155010049546747519e-02 -3.851648783215183336e+00 -1.129068142444836553e+00 3.302232353455160363e-02
1.410000000000000000e+02 -1.198150581780689505e-01 -3.235112407553387026e+00 -9.909094365529472759e-01 1.397118172990775564e-01
1.420000000000000000e+02 -6.911968680119517927e-02 -2.587240805671072508e+00 -8.547537877225994674e-01 7.185467777259818556e-02
1.430000000000000000e+02 -7.937640589167659078e-02 -2.015908661372082911e+00 -7.235168365280593150e-01 1.006293408575194559e-01
1.440000000000000000e+02 -8.564031384556947124e-02 -1.481358397103943902e+00 -5.919121485116906056e-01 1.002469256876058201e-01
1.450000000000000000e+02 -1.666385606060006783e-02 -1.073307017525000573e+00 -4.854094149530318592e-01 3.019966095908043630e-02
1.460000000000000000e+02 -4.808607398533397415e-02 -6.911471871518340970e-01 -3.813805901827269640e-01 5.057067691748502042e-02
1.470000000000000000e+02 7.297061615595820672e-02 -4.221562578209590577e-01 -2.769517100768278395e-01 -7.185273702245290051e-02
1.480000000000000000e+02 -1.619103345870891164e-02 -2.115593292824563820e-01 -1.842119764810099258e-01 1.590675807069296191e-02
1.490000000000000000e+02 3.682077387254764893e-03 -6.937787075245802071e-02 -9.222552472085474018e-02 -3.968806530053691113e-03
1.500000000000000000e+02 -0.000000000000000000e+00 -0.000000000000000000e+00 -0.000000000000000000e+00 -0.000000000000000000e+00
0.000000000000000000e+00 -2.974252184197224480e+00 -5.295470653445014442e+00 -1.630307269851173801e+00 -7.112315086776368478e-01
1.000000000000000000e+00 -2.642633414503344547e+00 -4.986414423863609002e+00 -1.507662733196696747e+00 -1.126816745676442633e+00
2.000000000000000000e+00 -2.418227755605048657e+00 -4.358082995258395265e+00 -1.364094345406909659e+00 -1.379407955922952622e+00
3.000000000000000000e+00 -2.181377225661492503e+00 -3.518406122708919170e+00 -1.202020438442270356e+00 -1.498193568396035014e+00
4.000000000000000000e+00 -2.227472581456012790e+00 -1.748295215644392719e+00 -1.033166271504614153e+00 -1.104149209219249972e+00
5.000000000000000000e+00 -1.785675002955080970e+00 -4.489789928858481383e-01 -9.086391066600376654e-01 -9.194988190285970919e-01
6.000000000000000000e+00 -1.138560019003515444e+00 7.131687916638557168e-01 -8.191468420611358603e-01 -7.054918195970368844e-01
7.000000000000000000e+00 7.518003903571202073e-02 1.590232318334792172e+00 -8.168883236661761416e-01 -6.251795317759873960e-01
8.000000000000000000e+00 1.755866730058868619e+00 3.046230408582832005e+00 -8.509048780762173969e-01 -7.883203435097953238e-02
9.000000000000000000e+00 3.106430548149829995e+00 2.235025132141057469e+00 -9.359296779673212940e-01 -6.297535079670626423e-01
1.000000000000000000e+01 4.287382758652396042e+00 1.458978536500364909e+00 -9.936792332313207909e-01 -8.375546250076765231e-01
1.100000000000000000e+01 6.302186852372384962e+00 3.526223928155984844e-01 -1.177339207906221707e+00 -8.784566435369893789e-01
1.200000000000000000e+01 7.174436323980699193e+00 -1.647886727553821373e+00 -1.344197779222393585e+00 -1.092776385133679584e+00
1.300000000000000000e+01 7.476394583545797445e+00 -3.692321442976968182e+00 -1.477003960340020683e+00 -1.108918024040729478e+00
1.400000000000000000e+01 6.933255489152062800e+00 -5.521864942691419031e+00 -1.592245975606148223e+00 -1.125756512567013701e+00
1.500000000000000000e+01 5.952722634478129216e+00 -7.042189682203916057e+00 -1.758947722373802591e+00 -1.228087186090296878e+00
1.600000000000000000e+01 4.657755072615989533e+00 -7.540686532381728036e+00 -1.821995597367026321e+00 -1.185177987529963284e+00
1.700000000000000000e+01 3.934703199526206951e+00 -8.095012654949673703e+00 -1.880704203180689538e+00 -8.317338622093568556e-01
1.800000000000000000e+01 3.290567530383193606e+00 -7.689598996255505803e+00 -1.954560187999324850e+00 -1.019550470335544246e+00
1.900000000000000000e+01 3.079471706905437145e+00 -7.440549013657445698e+00 -2.000218893634058581e+00 -9.712670013573047045e-01
2.000000000000000000e+01 3.146576045062294824e+00 -6.961771348082258726e+00 -2.022602579347600127e+00 -1.029156933610257507e+00
2.100000000000000000e+01 3.236414093408468862e+00 -6.849642860114026455e+00 -2.007276750021071088e+00 -7.654638977490114682e-01
2.200000000000000000e+01 3.717419456368422637e+00 -5.977195969391652319e+00 -1.979210491153272633e+00 -1.004971066964664983e+00
2.300000000000000000e+01 4.041914392264963851e+00 -5.363600205824874401e+00 -1.910762433353637491e+00 -9.339987718916957782e-01
2.400000000000000000e+01 4.360454955546972045e+00 -4.626344638083147665e+00 -1.820704160777476099e+00 -8.718920811417512073e-01
2.500000000000000000e+01 4.454183966431243924e+00 -3.999796521127027660e+00 -1.704114910693041329e+00 -6.627308173504322664e-01
2.600000000000000000e+01 4.482388485193737893e+00 -3.083971117475431178e+00 -1.555823516705114429e+00 -5.216040944590901729e-01
2.700000000000000000e+01 4.222447131817274268e+00 -1.959347060397282236e+00 -1.393175563204081646e+00 -2.885803902787291708e-01
2.800000000000000000e+01 3.677604979463073853e+00 -9.058844725725669900e-01 -1.225191584323421790e+00 -4.302373049752273443e-02
2.900000000000000000e+01 2.960496046065229425e+00 6.030886295173899514e-01 -1.118654106142564331e+00 1.423832010322783892e-01
3.000000000000000000e+01 2.166674492492299375e+00 1.027909457562115048e+00 -9.438663110627532049e-01 2.251073516077968240e-01
3.100000000000000000e+01 1.614426985488791821e+00 1.136767606548098941e+00 -7.316277614786536043e-01 1.856287181458424196e-01
3.200000000000000000e+01 4.534641704986289712e-01 1.910516310136822993e+00 -8.054941261495242033e-01 6.611416873831171825e-01
3.300000000000000000e+01 -6.553011902601156846e-01 2.473989394866052738e+00 -7.597717955373031185e-01 4.039268819661226417e-01
3.400000000000000000e+01 -2.141968053909726777e+00 3.412356023840664943e+00 -8.609706032928555741e-01 3.361313813062143385e-01
3.500000000000000000e+01 -2.905661498906511930e+00 3.082105449999846591e+00 -8.837146143513906482e-01 6.749471104475175398e-01
3.600000000000000000e+01 -4.478159548961884617e+00 3.005873477728770116e+00 -1.041878796528848516e+00 1.122968887199652599e+00
3.700000000000000000e+01 -5.707535337507922080e+00 2.270507780028181877e+00 -1.143912558059533513e+00 1.622699005597238120e+00
3.800000000000000000e+01 -6.828735757099753556e+00 7.110651617620824538e-01 -1.174230457128133231e+00 1.624243566639552272e+00
3.900000000000000000e+01 -8.098711125383458054e+00 -1.157393486044263842e+00 -1.317297546038165512e+00 1.605082274457318769e+00
4.000000000000000000e+01 -1.110860174535522660e+01 -4.632316823092675229e+00 -1.722078503378408509e+00 1.336448531827627129e+00
4.100000000000000000e+01 -9.760902655540128592e+00 -7.112406329108234004e+00 -1.769069213802689111e+00 1.273716523151279922e+00
4.200000000000000000e+01 -8.240531556677284541e+00 -9.072223218102106301e+00 -1.895355618484489968e+00 1.556047971627135151e+00
4.300000000000000000e+01 -5.941942231213974246e+00 -1.001597110197988805e+01 -1.881598212569651540e+00 9.474078144483366604e-01
4.400000000000000000e+01 -5.061829989650463268e+00 -1.066393022327613238e+01 -1.887640674209265512e+00 5.744092104913209873e-01
4.500000000000000000e+01 -3.529707041638366238e+00 -1.095758004148091835e+01 -2.007710685606717949e+00 4.797354817571200525e-01
4.600000000000000000e+01 -1.709886350548242451e+00 -1.088434432355761494e+01 -2.065952659354133303e+00 -3.972010632969349975e-02
4.700000000000000000e+01 -1.420666250472100378e+00 -1.116803586864842046e+01 -2.106276656178358575e+00 -1.737292768931530604e-02
4.800000000000000000e+01 -9.492616248843542825e-01 -1.060062331074634834e+01 -2.171036710281602389e+00 1.642782886529594033e-01
4.900000000000000000e+01 -7.906828583549910805e-01 -1.042036158896087272e+01 -2.211638540959789623e+00 2.490251785082400471e-01
5.000000000000000000e+01 -7.378413690242447975e-01 -1.023023718986933162e+01 -2.221826046203679184e+00 2.878019946675512974e-01
5.100000000000000000e+01 -5.498254593162038573e-01 -1.048639944734480522e+01 -2.262914617145287632e+00 1.943096358585105488e-01
5.200000000000000000e+01 -6.399028488517873869e-01 -1.065456483397051279e+01 -2.243203103840881951e+00 1.922335878145508548e-01
5.300000000000000000e+01 -3.224186501601056798e-01 -1.007562702791710940e+01 -2.279473341750500648e+00 1.689809147574478435e-02
5.400000000000000000e+01 -1.984980079487533577e-01 -9.641727930280302061e+00 -2.296994521397358824e+00 3.470404272578487409e-02
5.500000000000000000e+01 -2.959017930708413568e-01 -9.581453650529203614e+00 -2.307393305504715997e+00 6.125056794291103973e-02
5.600000000000000000e+01 -2.754727370906407402e-01 -9.715147217703897553e+00 -2.309752333148373804e+00 5.502695890787226429e-02
5.700000000000000000e+01 -3.068387688566057148e-01 -9.195138452524709294e+00 -2.331799430543381568e+00 4.482619487398661895e-02
5.800000000000000000e+01 -2.118143540429353044e-01 -9.435071035239412041e+00 -2.307990227398903027e+00 2.264794830740924497e-02
5.900000000000000000e+01 -1.292103751567907632e-01 -9.986607933952855731e+00 -2.281692919030100519e+00 5.421332530940400907e-02
6.000000000000000000e+01 -4.407414802308486368e-01 -9.036884179507094217e+00 -2.250239144241310552e+00 2.112260624311068646e-01
6.100000000000000000e+01 -1.727763964751744818e-01 -8.961436346285214682e+00 -2.241373591899075368e+00 4.027123063293862326e-02
6.200000000000000000e+01 -1.343328663148054269e-01 -9.385787895787164103e+00 -2.282907500022800740e+00 5.857113861465092913e-02
6.300000000000000000e+01 -8.047398220605121721e-02 -9.562082570746188281e+00 -2.267956306576788705e+00 5.089823311623125485e-02
6.400000000000000000e+01 -1.375941320384296840e-01 -9.159222330086665309e+00 -2.278098332095085610e+00 5.213139755820786481e-02
6.500000000000000000e+01 -8.094895806063828747e-02 -9.498399273793976860e+00 -2.296051656215423176e+00 -4.804458326147231090e-02
6.600000000000000000e+01 -1.104965638092951230e-01 -9.708947920772958540e+00 -2.244304174476547953e+00 -9.962886451595741061e-04
6.700000000000000000e+01 -2.410237493722907631e-01 -9.779828513390954825e+00 -2.270937389570828024e+00 8.086911275166817903e-02
6.800000000000000000e+01 -7.020898420062075818e-02 -8.875610165783617944e+00 -2.251304112011714764e+00 4.763374509363418191e-02
6.900000000000000000e+01 -2.787672538017537671e-01 -8.836414915202729148e+00 -2.238789905536093361e+00 7.989712478454809308e-02
7.000000000000000000e+01 -2.573102328610253342e-01 -9.386900856522355951e+00 -2.251751208649851232e+00 6.983975783999338272e-02
7.100000000000000000e+01 2.647463592050557923e-01 -9.171580430165677811e+00 -2.221489637948870666e+00 -1.493842349649862622e-01
7.200000000000000000e+01 1.838589712843503865e-01 -9.724038498551353271e+00 -2.264303101779053584e+00 -6.787780925860684156e-02
7.300000000000000000e+01 1.114442407144383002e-01 -9.557026102108729049e+00 -2.273817215699415861e+00 -4.384063934176350708e-02
7.400000000000000000e+01 3.431018420779223810e-01 -8.937767173239960172e+00 -2.247147662772754018e+00 -1.707763727634243056e-01
7.500000000000000000e+01 2.307492428242356453e-01 -9.365259373822020450e+00 -2.223549198347884115e+00 -3.892233639512407417e-02
7.600000000000000000e+01 3.020372285572029414e-01 -9.326472683555094179e+00 -2.244531764081485914e+00 -9.146383570376596939e-02
7.700000000000000000e+01 3.542508441724150359e-01 -9.255679480806778159e+00 -2.242511573499047728e+00 -1.556296153001609228e-01
7.800000000000000000e+01 2.385823640578051130e-01 -9.710428160809037479e+00 -2.224305639352119890e+00 -1.385781742856955212e-01
7.900000000000000000e+01 3.556672287132647270e-01 -9.487087476946987508e+00 -2.254366480548210205e+00 -1.556385740263183104e-01
8.000000000000000000e+01 1.528193606532594895e-01 -8.933301027054058707e+00 -2.239381702971471100e+00 -1.312513692865906884e-02
8.100000000000000000e+01 -4.838968066649439875e-02 -9.189979688219203524e+00 -2.237433062886232005e+00 8.668777589476200918e-02
8.200000000000000000e+01 5.315908592345155309e-02 -9.566207587608753116e+00 -2.213647834583803320e+00 -3.534676272094969263e-02
8.300000000000000000e+01 1.551920557257263356e-01 -9.267599200328461961e+00 -2.256464515231683787e+00 -2.232858818232077644e-02
8.400000000000000000e+01 7.359290242101766688e-02 -9.536830489690268919e+00 -2.282177342069428683e+00 2.975393011448729252e-02
8.500000000000000000e+01 2.512830551325198614e-01 -9.292974099744526484e+00 -2.243967686291415298e+00 -1.635701826515376933e-01
8.600000000000000000e+01 1.926064822002675203e-01 -9.625683438097290434e+00 -2.239932931133506333e+00 -8.914779479735597534e-02
8.700000000000000000e+01 1.342534394133940712e-01 -9.277464204147861437e+00 -2.211270095631468813e+00 -8.845251772684960268e-02
8.800000000000000000e+01 -9.955695789941111304e-03 -9.687313356827047528e+00 -2.274899258589518691e+00 1.272930138234772413e-01
8.900000000000000000e+01 4.050032617027973791e-02 -9.188019535757375067e+00 -2.255544808163313597e+00 1.041838839887215401e-01
9.000000000000000000e+01 8.847651173057345664e-02 -9.303434887055516356e+00 -2.271687749688057867e+00 -4.810871746433133950e-02
9.100000000000000000e+01 9.549229978561217524e-02 -9.107930209156318568e+00 -2.267035283034199988e+00 2.812444545415734506e-02
9.200000000000000000e+01 8.964838843643793687e-02 -9.467969208012039672e+00 -2.224174094771089738e+00 -3.961302608891712623e-02
9.300000000000000000e+01 1.802526760431123476e-01 -9.256852055109803246e+00 -2.236926029438443653e+00 -5.581697906764996470e-02
9.400000000000000000e+01 7.958221896059598788e-02 -8.993745593036996056e+00 -2.252989741325293505e+00 -1.603049805183854454e-02
9.500000000000000000e+01 4.319817816779777248e-02 -8.930633901894594828e+00 -2.229618073063087458e+00 -1.283884046402964663e-01
9.600000000000000000e+01 1.304734884076509671e-01 -9.275693066727937364e+00 -2.233616976189219727e+00 -4.548968675549514007e-02
9.700000000000000000e+01 -9.232301947048357493e-02 -9.063904603660674297e+00 -2.228043590599693147e+00 1.950898437317078737e-01
9.800000000000000000e+01 1.299241972856287342e-01 -8.948081820464187430e+00 -2.225975530585605267e+00 -1.204076046272500450e-01
9.900000000000000000e+01 1.269353809084077522e-01 -9.211668231741922952e+00 -2.248125778306830913e+00 -1.035248222577122290e-01
1.000000000000000000e+02 -3.166165084059137987e-03 -9.145222969001004287e+00 -2.232649377985167050e+00 1.441159168651124679e-02
1.010000000000000000e+02 1.328949853449150897e-01 -9.365292185402775971e+00 -2.215125615577440588e+00 -5.374631977824255100e-03
1.020000000000000000e+02 5.643045958952997571e-02 -9.329005117104946621e+00 -2.230896874023271970e+00 -5.144880350686200678e-03
1.030000000000000000e+02 2.975082937326104307e-02 -9.103287743694290057e+00 -2.264322390178898026e+00 -3.312227797579370830e-02
1.040000000000000000e+02 -4.206088086237822626e-02 -9.208885654877615679e+00 -2.236157199802974560e+00 6.176244109340364719e-02
1.050000000000000000e+02 -1.269858805234575505e-01 -9.261020955592337955e+00 -2.198163148151822899e+00 7.470443665713849546e-02
1.060000000000000000e+02 3.677714689157322164e-02 -9.465203094077899948e+00 -2.251862875917485241e+00 -3.284231698893525647e-02
1.070000000000000000e+02 -5.884197601235520436e-02 -8.903584643877449523e+00 -2.220506226467251043e+00 2.618768568975084199e-02
1.080000000000000000e+02 -9.874169177961249211e-02 -9.442961325062176670e+00 -2.230415756304572117e+00 -5.361418024024346834e-02
1.090000000000000000e+02 1.038731960689962125e-01 -9.130258849579366398e+00 -2.217979774305527840e+00 -8.205410474676314014e-02
1.100000000000000000e+02 4.510581618924910247e-02 -9.130989560778884240e+00 -2.244249420421485119e+00 -1.435643703714215014e-01
1.110000000000000000e+02 -8.466518803248475333e-02 -9.283235024467817453e+00 -2.259165255572356035e+00 1.661976492733985636e-02
1.120000000000000000e+02 -4.223842893069251064e-02 -9.427810570506659715e+00 -2.225521880871462077e+00 1.585364483552458362e-02
1.130000000000000000e+02 1.483262854395387131e-01 -9.368617767515882377e+00 -2.247619858338542720e+00 -1.197145484224353823e-01
1.140000000000000000e+02 -6.715556962711746736e-02 -9.551098125753906487e+00 -2.234333447013236107e+00 -5.516322546533677929e-02
1.150000000000000000e+02 -1.507259532467981611e-01 -9.326438793620354772e+00 -2.252866813844592642e+00 3.792331727786378559e-02
1.160000000000000000e+02 5.969394381398597516e-02 -9.190402940909116580e+00 -2.213833646942287903e+00 -4.109812153807883978e-02
1.170000000000000000e+02 -1.007660601021347635e-01 -9.554653073314144152e+00 -2.253645603573222189e+00 2.460449391108712400e-02
1.180000000000000000e+02 4.164175128213723487e-02 -9.606650556665350393e+00 -2.248469098566848512e+00 -8.872377241097835487e-02
1.190000000000000000e+02 -2.743895531302741053e-02 -9.362482063074338612e+00 -2.247668476311008856e+00 2.613381106836290199e-02
1.200000000000000000e+02 1.182080631468238885e-01 -9.111107132276378806e+00 -2.246494384045318427e+00 -1.406531987687372476e-01
1.210000000000000000e+02 9.942144437732447493e-03 -9.421316954726878024e+00 -2.247475714425571258e+00 -1.155838291735564356e-02
1.220000000000000000e+02 -9.273418479333571385e-03 -9.270533553631034707e+00 -2.257751113085033623e+00 4.555755429386483708e-03
1.230000000000000000e+02 2.992457910391717671e-02 -9.428104346808339642e+00 -2.262840923447845931e+00 -6.941102930996760623e-02
1.240000000000000000e+02 -8.828236456643824472e-04 -9.199394327973932306e+00 -2.276233972853610510e+00 -4.679386836162234727e-03
1.250000000000000000e+02 1.482106172026114443e-01 -9.482809802008240752e+00 -2.281820944544263874e+00 -1.293541762558900188e-01
1.260000000000000000e+02 3.371104063382460853e-02 -9.812795305885774866e+00 -2.263893668869903397e+00 -4.182269593769331884e-02
1.270000000000000000e+02 3.813036812614539056e-02 -9.647678164317872174e+00 -2.197149539425548692e+00 7.137234741863067444e-02
1.280000000000000000e+02 5.444782711951956164e-03 -8.911232544474399830e+00 -2.233866994043063325e+00 -5.327483964697477675e-02
1.290000000000000000e+02 1.101906767061216069e-01 -8.950280222188885304e+00 -2.196208577183019539e+00 -5.110422380042486945e-02
1.300000000000000000e+02 1.226700929133451023e-01 -8.907204238379280881e+00 -2.138930792577099282e+00 -9.597649900685839564e-02
1.310000000000000000e+02 1.135431834494914638e-01 -8.421764297216617123e+00 -2.104131012833242664e+00 -1.045290828583485543e-01
1.320000000000000000e+02 2.578011844610290926e-02 -7.657146800927830732e+00 -2.073837258439737319e+00 -6.375262949834896442e-02
1.330000000000000000e+02 1.823616523267045444e-02 -7.736252017682217819e+00 -1.960026625153135083e+00 2.418953667738006283e-02
1.340000000000000000e+02 -1.658041956839027137e-02 -7.037563816062746724e+00 -1.935035436058402114e+00 2.616785649659395668e-02
1.350000000000000000e+02 -7.140632895186872775e-02 -6.766328508932647701e+00 -1.807169519480663844e+00 2.457236206804279052e-02
1.360000000000000000e+02 1.001065671164179799e-01 -6.181400092366621912e+00 -1.693814690592022831e+00 -1.226701219631041867e-01
1.370000000000000000e+02 1.099647732300205738e-01 -5.505898416845130150e+00 -1.595249721339453863e+00 -1.446458032534762295e-01
1.380000000000000000e+02 2.200267227075537041e-02 -5.191729455364749946e+00 -1.436007689547179389e+00 -1.369748089857549672e-02
1.390000000000000000e+02 -3.596452587127807465e-02 -4.688754154011526509e+00 -1.286485823492197200e+00 5.178200178655725100e-02
1.400000000000000000e+02 -2.155010049546747519e-02 -3.851648783215183336e+00 -1.129068142444836553e+00 3.302232353455160363e-02
1.410000000000000000e+02 -1.198150581780689505e-01 -3.235112407553387026e+00 -9.909094365529472759e-01 1.397118172990775564e-01
1.420000000000000000e+02 -6.911968680119517927e-02 -2.587240805671072508e+00 -8.547537877225994674e-01 7.185467777259818556e-02
1.430000000000000000e+02 -7.937640589167659078e-02 -2.015908661372082911e+00 -7.235168365280593150e-01 1.006293408575194559e-01
1.440000000000000000e+02 -8.564031384556947124e-02 -1.481358397103943902e+00 -5.919121485116906056e-01 1.002469256876058201e-01
1.450000000000000000e+02 -1.666385606060006783e-02 -1.073307017525000573e+00 -4.854094149530318592e-01 3.019966095908043630e-02
1.460000000000000000e+02 -4.808607398533397415e-02 -6.911471871518340970e-01 -3.813805901827269640e-01 5.057067691748502042e-02
1.470000000000000000e+02 7.297061615595820672e-02 -4.221562578209590577e-01 -2.769517100768278395e-01 -7.185273702245290051e-02
1.480000000000000000e+02 -1.619103345870891164e-02 -2.115593292824563820e-01 -1.842119764810099258e-01 1.590675807069296191e-02
1.490000000000000000e+02 3.682077387254764893e-03 -6.937787075245802071e-02 -9.222552472085474018e-02 -3.968806530053691113e-03
1.500000000000000000e+02 -0.000000000000000000e+00 -0.000000000000000000e+00 -0.000000000000000000e+00 -0.000000000000000000e+00
0.000000000000000000e+00 -2.974252184197224480e+00 -5.295470653445014442e+00 -1.630307269851173801e+00 -7.112315086776368478e-01
1.000000000000000000e+00 -2.642633414503344547e+00 -4.986414423863609002e+00 -1.507662733196696747e+00 -1.126816745676442633e+00
2.000000000000000000e+00 -2.418227755605048657e+00 -4.358082995258395265e+00 -1.364094345406909659e+00 -1.379407955922952622e+00
3.000000000000000000e+00 -2.181377225661492503e+00 -3.518406122708919170e+00 -1.202020438442270356e+00 -1.498193568396035014e+00
4.000000000000000000e+00 -2.227472581456012790e+00 -1.748295215644392719e+00 -1.033166271504614153e+00 -1.104149209219249972e+00
5.000000000000000000e+00 -1.785675002955080970e+00 -4.489789928858481383e-01 -9.086391066600376654e-01 -9.194988190285970919e-01
6.000000000000000000e+00 -1.138560019003515444e+00 7.131687916638557168e-01 -8.191468420611358603e-01 -7.054918195970368844e-01
7.000000000000000000e+00 7.518003903571202073e-02 1.590232318334792172e+00 -8.168883236661761416e-01 -6.251795317759873960e-01
8.000000000000000000e+00 1.755866730058868619e+00 3.046230408582832005e+00 -8.509048780762173969e-01 -7.883203435097953238e-02
9.000000000000000000e+00 3.106430548149829995e+00 2.235025132141057469e+00 -9.359296779673212940e-01 -6.297535079670626423e-01
1.000000000000000000e+01 4.287382758652396042e+00 1.458978536500364909e+00 -9.936792332313207909e-01 -8.375546250076765231e-01
1.100000000000000000e+01 6.302186852372384962e+00 3.526223928155984844e-01 -1.177339207906221707e+00 -8.784566435369893789e-01
1.200000000000000000e+01 7.174436323980699193e+00 -1.647886727553821373e+00 -1.344197779222393585e+00 -1.092776385133679584e+00
1.300000000000000000e+01 7.476394583545797445e+00 -3.692321442976968182e+00 -1.477003960340020683e+00 -1.108918024040729478e+00
1.400000000000000000e+01 6.933255489152062800e+00 -5.521864942691419031e+00 -1.592245975606148223e+00 -1.125756512567013701e+00
1.500000000000000000e+01 5.952722634478129216e+00 -7.042189682203916057e+00 -1.758947722373802591e+00 -1.228087186090296878e+00
1.600000000000000000e+01 4.657755072615989533e+00 -7.540686532381728036e+00 -1.821995597367026321e+00 -1.185177987529963284e+00
1.700000000000000000e+01 3.934703199526206951e+00 -8.095012654949673703e+00 -1.880704203180689538e+00 -8.317338622093568556e-01
1.800000000000000000e+01 3.290567530383193606e+00 -7.689598996255505803e+00 -1.954560187999324850e+00 -1.019550470335544246e+00
1.900000000000000000e+01 3.079471706905437145e+00 -7.440549013657445698e+00 -2.000218893634058581e+00 -9.712670013573047045e-01
2.000000000000000000e+01 3.146576045062294824e+00 -6.961771348082258726e+00 -2.022602579347600127e+00 -1.029156933610257507e+00
2.100000000000000000e+01 3.236414093408468862e+00 -6.849642860114026455e+00 -2.007276750021071088e+00 -7.654638977490114682e-01
2.200000000000000000e+01 3.717419456368422637e+00 -5.977195969391652319e+00 -1.979210491153272633e+00 -1.004971066964664983e+00
2.300000000000000000e+01 4.041914392264963851e+00 -5.363600205824874401e+00 -1.910762433353637491e+00 -9.339987718916957782e-01
2.400000000000000000e+01 4.360454955546972045e+00 -4.626344638083147665e+00 -1.820704160777476099e+00 -8.718920811417512073e-01
2.500000000000000000e+01 4.454183966431243924e+00 -3.999796521127027660e+00 -1.704114910693041329e+00 -6.627308173504322664e-01
2.600000000000000000e+01 4.482388485193737893e+00 -3.083971117475431178e+00 -1.555823516705114429e+00 -5.216040944590901729e-01
2.700000000000000000e+01 4.222447131817274268e+00 -1.959347060397282236e+00 -1.393175563204081646e+00 -2.885803902787291708e-01
2.800000000000000000e+01 3.677604979463073853e+00 -9.058844725725669900e-01 -1.225191584323421790e+00 -4.302373049752273443e-02
2.900000000000000000e+01 2.960496046065229425e+00 6.030886295173899514e-01 -1.118654106142564331e+00 1.423832010322783892e-01
3.000000000000000000e+01 2.166674492492299375e+00 1.027909457562115048e+00 -9.438663110627532049e-01 2.251073516077968240e-01
3.100000000000000000e+01 1.614426985488791821e+00 1.136767606548098941e+00 -7.316277614786536043e-01 1.856287181458424196e-01
3.200000000000000000e+01 4.534641704986289712e-01 1.910516310136822993e+00 -8.054941261495242033e-01 6.611416873831171825e-01
3.300000000000000000e+01 -6.553011902601156846e-01 2.473989394866052738e+00 -7.597717955373031185e-01 4.039268819661226417e-01
3.400000000000000000e+01 -2.141968053909726777e+00 3.412356023840664943e+00 -8.609706032928555741e-01 3.361313813062143385e-01
3.500000000000000000e+01 -2.905661498906511930e+00 3.082105449999846591e+00 -8.837146143513906482e-01 6.749471104475175398e-01
3.600000000000000000e+01 -4.478159548961884617e+00 3.005873477728770116e+00 -1.041878796528848516e+00 1.122968887199652599e+00
3.700000000000000000e+01 -5.707535337507922080e+00 2.270507780028181877e+00 -1.143912558059533513e+00 1.622699005597238120e+00
3.800000000000000000e+01 -6.828735757099753556e+00 7.110651617620824538e-01 -1.174230457128133231e+00 1.624243566639552272e+00
3.900000000000000000e+01 -8.098711125383458054e+00 -1.157393486044263842e+00 -1.317297546038165512e+00 1.605082274457318769e+00
4.000000000000000000e+01 -1.110860174535522660e+01 -4.632316823092675229e+00 -1.722078503378408509e+00 1.336448531827627129e+00
4.100000000000000000e+01 -9.760902655540128592e+00 -7.112406329108234004e+00 -1.769069213802689111e+00 1.273716523151279922e+00
4.200000000000000000e+01 -8.240531556677284541e+00 -9.072223218102106301e+00 -1.895355618484489968e+00 1.556047971627135151e+00
4.300000000000000000e+01 -5.941942231213974246e+00 -1.001597110197988805e+01 -1.881598212569651540e+00 9.474078144483366604e-01
4.400000000000000000e+01 -5.061829989650463268e+00 -1.066393022327613238e+01 -1.887640674209265512e+00 5.744092104913209873e-01
4.500000000000000000e+01 -3.529707041638366238e+00 -1.095758004148091835e+01 -2.007710685606717949e+00 4.797354817571200525e-01
4.600000000000000000e+01 -1.709886350548242451e+00 -1.088434432355761494e+01 -2.065952659354133303e+00 -3.972010632969349975e-02
4.700000000000000000e+01 -1.420666250472100378e+00 -1.116803586864842046e+01 -2.106276656178358575e+00 -1.737292768931530604e-02
4.800000000000000000e+01 -9.492616248843542825e-01 -1.060062331074634834e+01 -2.171036710281602389e+00 1.642782886529594033e-01
4.900000000000000000e+01 -7.906828583549910805e-01 -1.042036158896087272e+01 -2.211638540959789623e+00 2.490251785082400471e-01
5.000000000000000000e+01 -7.378413690242447975e-01 -1.023023718986933162e+01 -2.221826046203679184e+00 2.878019946675512974e-01
5.100000000000000000e+01 -5.498254593162038573e-01 -1.048639944734480522e+01 -2.262914617145287632e+00 1.943096358585105488e-01
5.200000000000000000e+01 -6.399028488517873869e-01 -1.065456483397051279e+01 -2.243203103840881951e+00 1.922335878145508548e-01
5.300000000000000000e+01 -3.224186501601056798e-01 -1.007562702791710940e+01 -2.279473341750500648e+00 1.689809147574478435e-02
5.400000000000000000e+01 -1.984980079487533577e-01 -9.641727930280302061e+00 -2.296994521397358824e+00 3.470404272578487409e-02
5.500000000000000000e+01 -2.959017930708413568e-01 -9.581453650529203614e+00 -2.307393305504715997e+00 6.125056794291103973e-02
5.600000000000000000e+01 -2.754727370906407402e-01 -9.715147217703897553e+00 -2.309752333148373804e+00 5.502695890787226429e-02
5.700000000000000000e+01 -3.068387688566057148e-01 -9.195138452524709294e+00 -2.331799430543381568e+00 4.482619487398661895e-02
5.800000000000000000e+01 -2.118143540429353044e-01 -9.435071035239412041e+00 -2.307990227398903027e+00 2.264794830740924497e-02
5.900000000000000000e+01 -1.292103751567907632e-01 -9.986607933952855731e+00 -2.281692919030100519e+00 5.421332530940400907e-02
6.000000000000000000e+01 -4.407414802308486368e-01 -9.036884179507094217e+00 -2.250239144241310552e+00 2.112260624311068646e-01
6.100000000000000000e+01 -1.727763964751744818e-01 -8.961436346285214682e+00 -2.241373591899075368e+00 4.027123063293862326e-02
6.200000000000000000e+01 -1.343328663148054269e-01 -9.385787895787164103e+00 -2.282907500022800740e+00 5.857113861465092913e-02
6.300000000000000000e+01 -8.047398220605121721e-02 -9.562082570746188281e+00 -2.267956306576788705e+00 5.089823311623125485e-02
6.400000000000000000e+01 -1.375941320384296840e-01 -9.159222330086665309e+00 -2.278098332095085610e+00 5.213139755820786481e-02
6.500000000000000000e+01 -8.094895806063828747e-02 -9.498399273793976860e+00 -2.296051656215423176e+00 -4.804458326147231090e-02
6.600000000000000000e+01 -1.104965638092951230e-01 -9.708947920772958540e+00 -2.244304174476547953e+00 -9.962886451595741061e-04
6.700000000000000000e+01 -2.410237493722907631e-01 -9.779828513390954825e+00 -2.270937389570828024e+00 8.086911275166817903e-02
6.800000000000000000e+01 -7.020898420062075818e-02 -8.875610165783617944e+00 -2.251304112011714764e+00 4.763374509363418191e-02
6.900000000000000000e+01 -2.787672538017537671e-01 -8.836414915202729148e+00 -2.238789905536093361e+00 7.989712478454809308e-02
7.000000000000000000e+01 -2.573102328610253342e-01 -9.386900856522355951e+00 -2.251751208649851232e+00 6.983975783999338272e-02
7.100000000000000000e+01 2.647463592050557923e-01 -9.171580430165677811e+00 -2.221489637948870666e+00 -1.493842349649862622e-01
7.200000000000000000e+01 1.838589712843503865e-01 -9.724038498551353271e+00 -2.264303101779053584e+00 -6.787780925860684156e-02
7.300000000000000000e+01 1.114442407144383002e-01 -9.557026102108729049e+00 -2.273817215699415861e+00 -4.384063934176350708e-02
7.400000000000000000e+01 3.431018420779223810e-01 -8.937767173239960172e+00 -2.247147662772754018e+00 -1.707763727634243056e-01
7.500000000000000000e+01 2.307492428242356453e-01 -9.365259373822020450e+00 -2.223549198347884115e+00 -3.892233639512407417e-02
7.600000000000000000e+01 3.020372285572029414e-01 -9.326472683555094179e+00 -2.244531764081485914e+00 -9.146383570376596939e-02
7.700000000000000000e+01 3.542508441724150359e-01 -9.255679480806778159e+00 -2.242511573499047728e+00 -1.556296153001609228e-01
7.800000000000000000e+01 2.385823640578051130e-01 -9.710428160809037479e+00 -2.224305639352119890e+00 -1.385781742856955212e-01
7.900000000000000000e+01 3.556672287132647270e-01 -9.487087476946987508e+00 -2.254366480548210205e+00 -1.556385740263183104e-01
8.000000000000000000e+01 1.528193606532594895e-01 -8.933301027054058707e+00 -2.239381702971471100e+00 -1.312513692865906884e-02
8.100000000000000000e+01 -4.838968066649439875e-02 -9.189979688219203524e+00 -2.237433062886232005e+00 8.668777589476200918e-02
8.200000000000000000e+01 5.315908592345155309e-02 -9.566207587608753116e+00 -2.213647834583803320e+00 -3.534676272094969263e-02
8.300000000000000000e+01 1.551920557257263356e-01 -9.267599200328461961e+00 -2.256464515231683787e+00 -2.232858818232077644e-02
8.400000000000000000e+01 7.359290242101766688e-02 -9.536830489690268919e+00 -2.282177342069428683e+00 2.975393011448729252e-02
8.500000000000000000e+01 2.512830551325198614e-01 -9.292974099744526484e+00 -2.243967686291415298e+00 -1.635701826515376933e-01
8.600000000000000000e+01 1.926064822002675203e-01 -9.625683438097290434e+00 -2.239932931133506333e+00 -8.914779479735597534e-02
8.700000000000000000e+01 1.342534394133940712e-01 -9.277464204147861437e+00 -2.211270095631468813e+00 -8.845251772684960268e-02
8.800000000000000000e+01 -9.955695789941111304e-03 -9.687313356827047528e+00 -2.274899258589518691e+00 1.272930138234772413e-01
8.900000000000000000e+01 4.050032617027973791e-02 -9.188019535757375067e+00 -2.255544808163313597e+00 1.041838839887215401e-01
9.000000000000000000e+01 8.847651173057345664e-02 -9.303434887055516356e+00 -2.271687749688057867e+00 -4.810871746433133950e-02
9.100000000000000000e+01 9.549229978561217524e-02 -9.107930209156318568e+00 -2.267035283034199988e+00 2.812444545415734506e-02
9.200000000000000000e+01 8.964838843643793687e-02 -9.467969208012039672e+00 -2.224174094771089738e+00 -3.961302608891712623e-02
9.300000000000000000e+01 1.802526760431123476e-01 -9.256852055109803246e+00 -2.236926029438443653e+00 -5.581697906764996470e-02
9.400000000000000000e+01 7.958221896059598788e-02 -8.993745593036996056e+00 -2.252989741325293505e+00 -1.603049805183854454e-02
9.500000000000000000e+01 4.319817816779777248e-02 -8.930633901894594828e+00 -2.229618073063087458e+00 -1.283884046402964663e-01
9.600000000000000000e+01 1.304734884076509671e-01 -9.275693066727937364e+00 -2.233616976189219727e+00 -4.548968675549514007e-02
9.700000000000000000e+01 -9.232301947048357493e-02 -9.063904603660674297e+00 -2.228043590599693147e+00 1.950898437317078737e-01
9.800000000000000000e+01 1.299241972856287342e-01 -8.948081820464187430e+00 -2.225975530585605267e+00 -1.204076046272500450e-01
9.900000000000000000e+01 1.269353809084077522e-01 -9.211668231741922952e+00 -2.248125778306830913e+00 -1.035248222577122290e-01
1.000000000000000000e+02 -3.166165084059137987e-03 -9.145222969001004287e+00 -2.232649377985167050e+00 1.441159168651124679e-02
1.010000000000000000e+02 1.328949853449150897e-01 -9.365292185402775971e+00 -2.215125615577440588e+00 -5.374631977824255100e-03
1.020000000000000000e+02 5.643045958952997571e-02 -9.329005117104946621e+00 -2.230896874023271970e+00 -5.144880350686200678e-03
1.030000000000000000e+02 2.975082937326104307e-02 -9.103287743694290057e+00 -2.264322390178898026e+00 -3.312227797579370830e-02
1.040000000000000000e+02 -4.206088086237822626e-02 -9.208885654877615679e+00 -2.236157199802974560e+00 6.176244109340364719e-02
1.050000000000000000e+02 -1.269858805234575505e-01 -9.261020955592337955e+00 -2.198163148151822899e+00 7.470443665713849546e-02
1.060000000000000000e+02 3.677714689157322164e-02 -9.465203094077899948e+00 -2.251862875917485241e+00 -3.284231698893525647e-02
1.070000000000000000e+02 -5.884197601235520436e-02 -8.903584643877449523e+00 -2.220506226467251043e+00 2.618768568975084199e-02
1.080000000000000000e+02 -9.874169177961249211e-02 -9.442961325062176670e+00 -2.230415756304572117e+00 -5.361418024024346834e-02
1.090000000000000000e+02 1.038731960689962125e-01 -9.130258849579366398e+00 -2.217979774305527840e+00 -8.205410474676314014e-02
1.100000000000000000e+02 4.510581618924910247e-02 -9.130989560778884240e+00 -2.244249420421485119e+00 -1.435643703714215014e-01
1.110000000000000000e+02 -8.466518803248475333e-02 -9.283235024467817453e+00 -2.259165255572356035e+00 1.661976492733985636e-02
1.120000000000000000e+02 -4.223842893069251064e-02 -9.427810570506659715e+00 -2.225521880871462077e+00 1.585364483552458362e-02
1.130000000000000000e+02 1.483262854395387131e-01 -9.368617767515882377e+00 -2.247619858338542720e+00 -1.197145484224353823e-01
1.140000000000000000e+02 -6.715556962711746736e-02 -9.551098125753906487e+00 -2.234333447013236107e+00 -5.516322546533677929e-02
1.150000000000000000e+02 -1.507259532467981611e-01 -9.326438793620354772e+00 -2.252866813844592642e+00 3.792331727786378559e-02
1.160000000000000000e+02 5.969394381398597516e-02 -9.190402940909116580e+00 -2.213833646942287903e+00 -4.109812153807883978e-02
1.170000000000000000e+02 -1.007660601021347635e-01 -9.554653073314144152e+00 -2.253645603573222189e+00 2.460449391108712400e-02
1.180000000000000000e+02 4.164175128213723487e-02 -9.606650556665350393e+00 -2.248469098566848512e+00 -8.872377241097835487e-02
1.190000000000000000e+02 -2.743895531302741053e-02 -9.362482063074338612e+00 -2.247668476311008856e+00 2.613381106836290199e-02
1.200000000000000000e+02 1.182080631468238885e-01 -9.111107132276378806e+00 -2.246494384045318427e+00 -1.406531987687372476e-01
1.210000000000000000e+02 9.942144437732447493e-03 -9.421316954726878024e+00 -2.247475714425571258e+00 -1.155838291735564356e-02
1.220000000000000000e+02 -9.273418479333571385e-03 -9.270533553631034707e+00 -2.257751113085033623e+00 4.555755429386483708e-03
1.230000000000000000e+02 2.992457910391717671e-02 -9.428104346808339642e+00 -2.262840923447845931e+00 -6.941102930996760623e-02
1.240000000000000000e+02 -8.828236456643824472e-04 -9.199394327973932306e+00 -2.276233972853610510e+00 -4.679386836162234727e-03
1.250000000000000000e+02 1.482106172026114443e-01 -9.482809802008240752e+00 -2.281820944544263874e+00 -1.293541762558900188e-01
1.260000000000000000e+02 3.371104063382460853e-02 -9.812795305885774866e+00 -2.263893668869903397e+00 -4.182269593769331884e-02
1.270000000000000000e+02 3.813036812614539056e-02 -9.647678164317872174e+00 -2.197149539425548692e+00 7.137234741863067444e-02
1.280000000000000000e+02 5.444782711951956164e-03 -8.911232544474399830e+00 -2.233866994043063325e+00 -5.327483964697477675e-02
1.290000000000000000e+02 1.101906767061216069e-01 -8.950280222188885304e+00 -2.196208577183019539e+00 -5.110422380042486945e-02
1.300000000000000000e+02 1.226700929133451023e-01 -8.907204238379280881e+00 -2.138930792577099282e+00 -9.597649900685839564e-02
1.310000000000000000e+02 1.135431834494914638e-01 -8.421764297216617123e+00 -2.104131012833242664e+00 -1.045290828583485543e-01
1.320000000000000000e+02 2.578011844610290926e-02 -7.657146800927830732e+00 -2.073837258439737319e+00 -6.375262949834896442e-02
1.330000000000000000e+02 1.823616523267045444e-02 -7.736252017682217819e+00 -1.960026625153135083e+00 2.418953667738006283e-02
1.340000000000000000e+02 -1.658041956839027137e-02 -7.037563816062746724e+00 -1.935035436058402114e+00 2.616785649659395668e-02
1.350000000000000000e+02 -7.140632895186872775e-02 -6.766328508932647701e+00 -1.807169519480663844e+00 2.457236206804279052e-02
1.360000000000000000e+02 1.001065671164179799e-01 -6.181400092366621912e+00 -1.693814690592022831e+00 -1.226701219631041867e-01
1.370000000000000000e+02 1.099647732300205738e-01 -5.505898416845130150e+00 -1.595249721339453863e+00 -1.446458032534762295e-01
1.380000000000000000e+02 2.200267227075537041e-02 -5.191729455364749946e+00 -1.436007689547179389e+00 -1.369748089857549672e-02
1.390000000000000000e+02 -3.596452587127807465e-02 -4.688754154011526509e+00 -1.286485823492197200e+00 5.178200178655725100e-02
1.400000000000000000e+02 -2.155010049546747519e-02 -3.851648783215183336e+00 -1.129068142444836553e+00 3.302232353455160363e-02
1.410000000000000000e+02 -1.198150581780689505e-01 -3.235112407553387026e+00 -9.909094365529472759e-01 1.397118172990775564e-01
1.420000000000000000e+02 -6.911968680119517927e-02 -2.587240805671072508e+00 -8.547537877225994674e-01 7.185467777259818556e-02
1.430000000000000000e+02 -7.937640589167659078e-02 -2.015908661372082911e+00 -7.235168365280593150e-01 1.006293408575194559e-01
1.440000000000000000e+02 -8.564031384556947124e-02 -1.481358397103943902e+00 -5.919121485116906056e-01 1.002469256876058201e-01
1.450000000000000000e+02 -1.666385606060006783e-02 -1.073307017525000573e+00 -4.854094149530318592e-01 3.019966095908043630e-02
1.460000000000000000e+02 -4.808607398533397415e-02 -6.911471871518340970e-01 -3.813805901827269640e-01 5.057067691748502042e-02
1.470000000000000000e+02 7.297061615595820672e-02 -4.221562578209590577e-01 -2.769517100768278395e-01 -7.185273702245290051e-02
1.480000000000000000e+02 -1.619103345870891164e-02 -2.115593292824563820e-01 -1.842119764810099258e-01 1.590675807069296191e-02
1.490000000000000000e+02 3.682077387254764893e-03 -6.937787075245802071e-02 -9.222552472085474018e-02 -3.968806530053691113e-03
1.500000000000000000e+02 -0.000000000000000000e+00 -0.000000000000000000e+00 -0.000000000000000000e+00 -0.000000000000000000e+00
