0.000000000000000000e+00 -7.068594977103085597e+00 -3.627946037849459238e+00 -1.822406314417709838e+00 1.836210693056147258e+00
1.000000000000000000e+00 -7.110471449407410383e+00 -2.624532312769813025e+00 -1.659574716311593923e+00 1.325653327940395476e+00
2.000000000000000000e+00 -6.871575586903374777e+00 -1.355657367565763272e+00 -1.456046916567981464e+00 7.063569652506944685e-01
3.000000000000000000e+00 -6.710886198620711340e+00 6.415030971544728455e-01 -1.233836751049997904e+00 1.206759953830863208e-01
4.000000000000000000e+00 -6.038208915797055987e+00 2.833526152129716813e+00 -1.030262836637469537e+00 -3.681036691094519697e-01
5.000000000000000000e+00 -4.074530363619406792e+00 3.745045919843880355e+00 -8.502530661486700225e-01 -9.255598035852233840e-01
6.000000000000000000e+00 -2.036318824937079608e+00 4.748129878546374805e+00 -7.247988648437543313e-01 -1.391961534639887699e+00
7.000000000000000000e+00 -3.011758727801173638e-02 5.044671246498801942e+00 -6.834768343807529067e-01 -1.812971065571568952e+00
8.000000000000000000e+00 1.875873731733153971e+00 4.391154845699352549e+00 -7.350448638924382827e-01 -2.120927868333706279e+00
9.000000000000000000e+00 2.874633029729900535e+00 3.181942721868487478e+00 -7.974887034900549621e-01 -2.318793889928487673e+00
1.000000000000000000e+01 3.683989727102963574e+00 2.191793443401447661e+00 -8.772227957369127527e-01 -2.466825886329053308e+00
1.100000000000000000e+01 5.093329219814163089e+00 1.576004660765965459e+00 -1.064086873268214273e+00 -3.188066351504116103e+00
1.200000000000000000e+01 6.572970913912753232e+00 4.577216732990767589e-01 -1.240964502607976083e+00 -3.331821463444531339e+00
1.300000000000000000e+01 8.525301851001323428e+00 -2.078163988842699261e+00 -1.391082180722589712e+00 -3.188656261748188836e+00
1.400000000000000000e+01 8.528313834295548901e+00 -4.299643843389220343e+00 -1.592562095229871577e+00 -2.962532048713360400e+00
1.500000000000000000e+01 8.538960381907351405e+00 -7.629722127224390249e+00 -1.827977477221962133e+00 -2.569653905500351332e+00
1.600000000000000000e+01 7.458120068202065411e+00 -9.802693066267979205e+00 -2.036962835873998401e+00 -2.248609222063701285e+00
1.700000000000000000e+01 5.588800074484334246e+00 -1.080224259019450095e+01 -2.100258387365378177e+00 -2.029772921990146362e+00
1.800000000000000000e+01 4.098504988746586974e+00 -1.033251505058499120e+01 -2.098184893731379841e+00 -1.948025000421702790e+00
1.900000000000000000e+01 3.337886332641054832e+00 -9.752478609283670608e+00 -2.116867579136210153e+00 -1.997257280608715213e+00
2.000000000000000000e+01 3.713277507883068207e+00 -8.850874650480498929e+00 -2.141860888370342941e+00 -2.126890515931653347e+00
2.100000000000000000e+01 4.189869853743190653e+00 -8.419501030677826847e+00 -2.176452262494967815e+00 -2.206292117600957337e+00
2.200000000000000000e+01 4.540467614668853180e+00 -8.198749592859687851e+00 -2.189200417066329951e+00 -2.189515758954470037e+00
2.300000000000000000e+01 5.066702433066528677e+00 -7.938704772590262415e+00 -2.187801545755211574e+00 -2.159934742310408051e+00
2.400000000000000000e+01 5.690451138425386191e+00 -7.630432841785906639e+00 -2.169827113361247672e+00 -2.089710035360838880e+00
2.500000000000000000e+01 6.419932680674206971e+00 -7.060408059405395953e+00 -2.120277692563114602e+00 -1.989884989346399458e+00
2.600000000000000000e+01 7.138541963794605039e+00 -6.167045591870371268e+00 -2.036228080180817912e+00 -1.796864962036968771e+00
2.700000000000000000e+01 7.432672397754876314e+00 -5.165200076698534204e+00 -1.906389304100704507e+00 -1.452667341462352102e+00
2.800000000000000000e+01 7.547127305696332833e+00 -3.231169544455847031e+00 -1.761239891819304404e+00 -9.113775135551520634e-01
2.900000000000000000e+01 8.560584076648204643e+00 -1.308578059985200381e+00 -1.507862308643805438e+00 -6.649431340432324644e-01
3.000000000000000000e+01 6.851777081715303197e+00 1.296700080972641167e-01 -1.262064795022395547e+00 1.051357195339293338e-01
3.100000000000000000e+01 4.958584734940843397e+00 1.600619401073209991e+00 -1.083070981657557219e+00 1.068943304210568934e+00
3.200000000000000000e+01 3.549515636194921164e+00 3.884943008842186352e+00 -9.246421395135412391e-01 1.349488736184400794e+00
3.300000000000000000e+01 1.413889222413487801e+00 4.745163982237028399e+00 -9.759407118916090251e-01 2.089594015525078952e+00
3.400000000000000000e+01 -4.948505222217656763e-01 4.265430580716286890e+00 -9.215689339883897935e-01 2.701203608792116295e+00
3.500000000000000000e+01 -1.417330666942387074e+00 3.139107458592941047e+00 -9.229265472190024688e-01 2.821698372351025608e+00
3.600000000000000000e+01 -1.683838922226370327e+00 1.379484093171020831e+00 -8.945562322469516880e-01 3.342515279611191659e+00
3.700000000000000000e+01 -1.036778989827044750e+00 4.810783621025556123e-01 -9.286668877501135233e-01 3.739447453486505868e+00
3.800000000000000000e+01 -1.769724796088165020e+00 1.037804568221642354e+00 -1.018648302165784392e+00 4.264917826443303639e+00
3.900000000000000000e+01 -3.071697732371696521e+00 7.362220506282092236e-01 -1.158649098890862206e+00 4.393393362605748642e+00
4.000000000000000000e+01 -4.054935724251204299e+00 2.705318564713251814e-02 -1.150396255259162670e+00 4.405549186378743265e+00
4.100000000000000000e+01 -5.666850767084655516e+00 -1.640101696932509290e+00 -1.358441531021426840e+00 4.278033200296361471e+00
4.200000000000000000e+01 -6.364628552086093016e+00 -3.934927309559416386e+00 -1.618913152158944158e+00 3.789981133497019261e+00
4.300000000000000000e+01 -6.789353354164854082e+00 -5.362709987462978667e+00 -1.782991522797664707e+00 3.793412418559368948e+00
4.400000000000000000e+01 -6.111210927307427099e+00 -5.939715992693050950e+00 -1.870924891123048273e+00 3.664525786255578677e+00
4.500000000000000000e+01 -5.949749959750730177e+00 -6.860579958651990218e+00 -1.997781858440503155e+00 3.367164694414654935e+00
4.600000000000000000e+01 -5.718437449227649516e+00 -6.415309803574501757e+00 -2.047277632203601261e+00 3.280901352279720129e+00
4.700000000000000000e+01 -5.702074832277944871e+00 -6.349032098179949735e+00 -2.077602229020724334e+00 3.047557134815016777e+00
4.800000000000000000e+01 -5.338044277016226857e+00 -6.029151516944537548e+00 -2.035152861959875104e+00 2.768606804911301289e+00
4.900000000000000000e+01 -5.808059329151213923e+00 -6.465324993961224287e+00 -2.058116599211721187e+00 2.239287180799185872e+00
5.000000000000000000e+01 -6.320454712314666601e+00 -5.943775527020499716e+00 -2.023079996038728456e+00 2.150128936830783211e+00
5.100000000000000000e+01 -6.631992760980401691e+00 -5.406175441764481171e+00 -1.937483818301681593e+00 1.721807190723261272e+00
5.200000000000000000e+01 -6.962246788868148961e+00 -4.672956741376602885e+00 -1.789686557476387163e+00 1.248425382295122343e+00
5.300000000000000000e+01 -6.509753171091689161e+00 -3.269976452337453043e+00 -1.623158111071588916e+00 6.146742358961309050e-01
5.400000000000000000e+01 -6.127766337446001188e+00 -2.025814559135715509e+00 -1.409982926924285174e+00 -3.852117024974371223e-02
5.500000000000000000e+01 -5.565935406793588669e+00 1.098524829510229006e-01 -1.187594019566584169e+00 -4.932710435684972139e-01
5.600000000000000000e+01 -4.922850829394368688e+00 2.703360119098328518e+00 -1.003725664057485867e+00 -4.844996664327876901e-01
5.700000000000000000e+01 -2.974838024993289309e+00 3.750452111383448361e+00 -8.656857557845620832e-01 -1.052840372940628821e+00
5.800000000000000000e+01 -9.113670058633053239e-01 4.412608713359429835e+00 -8.094774401225851568e-01 -1.482218256943045986e+00
5.900000000000000000e+01 1.148473259650754308e+00 4.670079034659385897e+00 -8.371549529018956770e-01 -1.985847677849015280e+00
6.000000000000000000e+01 2.296347813071311528e+00 3.624764343134529110e+00 -8.140635549148672601e-01 -2.447618292473204615e+00
6.100000000000000000e+01 2.579663045070074823e+00 2.255010099558606207e+00 -7.448506959429496144e-01 -2.557587130389386232e+00
6.200000000000000000e+01 3.036405305507381414e+00 1.680977954119208473e+00 -7.666314170401534733e-01 -2.963850135662747132e+00
6.300000000000000000e+01 3.424514904433647366e+00 1.042371332585980248e+00 -7.860753448005429744e-01 -3.631489764969912493e+00
6.400000000000000000e+01 5.071330915715877907e+00 -2.117062901853721257e-01 -9.545205642906794408e-01 -3.612494687661639503e+00
6.500000000000000000e+01 5.861243828981763215e+00 -1.742935296693023162e+00 -1.022848680419218281e+00 -3.370992697265768001e+00
6.600000000000000000e+01 6.077208835626271011e+00 -3.850351648952516470e+00 -1.177444334120756109e+00 -2.559740559279228833e+00
6.700000000000000000e+01 6.521907194415335063e+00 -6.730100126031714147e+00 -1.468081428312502101e+00 -1.946541325197786332e+00
6.800000000000000000e+01 7.068864527454986835e+00 -1.008519326179931319e+01 -1.929562414481658772e+00 -1.520640887181525791e+00
6.900000000000000000e+01 5.298388385679705159e+00 -1.086939907742005573e+01 -2.026220795609133152e+00 -1.515603782019335100e+00
7.000000000000000000e+01 3.660577971303304867e+00 -9.894106202031778707e+00 -2.014556497736232465e+00 -7.919316405124281477e-01
7.100000000000000000e+01 3.934822064098324912e+00 -9.344755733928604258e+00 -2.089686146679055057e+00 -1.397068588167687420e+00
7.200000000000000000e+01 4.286241603808967682e+00 -9.065471906802017088e+00 -2.153711706577263296e+00 -1.369187022830062439e+00
7.300000000000000000e+01 4.485491732466527992e+00 -8.472815316550059705e+00 -2.156893043315572633e+00 -1.337320270674437594e+00
7.400000000000000000e+01 4.874616797009886149e+00 -8.146236035782575158e+00 -2.174889136797385714e+00 -9.245362019005642917e-01
7.500000000000000000e+01 5.775876020329177685e+00 -7.914187718588051368e+00 -2.148642456274588497e+00 -9.052706306392968028e-01
7.600000000000000000e+01 6.240967200176989138e+00 -7.263171462743548190e+00 -2.077286495979072445e+00 -5.470706179059237062e-01
7.700000000000000000e+01 6.809736022444681680e+00 -6.186783538660335147e+00 -1.935136151640776347e+00 -3.176980234725645391e-01
7.800000000000000000e+01 6.932606757101156703e+00 -4.133783967713076102e+00 -1.667295102460036427e+00 -2.220705317057759809e-02
7.900000000000000000e+01 7.631454874228219332e+00 -1.289415763663884329e+00 -1.447174316239430825e+00 -6.093544470163612115e-01
8.000000000000000000e+01 5.177083394710699338e+00 5.770503751265054770e-01 -1.282113086911261135e+00 9.198513258906347856e-01
8.100000000000000000e+01 3.593952440569401219e+00 2.846176578302671345e+00 -1.162407662762717120e+00 9.209153879364366801e-01
8.200000000000000000e+01 1.810165070115221209e+00 5.613338505430536252e+00 -1.145076589228293695e+00 8.506533404246650054e-01
8.300000000000000000e+01 -3.290503488389321940e-01 5.466791882659039814e+00 -1.143679295240939364e+00 1.907219563730338185e+00
8.400000000000000000e+01 -1.804767814311013963e+00 4.125350037962625116e+00 -1.024026357127578279e+00 2.798856825019975680e+00
8.500000000000000000e+01 -2.250939025326339937e+00 2.594518790583193457e+00 -9.096316093894912802e-01 3.094384291683446087e+00
8.600000000000000000e+01 -1.243357712974598961e+00 9.027535875735623883e-01 -7.150937887339023913e-01 3.550763932713032478e+00
8.700000000000000000e+01 -1.673493689878163826e+00 7.169460229278514785e-01 -7.322106064690671046e-01 3.668380395290370188e+00
8.800000000000000000e+01 -2.813596124450368663e+00 8.287696666923456412e-01 -8.736395743381422108e-01 4.556775021220193622e+00
8.900000000000000000e+01 -3.228595880499294690e+00 6.017223033736439630e-01 -9.225274804074451440e-01 4.620507878058331741e+00
9.000000000000000000e+01 -5.032246536720649921e+00 -1.228805185484486362e+00 -1.122740997305249566e+00 3.937378348862823341e+00
9.100000000000000000e+01 -6.009702594810105936e+00 -2.814001088212088053e+00 -1.301094557898642590e+00 4.019377268053735186e+00
9.200000000000000000e+01 -7.048508232777003890e+00 -6.263944514616348158e+00 -1.714222054849565025e+00 3.007983630389720719e+00
9.300000000000000000e+01 -6.291355887142378478e+00 -7.189078498473240764e+00 -1.851151397156295397e+00 2.914423147976957562e+00
9.400000000000000000e+01 -5.721673306575838502e+00 -8.112042397700172103e+00 -1.995026737247218795e+00 2.609191908304369090e+00
9.500000000000000000e+01 -5.351349676961749680e+00 -7.525632461372034676e+00 -1.963728148558784969e+00 2.949616941823733018e+00
9.600000000000000000e+01 -4.755588691633865217e+00 -7.479902614225935942e+00 -1.972014503585331369e+00 2.810610281794785337e+00
9.700000000000000000e+01 -4.520789246581129461e+00 -7.418843805036060779e+00 -1.975087223133192404e+00 1.979567823534782445e+00
9.800000000000000000e+01 -5.117044942668323770e+00 -7.972120015487317524e+00 -2.148885009280455893e+00 1.817875949608339425e+00
9.900000000000000000e+01 -5.109383106464225222e+00 -7.654073916600681926e+00 -2.151288709944627620e+00 1.112005515440989800e+00
1.000000000000000000e+02 -5.698085492604118230e+00 -7.395959477767545032e+00 -2.115218043090112410e+00 1.007153733231303194e+00
1.010000000000000000e+02 -5.871515123993403584e+00 -6.925887394272784547e+00 -2.042189051462895311e+00 3.260658708760427738e-01
1.020000000000000000e+02 -5.906992113317708792e+00 -5.931390255147173995e+00 -1.907229956222456835e+00 -4.192503254466760088e-01
1.030000000000000000e+02 -5.240657677627051036e+00 -4.600716911798228281e+00 -1.675299764649801348e+00 -1.475063879803439004e+00
1.040000000000000000e+02 -4.849011096846352231e+00 -3.402771822444139449e+00 -1.525307368402837538e+00 -1.870415036663957586e+00
1.050000000000000000e+02 -4.615905604917613481e+00 -1.907563316812172838e+00 -1.294914697470662457e+00 -1.751015719016971284e+00
1.060000000000000000e+02 -3.642093617252308402e+00 6.634576203628349544e-01 -1.099908908077569913e+00 -2.006863157051952840e+00
1.070000000000000000e+02 -2.419953708561544126e+00 2.278254246706560071e+00 -9.493151303139372166e-01 -1.846874473498855140e+00
1.080000000000000000e+02 -7.920942825682563138e-01 4.475083342425624444e+00 -8.754552949220754110e-01 -6.206072140558234196e-01
1.090000000000000000e+02 1.578861859012092195e+00 4.845166529307238790e+00 -9.150701000149232822e-01 -1.258181145340370399e+00
1.100000000000000000e+02 2.779961964588763657e+00 3.386515490496383229e+00 -7.988902309163019577e-01 -2.184398269759337374e+00
1.110000000000000000e+02 2.770851549318724683e+00 1.993964831176598729e+00 -6.371208947865201200e-01 -2.757123839505607243e+00
1.120000000000000000e+02 3.206662269057388492e+00 1.080060814187483897e+00 -5.787967447660921083e-01 -2.278081712204881981e+00
1.130000000000000000e+02 4.120711651184615576e+00 4.182882209841445875e-01 -6.512674059024340378e-01 -2.283650929693974430e+00
1.140000000000000000e+02 4.699940379919178568e+00 -4.333154998968360982e-01 -7.571197981094247575e-01 -3.205691757663515329e+00
1.150000000000000000e+02 6.838460758584209209e+00 -3.676422117297876380e+00 -1.073320207485818134e+00 -2.236197057761676987e+00
1.160000000000000000e+02 8.546213274619661959e+00 -7.937901017606183274e+00 -1.572751458890524923e+00 -1.703605192972990068e+00
1.170000000000000000e+02 7.340954073405359104e+00 -1.099677922437755839e+01 -1.874106390108454923e+00 -1.158930405064279689e+00
1.180000000000000000e+02 5.988583057740467730e+00 -1.329164262098332294e+01 -2.192385763664635778e+00 -7.254637548911109235e-01
1.190000000000000000e+02 3.696357297257200081e+00 -1.193686533416974171e+01 -2.082799112683745957e+00 -6.120423738356153276e-01
1.200000000000000000e+02 2.192817157915058157e+00 -1.201207422760131216e+01 -2.182522559191615308e+00 -2.463737493781241183e-01
1.210000000000000000e+02 1.273830299949808564e+00 -1.054187577473916804e+01 -2.097622106190643265e+00 -3.299954101905922532e-01
1.220000000000000000e+02 9.898383791812112031e-01 -1.027115173262648895e+01 -2.124606781840998604e+00 -4.206291813249061762e-01
1.230000000000000000e+02 6.901836756866625011e-01 -9.859981757725085671e+00 -2.116197951325362148e+00 -5.661170734064390198e-01
1.240000000000000000e+02 5.893767542752225141e-01 -9.872508539110647519e+00 -2.149222358424950130e+00 -4.821056708495560228e-01
1.250000000000000000e+02 2.958757792487408111e-01 -9.490696396086303110e+00 -2.153747419793476059e+00 -3.794400431591043454e-01
1.260000000000000000e+02 3.755054262520259867e-01 -9.694767220085070747e+00 -2.169164590483910970e+00 -3.315604198768596911e-01
1.270000000000000000e+02 3.789288422135929646e-01 -9.509253591824700536e+00 -2.172020538976930037e+00 -4.372760158139645803e-01
1.280000000000000000e+02 2.070945281618265937e-02 -9.475984384106128644e+00 -2.172223193800899121e+00 4.977075125533427478e-03
1.290000000000000000e+02 -6.156417932675068566e-02 -9.386244513111545729e+00 -2.148681571581172900e+00 -2.617041575487211516e-02
1.300000000000000000e+02 -3.655495391837854102e-01 -8.927789770704700700e+00 -2.134316990880037235e+00 3.648567479944473391e-01
1.310000000000000000e+02 -2.655578714043534960e-01 -8.608600993182676575e+00 -2.060468791639108677e+00 2.739765044685099071e-01
1.320000000000000000e+02 -4.134569294239127113e-01 -8.143229154106389700e+00 -2.000503288243794753e+00 5.260284572792799374e-01
1.330000000000000000e+02 -4.393013638286383804e-01 -7.735333853536171311e+00 -1.941124162603773629e+00 5.560467067536093433e-01
1.340000000000000000e+02 -4.926156564046237918e-01 -6.940730634299901780e+00 -1.827778035455425831e+00 6.092370908105412264e-01
1.350000000000000000e+02 -5.539050617806068333e-01 -6.504726361614499019e+00 -1.684900937819865385e+00 6.577998626341564625e-01
1.360000000000000000e+02 -3.189120667573378531e-01 -5.862882830798503697e+00 -1.564344501171868185e+00 3.274603976867454525e-01
1.370000000000000000e+02 -3.322669584468426751e-01 -5.017022153833615938e+00 -1.368052345493447675e+00 4.098304734061062327e-01
1.380000000000000000e+02 -2.035634439165562581e-01 -4.407141751956044295e+00 -1.179064419125383623e+00 2.014741827017956788e-01
1.390000000000000000e+02 -6.897010564117139753e-02 -3.252558049853098154e+00 -1.017211704100704939e+00 5.523401543745937170e-02
1.400000000000000000e+02 -1.357278363816828703e-01 -2.560890386102943950e+00 -8.420057586218911982e-01 1.861970286353824833e-01
1.410000000000000000e+02 -1.221145638769923492e-01 -1.927402983284423277e+00 -6.909677117395925938e-01 1.018698737464540233e-01
1.420000000000000000e+02 8.190337845415018164e-03 -1.636205273450106246e+00 -5.417898796113805870e-01 -4.606700721924602421e-02
1.430000000000000000e+02 -5.031419237237281378e-02 -1.011885878434597652e+00 -4.509552790036877035e-01 5.922061994639903071e-02
1.440000000000000000e+02 4.532730335079427492e-02 -7.030883268123635510e-01 -3.545941629043858900e-01 -9.159790284532651206e-02
1.450000000000000000e+02 -1.381502345068435500e-01 -4.564150543887894318e-01 -2.653440412090236067e-01 1.501744680228001005e-01
1.460000000000000000e+02 -1.335001441618073326e-01 -2.908872789773064849e-01 -2.053788932119057220e-01 1.370246008041928198e-01
1.470000000000000000e+02 -1.096046861901879554e-01 -1.942818358446697924e-01 -1.351760224077286632e-01 1.119348191684328697e-01
1.480000000000000000e+02 -1.521397921470050707e-01 -8.339387512972978866e-02 -8.742019296352249169e-02 1.581810584749396009e-01
1.490000000000000000e+02 -1.480010591633841854e-01 -3.488986123324668009e-02 -4.230835628014316396e-02 1.538766927079016633e-01
1.500000000000000000e+02 -0.000000000000000000e+00 -0.000000000000000000e+00 -0.000000000000000000e+00 -0.000000000000000000e+00
0.000000000000000000e+00 -7.068594977103085597e+00 -3.627946037849459238e+00 -1.822406314417709838e+00 1.836210693056147258e+00
1.000000000000000000e+00 -7.110471449407410383e+00 -2.624532312769813025e+00 -1.659574716311593923e+00 1.325653327940395476e+00
2.000000000000000000e+00 -6.871575586903374777e+00 -1.355657367565763272e+00 -1.456046916567981464e+00 7.063569652506944685e-01
3.000000000000000000e+00 -6.710886198620711340e+00 6.415030971544728455e-01 -1.233836751049997904e+00 1.206759953830863208e-01
4.000000000000000000e+00 -6.038208915797055987e+00 2.833526152129716813e+00 -1.030262836637469537e+00 -3.681036691094519697e-01
5.000000000000000000e+00 -4.074530363619406792e+00 3.745045919843880355e+00 -8.502530661486700225e-01 -9.255598035852233840e-01
6.000000000000000000e+00 -2.036318824937079608e+00 4.748129878546374805e+00 -7.247988648437543313e-01 -1.391961534639887699e+00
7.000000000000000000e+00 -3.011758727801173638e-02 5.044671246498801942e+00 -6.834768343807529067e-01 -1.812971065571568952e+00
8.000000000000000000e+00 1.875873731733153971e+00 4.391154845699352549e+00 -7.350448638924382827e-01 -2.120927868333706279e+00
9.000000000000000000e+00 2.874633029729900535e+00 3.181942721868487478e+00 -7.974887034900549621e-01 -2.318793889928487673e+00
1.000000000000000000e+01 3.683989727102963574e+00 2.191793443401447661e+00 -8.772227957369127527e-01 -2.466825886329053308e+00
1.100000000000000000e+01 5.093329219814163089e+00 1.576004660765965459e+00 -1.064086873268214273e+00 -3.188066351504116103e+00
1.200000000000000000e+01 6.572970913912753232e+00 4.577216732990767589e-01 -1.240964502607976083e+00 -3.331821463444531339e+00
1.300000000000000000e+01 8.525301851001323428e+00 -2.078163988842699261e+00 -1.391082180722589712e+00 -3.188656261748188836e+00
1.400000000000000000e+01 8.528313834295548901e+00 -4.299643843389220343e+00 -1.592562095229871577e+00 -2.962532048713360400e+00
1.500000000000000000e+01 8.538960381907351405e+00 -7.629722127224390249e+00 -1.827977477221962133e+00 -2.569653905500351332e+00
1.600000000000000000e+01 7.458120068202065411e+00 -9.802693066267979205e+00 -2.036962835873998401e+00 -2.248609222063701285e+00
1.700000000000000000e+01 5.588800074484334246e+00 -1.080224259019450095e+01 -2.100258387365378177e+00 -2.029772921990146362e+00
1.800000000000000000e+01 4.098504988746586974e+00 -1.033251505058499120e+01 -2.098184893731379841e+00 -1.948025000421702790e+00
1.900000000000000000e+01 3.337886332641054832e+00 -9.752478609283670608e+00 -2.116867579136210153e+00 -1.997257280608715213e+00
2.000000000000000000e+01 3.713277507883068207e+00 -8.850874650480498929e+00 -2.141860888370342941e+00 -2.126890515931653347e+00
2.100000000000000000e+01 4.189869853743190653e+00 -8.419501030677826847e+00 -2.176452262494967815e+00 -2.206292117600957337e+00
2.200000000000000000e+01 4.540467614668853180e+00 -8.198749592859687851e+00 -2.189200417066329951e+00 -2.189515758954470037e+00
2.300000000000000000e+01 5.066702433066528677e+00 -7.938704772590262415e+00 -2.187801545755211574e+00 -2.159934742310408051e+00
2.400000000000000000e+01 5.690451138425386191e+00 -7.630432841785906639e+00 -2.169827113361247672e+00 -2.089710035360838880e+00
2.500000000000000000e+01 6.419932680674206971e+00 -7.060408059405395953e+00 -2.120277692563114602e+00 -1.989884989346399458e+00
2.600000000000000000e+01 7.138541963794605039e+00 -6.167045591870371268e+00 -2.036228080180817912e+00 -1.796864962036968771e+00
2.700000000000000000e+01 7.432672397754876314e+00 -5.165200076698534204e+00 -1.906389304100704507e+00 -1.452667341462352102e+00
2.800000000000000000e+01 7.547127305696332833e+00 -3.231169544455847031e+00 -1.761239891819304404e+00 -9.113775135551520634e-01
2.900000000000000000e+01 8.560584076648204643e+00 -1.308578059985200381e+00 -1.507862308643805438e+00 -6.649431340432324644e-01
3.000000000000000000e+01 6.851777081715303197e+00 1.296700080972641167e-01 -1.262064795022395547e+00 1.051357195339293338e-01
3.100000000000000000e+01 4.958584734940843397e+00 1.600619401073209991e+00 -1.083070981657557219e+00 1.068943304210568934e+00
3.200000000000000000e+01 3.549515636194921164e+00 3.884943008842186352e+00 -9.246421395135412391e-01 1.349488736184400794e+00
3.300000000000000000e+01 1.413889222413487801e+00 4.745163982237028399e+00 -9.759407118916090251e-01 2.089594015525078952e+00
3.400000000000000000e+01 -4.948505222217656763e-01 4.265430580716286890e+00 -9.215689339883897935e-01 2.701203608792116295e+00
3.500000000000000000e+01 -1.417330666942387074e+00 3.139107458592941047e+00 -9.229265472190024688e-01 2.821698372351025608e+00
3.600000000000000000e+01 -1.683838922226370327e+00 1.379484093171020831e+00 -8.945562322469516880e-01 3.342515279611191659e+00
3.700000000000000000e+01 -1.036778989827044750e+00 4.810783621025556123e-01 -9.286668877501135233e-01 3.739447453486505868e+00
3.800000000000000000e+01 -1.769724796088165020e+00 1.037804568221642354e+00 -1.018648302165784392e+00 4.264917826443303639e+00
3.900000000000000000e+01 -3.071697732371696521e+00 7.362220506282092236e-01 -1.158649098890862206e+00 4.393393362605748642e+00
4.000000000000000000e+01 -4.054935724251204299e+00 2.705318564713251814e-02 -1.150396255259162670e+00 4.405549186378743265e+00
4.100000000000000000e+01 -5.666850767084655516e+00 -1.640101696932509290e+00 -1.358441531021426840e+00 4.278033200296361471e+00
4.200000000000000000e+01 -6.364628552086093016e+00 -3.934927309559416386e+00 -1.618913152158944158e+00 3.789981133497019261e+00
4.300000000000000000e+01 -6.789353354164854082e+00 -5.362709987462978667e+00 -1.782991522797664707e+00 3.793412418559368948e+00
4.400000000000000000e+01 -6.111210927307427099e+00 -5.939715992693050950e+00 -1.870924891123048273e+00 3.664525786255578677e+00
4.500000000000000000e+01 -5.949749959750730177e+00 -6.860579958651990218e+00 -1.997781858440503155e+00 3.367164694414654935e+00
4.600000000000000000e+01 -5.718437449227649516e+00 -6.415309803574501757e+00 -2.047277632203601261e+00 3.280901352279720129e+00
4.700000000000000000e+01 -5.702074832277944871e+00 -6.349032098179949735e+00 -2.077602229020724334e+00 3.047557134815016777e+00
4.800000000000000000e+01 -5.338044277016226857e+00 -6.029151516944537548e+00 -2.035152861959875104e+00 2.768606804911301289e+00
4.900000000000000000e+01 -5.808059329151213923e+00 -6.465324993961224287e+00 -2.058116599211721187e+00 2.239287180799185872e+00
5.000000000000000000e+01 -6.320454712314666601e+00 -5.943775527020499716e+00 -2.023079996038728456e+00 2.150128936830783211e+00
5.100000000000000000e+01 -6.631992760980401691e+00 -5.406175441764481171e+00 -1.937483818301681593e+00 1.721807190723261272e+00
5.200000000000000000e+01 -6.962246788868148961e+00 -4.672956741376602885e+00 -1.789686557476387163e+00 1.248425382295122343e+00
5.300000000000000000e+01 -6.509753171091689161e+00 -3.269976452337453043e+00 -1.623158111071588916e+00 6.146742358961309050e-01
5.400000000000000000e+01 -6.127766337446001188e+00 -2.025814559135715509e+00 -1.409982926924285174e+00 -3.852117024974371223e-02
5.500000000000000000e+01 -5.565935406793588669e+00 1.098524829510229006e-01 -1.187594019566584169e+00 -4.932710435684972139e-01
5.600000000000000000e+01 -4.922850829394368688e+00 2.703360119098328518e+00 -1.003725664057485867e+00 -4.844996664327876901e-01
5.700000000000000000e+01 -2.974838024993289309e+00 3.750452111383448361e+00 -8.656857557845620832e-01 -1.052840372940628821e+00
5.800000000000000000e+01 -9.113670058633053239e-01 4.412608713359429835e+00 -8.094774401225851568e-01 -1.482218256943045986e+00
5.900000000000000000e+01 1.148473259650754308e+00 4.670079034659385897e+00 -8.371549529018956770e-01 -1.985847677849015280e+00
6.000000000000000000e+01 2.296347813071311528e+00 3.624764343134529110e+00 -8.140635549148672601e-01 -2.447618292473204615e+00
6.100000000000000000e+01 2.579663045070074823e+00 2.255010099558606207e+00 -7.448506959429496144e-01 -2.557587130389386232e+00
6.200000000000000000e+01 3.036405305507381414e+00 1.680977954119208473e+00 -7.666314170401534733e-01 -2.963850135662747132e+00
6.300000000000000000e+01 3.424514904433647366e+00 1.042371332585980248e+00 -7.860753448005429744e-01 -3.631489764969912493e+00
6.400000000000000000e+01 5.071330915715877907e+00 -2.117062901853721257e-01 -9.545205642906794408e-01 -3.612494687661639503e+00
6.500000000000000000e+01 5.861243828981763215e+00 -1.742935296693023162e+00 -1.022848680419218281e+00 -3.370992697265768001e+00
6.600000000000000000e+01 6.077208835626271011e+00 -3.850351648952516470e+00 -1.177444334120756109e+00 -2.559740559279228833e+00
6.700000000000000000e+01 6.521907194415335063e+00 -6.730100126031714147e+00 -1.468081428312502101e+00 -1.946541325197786332e+00
6.800000000000000000e+01 7.068864527454986835e+00 -1.008519326179931319e+01 -1.929562414481658772e+00 -1.520640887181525791e+00
6.900000000000000000e+01 5.298388385679705159e+00 -1.086939907742005573e+01 -2.026220795609133152e+00 -1.515603782019335100e+00
7.000000000000000000e+01 3.660577971303304867e+00 -9.894106202031778707e+00 -2.014556497736232465e+00 -7.919316405124281477e-01
7.100000000000000000e+01 3.934822064098324912e+00 -9.344755733928604258e+00 -2.089686146679055057e+00 -1.397068588167687420e+00
7.200000000000000000e+01 4.286241603808967682e+00 -9.065471906802017088e+00 -2.153711706577263296e+00 -1.369187022830062439e+00
7.300000000000000000e+01 4.485491732466527992e+00 -8.472815316550059705e+00 -2.156893043315572633e+00 -1.337320270674437594e+00
7.400000000000000000e+01 4.874616797009886149e+00 -8.146236035782575158e+00 -2.174889136797385714e+00 -9.245362019005642917e-01
7.500000000000000000e+01 5.775876020329177685e+00 -7.914187718588051368e+00 -2.148642456274588497e+00 -9.052706306392968028e-01
7.600000000000000000e+01 6.240967200176989138e+00 -7.263171462743548190e+00 -2.077286495979072445e+00 -5.470706179059237062e-01
7.700000000000000000e+01 6.809736022444681680e+00 -6.186783538660335147e+00 -1.935136151640776347e+00 -3.176980234725645391e-01
7.800000000000000000e+01 6.932606757101156703e+00 -4.133783967713076102e+00 -1.667295102460036427e+00 -2.220705317057759809e-02
7.900000000000000000e+01 7.631454874228219332e+00 -1.289415763663884329e+00 -1.447174316239430825e+00 -6.093544470163612115e-01
8.000000000000000000e+01 5.177083394710699338e+00 5.770503751265054770e-01 -1.282113086911261135e+00 9.198513258906347856e-01
8.100000000000000000e+01 3.593952440569401219e+00 2.846176578302671345e+00 -1.162407662762717120e+00 9.209153879364366801e-01
8.200000000000000000e+01 1.810165070115221209e+00 5.613338505430536252e+00 -1.145076589228293695e+00 8.506533404246650054e-01
8.300000000000000000e+01 -3.290503488389321940e-01 5.466791882659039814e+00 -1.143679295240939364e+00 1.907219563730338185e+00
8.400000000000000000e+01 -1.804767814311013963e+00 4.125350037962625116e+00 -1.024026357127578279e+00 2.798856825019975680e+00
8.500000000000000000e+01 -2.250939025326339937e+00 2.594518790583193457e+00 -9.096316093894912802e-01 3.094384291683446087e+00
8.600000000000000000e+01 -1.243357712974598961e+00 9.027535875735623883e-01 -7.150937887339023913e-01 3.550763932713032478e+00
8.700000000000000000e+01 -1.673493689878163826e+00 7.169460229278514785e-01 -7.322106064690671046e-01 3.668380395290370188e+00
8.800000000000000000e+01 -2.813596124450368663e+00 8.287696666923456412e-01 -8.736395743381422108e-01 4.556775021220193622e+00
8.900000000000000000e+01 -3.228595880499294690e+00 6.017223033736439630e-01 -9.225274804074451440e-01 4.620507878058331741e+00
9.000000000000000000e+01 -5.032246536720649921e+00 -1.228805185484486362e+00 -1.122740997305249566e+00 3.937378348862823341e+00
9.100000000000000000e+01 -6.009702594810105936e+00 -2.814001088212088053e+00 -1.301094557898642590e+00 4.019377268053735186e+00
9.200000000000000000e+01 -7.048508232777003890e+00 -6.263944514616348158e+00 -1.714222054849565025e+00 3.007983630389720719e+00
9.300000000000000000e+01 -6.291355887142378478e+00 -7.189078498473240764e+00 -1.851151397156295397e+00 2.914423147976957562e+00
9.400000000000000000e+01 -5.721673306575838502e+00 -8.112042397700172103e+00 -1.995026737247218795e+00 2.609191908304369090e+00
9.500000000000000000e+01 -5.351349676961749680e+00 -7.525632461372034676e+00 -1.963728148558784969e+00 2.949616941823733018e+00
9.600000000000000000e+01 -4.755588691633865217e+00 -7.479902614225935942e+00 -1.972014503585331369e+00 2.810610281794785337e+00
9.700000000000000000e+01 -4.520789246581129461e+00 -7.418843805036060779e+00 -1.975087223133192404e+00 1.979567823534782445e+00
9.800000000000000000e+01 -5.117044942668323770e+00 -7.972120015487317524e+00 -2.148885009280455893e+00 1.817875949608339425e+00
9.900000000000000000e+01 -5.109383106464225222e+00 -7.654073916600681926e+00 -2.151288709944627620e+00 1.112005515440989800e+00
1.000000000000000000e+02 -5.698085492604118230e+00 -7.395959477767545032e+00 -2.115218043090112410e+00 1.007153733231303194e+00
1.010000000000000000e+02 -5.871515123993403584e+00 -6.925887394272784547e+00 -2.042189051462895311e+00 3.260658708760427738e-01
1.020000000000000000e+02 -5.906992113317708792e+00 -5.931390255147173995e+00 -1.907229956222456835e+00 -4.192503254466760088e-01
1.030000000000000000e+02 -5.240657677627051036e+00 -4.600716911798228281e+00 -1.675299764649801348e+00 -1.475063879803439004e+00
1.040000000000000000e+02 -4.849011096846352231e+00 -3.402771822444139449e+00 -1.525307368402837538e+00 -1.870415036663957586e+00
1.050000000000000000e+02 -4.615905604917613481e+00 -1.907563316812172838e+00 -1.294914697470662457e+00 -1.751015719016971284e+00
1.060000000000000000e+02 -3.642093617252308402e+00 6.634576203628349544e-01 -1.099908908077569913e+00 -2.006863157051952840e+00
1.070000000000000000e+02 -2.419953708561544126e+00 2.278254246706560071e+00 -9.493151303139372166e-01 -1.846874473498855140e+00
1.080000000000000000e+02 -7.920942825682563138e-01 4.475083342425624444e+00 -8.754552949220754110e-01 -6.206072140558234196e-01
1.090000000000000000e+02 1.578861859012092195e+00 4.845166529307238790e+00 -9.150701000149232822e-01 -1.258181145340370399e+00
1.100000000000000000e+02 2.779961964588763657e+00 3.386515490496383229e+00 -7.988902309163019577e-01 -2.184398269759337374e+00
1.110000000000000000e+02 2.770851549318724683e+00 1.993964831176598729e+00 -6.371208947865201200e-01 -2.757123839505607243e+00
1.120000000000000000e+02 3.206662269057388492e+00 1.080060814187483897e+00 -5.787967447660921083e-01 -2.278081712204881981e+00
1.130000000000000000e+02 4.120711651184615576e+00 4.182882209841445875e-01 -6.512674059024340378e-01 -2.283650929693974430e+00
1.140000000000000000e+02 4.699940379919178568e+00 -4.333154998968360982e-01 -7.571197981094247575e-01 -3.205691757663515329e+00
1.150000000000000000e+02 6.838460758584209209e+00 -3.676422117297876380e+00 -1.073320207485818134e+00 -2.236197057761676987e+00
1.160000000000000000e+02 8.546213274619661959e+00 -7.937901017606183274e+00 -1.572751458890524923e+00 -1.703605192972990068e+00
1.170000000000000000e+02 7.340954073405359104e+00 -1.099677922437755839e+01 -1.874106390108454923e+00 -1.158930405064279689e+00
1.180000000000000000e+02 5.988583057740467730e+00 -1.329164262098332294e+01 -2.192385763664635778e+00 -7.254637548911109235e-01
1.190000000000000000e+02 3.696357297257200081e+00 -1.193686533416974171e+01 -2.082799112683745957e+00 -6.120423738356153276e-01
1.200000000000000000e+02 2.192817157915058157e+00 -1.201207422760131216e+01 -2.182522559191615308e+00 -2.463737493781241183e-01
1.210000000000000000e+02 1.273830299949808564e+00 -1.054187577473916804e+01 -2.097622106190643265e+00 -3.299954101905922532e-01
1.220000000000000000e+02 9.898383791812112031e-01 -1.027115173262648895e+01 -2.124606781840998604e+00 -4.206291813249061762e-01
1.230000000000000000e+02 6.901836756866625011e-01 -9.859981757725085671e+00 -2.116197951325362148e+00 -5.661170734064390198e-01
1.240000000000000000e+02 5.893767542752225141e-01 -9.872508539110647519e+00 -2.149222358424950130e+00 -4.821056708495560228e-01
1.250000000000000000e+02 2.958757792487408111e-01 -9.490696396086303110e+00 -2.153747419793476059e+00 -3.794400431591043454e-01
1.260000000000000000e+02 3.755054262520259867e-01 -9.694767220085070747e+00 -2.169164590483910970e+00 -3.315604198768596911e-01
1.270000000000000000e+02 3.789288422135929646e-01 -9.509253591824700536e+00 -2.172020538976930037e+00 -4.372760158139645803e-01
1.280000000000000000e+02 2.070945281618265937e-02 -9.475984384106128644e+00 -2.172223193800899121e+00 4.977075125533427478e-03
1.290000000000000000e+02 -6.156417932675068566e-02 -9.386244513111545729e+00 -2.148681571581172900e+00 -2.617041575487211516e-02
1.300000000000000000e+02 -3.655495391837854102e-01 -8.927789770704700700e+00 -2.134316990880037235e+00 3.648567479944473391e-01
1.310000000000000000e+02 -2.655578714043534960e-01 -8.608600993182676575e+00 -2.060468791639108677e+00 2.739765044685099071e-01
1.320000000000000000e+02 -4.134569294239127113e-01 -8.143229154106389700e+00 -2.000503288243794753e+00 5.260284572792799374e-01
1.330000000000000000e+02 -4.393013638286383804e-01 -7.735333853536171311e+00 -1.941124162603773629e+00 5.560467067536093433e-01
1.340000000000000000e+02 -4.926156564046237918e-01 -6.940730634299901780e+00 -1.827778035455425831e+00 6.092370908105412264e-01
1.350000000000000000e+02 -5.539050617806068333e-01 -6.504726361614499019e+00 -1.684900937819865385e+00 6.577998626341564625e-01
1.360000000000000000e+02 -3.189120667573378531e-01 -5.862882830798503697e+00 -1.564344501171868185e+00 3.274603976867454525e-01
1.370000000000000000e+02 -3.322669584468426751e-01 -5.017022153833615938e+00 -1.368052345493447675e+00 4.098304734061062327e-01
1.380000000000000000e+02 -2.035634439165562581e-01 -4.407141751956044295e+00 -1.179064419125383623e+00 2.014741827017956788e-01
1.390000000000000000e+02 -6.897010564117139753e-02 -3.252558049853098154e+00 -1.017211704100704939e+00 5.523401543745937170e-02
1.400000000000000000e+02 -1.357278363816828703e-01 -2.560890386102943950e+00 -8.420057586218911982e-01 1.861970286353824833e-01
1.410000000000000000e+02 -1.221145638769923492e-01 -1.927402983284423277e+00 -6.909677117395925938e-01 1.018698737464540233e-01
1.420000000000000000e+02 8.190337845415018164e-03 -1.636205273450106246e+00 -5.417898796113805870e-01 -4.606700721924602421e-02
1.430000000000000000e+02 -5.031419237237281378e-02 -1.011885878434597652e+00 -4.509552790036877035e-01 5.922061994639903071e-02
1.440000000000000000e+02 4.532730335079427492e-02 -7.030883268123635510e-01 -3.545941629043858900e-01 -9.159790284532651206e-02
1.450000000000000000e+02 -1.381502345068435500e-01 -4.564150543887894318e-01 -2.653440412090236067e-01 1.501744680228001005e-01
1.460000000000000000e+02 -1.335001441618073326e-01 -2.908872789773064849e-01 -2.053788932119057220e-01 1.370246008041928198e-01
1.470000000000000000e+02 -1.096046861901879554e-01 -1.942818358446697924e-01 -1.351760224077286632e-01 1.119348191684328697e-01
1.480000000000000000e+02 -1.521397921470050707e-01 -8.339387512972978866e-02 -8.742019296352249169e-02 1.581810584749396009e-01
1.490000000000000000e+02 -1.480010591633841854e-01 -3.488986123324668009e-02 -4.230835628014316396e-02 1.538766927079016633e-01
1.500000000000000000e+02 -0.000000000000000000e+00 -0.000000000000000000e+00 -0.000000000000000000e+00 -0.000000000000000000e+00
0.000000000000000000e+00 -7.068594977103085597e+00 -3.627946037849459238e+00 -1.822406314417709838e+00 1.836210693056147258e+00
1.000000000000000000e+00 -7.110471449407410383e+00 -2.624532312769813025e+00 -1.659574716311593923e+00 1.325653327940395476e+00
2.000000000000000000e+00 -6.871575586903374777e+00 -1.355657367565763272e+00 -1.456046916567981464e+00 7.063569652506944685e-01
3.000000000000000000e+00 -6.710886198620711340e+00 6.415030971544728455e-01 -1.233836751049997904e+00 1.206759953830863208e-01
4.000000000000000000e+00 -6.038208915797055987e+00 2.833526152129716813e+00 -1.030262836637469537e+00 -3.681036691094519697e-01
5.000000000000000000e+00 -4.074530363619406792e+00 3.745045919843880355e+00 -8.502530661486700225e-01 -9.255598035852233840e-01
6.000000000000000000e+00 -2.036318824937079608e+00 4.748129878546374805e+00 -7.247988648437543313e-01 -1.391961534639887699e+00
7.000000000000000000e+00 -3.011758727801173638e-02 5.044671246498801942e+00 -6.834768343807529067e-01 -1.812971065571568952e+00
8.000000000000000000e+00 1.875873731733153971e+00 4.391154845699352549e+00 -7.350448638924382827e-01 -2.120927868333706279e+00
9.000000000000000000e+00 2.874633029729900535e+00 3.181942721868487478e+00 -7.974887034900549621e-01 -2.318793889928487673e+00
1.000000000000000000e+01 3.683989727102963574e+00 2.191793443401447661e+00 -8.772227957369127527e-01 -2.466825886329053308e+00
1.100000000000000000e+01 5.093329219814163089e+00 1.576004660765965459e+00 -1.064086873268214273e+00 -3.188066351504116103e+00
1.200000000000000000e+01 6.572970913912753232e+00 4.577216732990767589e-01 -1.240964502607976083e+00 -3.331821463444531339e+00
1.300000000000000000e+01 8.525301851001323428e+00 -2.078163988842699261e+00 -1.391082180722589712e+00 -3.188656261748188836e+00
1.400000000000000000e+01 8.528313834295548901e+00 -4.299643843389220343e+00 -1.592562095229871577e+00 -2.962532048713360400e+00
1.500000000000000000e+01 8.538960381907351405e+00 -7.629722127224390249e+00 -1.827977477221962133e+00 -2.569653905500351332e+00
1.600000000000000000e+01 7.458120068202065411e+00 -9.802693066267979205e+00 -2.036962835873998401e+00 -2.248609222063701285e+00
1.700000000000000000e+01 5.588800074484334246e+00 -1.080224259019450095e+01 -2.100258387365378177e+00 -2.029772921990146362e+00
1.800000000000000000e+01 4.098504988746586974e+00 -1.033251505058499120e+01 -2.098184893731379841e+00 -1.948025000421702790e+00
1.900000000000000000e+01 3.337886332641054832e+00 -9.752478609283670608e+00 -2.116867579136210153e+00 -1.997257280608715213e+00
2.000000000000000000e+01 3.713277507883068207e+00 -8.850874650480498929e+00 -2.141860888370342941e+00 -2.126890515931653347e+00
2.100000000000000000e+01 4.189869853743190653e+00 -8.419501030677826847e+00 -2.176452262494967815e+00 -2.206292117600957337e+00
2.200000000000000000e+01 4.540467614668853180e+00 -8.198749592859687851e+00 -2.189200417066329951e+00 -2.189515758954470037e+00
2.300000000000000000e+01 5.066702433066528677e+00 -7.938704772590262415e+00 -2.187801545755211574e+00 -2.159934742310408051e+00
2.400000000000000000e+01 5.690451138425386191e+00 -7.630432841785906639e+00 -2.169827113361247672e+00 -2.089710035360838880e+00
2.500000000000000000e+01 6.419932680674206971e+00 -7.060408059405395953e+00 -2.120277692563114602e+00 -1.989884989346399458e+00
2.600000000000000000e+01 7.138541963794605039e+00 -6.167045591870371268e+00 -2.036228080180817912e+00 -1.796864962036968771e+00
2.700000000000000000e+01 7.432672397754876314e+00 -5.165200076698534204e+00 -1.906389304100704507e+00 -1.452667341462352102e+00
2.800000000000000000e+01 7.547127305696332833e+00 -3.231169544455847031e+00 -1.761239891819304404e+00 -9.113775135551520634e-01
2.900000000000000000e+01 8.560584076648204643e+00 -1.308578059985200381e+00 -1.507862308643805438e+00 -6.649431340432324644e-01
3.000000000000000000e+01 6.851777081715303197e+00 1.296700080972641167e-01 -1.262064795022395547e+00 1.051357195339293338e-01
3.100000000000000000e+01 4.958584734940843397e+00 1.600619401073209991e+00 -1.083070981657557219e+00 1.068943304210568934e+00
3.200000000000000000e+01 3.549515636194921164e+00 3.884943008842186352e+00 -9.246421395135412391e-01 1.349488736184400794e+00
3.300000000000000000e+01 1.413889222413487801e+00 4.745163982237028399e+00 -9.759407118916090251e-01 2.089594015525078952e+00
3.400000000000000000e+01 -4.948505222217656763e-01 4.265430580716286890e+00 -9.215689339883897935e-01 2.701203608792116295e+00
3.500000000000000000e+01 -1.417330666942387074e+00 3.139107458592941047e+00 -9.229265472190024688e-01 2.821698372351025608e+00
3.600000000000000000e+01 -1.683838922226370327e+00 1.379484093171020831e+00 -8.945562322469516880e-01 3.342515279611191659e+00
3.700000000000000000e+01 -1.036778989827044750e+00 4.810783621025556123e-01 -9.286668877501135233e-01 3.739447453486505868e+00
3.800000000000000000e+01 -1.769724796088165020e+00 1.037804568221642354e+00 -1.018648302165784392e+00 4.264917826443303639e+00
3.900000000000000000e+01 -3.071697732371696521e+00 7.362220506282092236e-01 -1.158649098890862206e+00 4.393393362605748642e+00
4.000000000000000000e+01 -4.054935724251204299e+00 2.705318564713251814e-02 -1.150396255259162670e+00 4.405549186378743265e+00
4.100000000000000000e+01 -5.666850767084655516e+00 -1.640101696932509290e+00 -1.358441531021426840e+00 4.278033200296361471e+00
4.200000000000000000e+01 -6.364628552086093016e+00 -3.934927309559416386e+00 -1.618913152158944158e+00 3.789981133497019261e+00
4.300000000000000000e+01 -6.789353354164854082e+00 -5.362709987462978667e+00 -1.782991522797664707e+00 3.793412418559368948e+00
4.400000000000000000e+01 -6.111210927307427099e+00 -5.939715992693050950e+00 -1.870924891123048273e+00 3.664525786255578677e+00
4.500000000000000000e+01 -5.949749959750730177e+00 -6.860579958651990218e+00 -1.997781858440503155e+00 3.367164694414654935e+00
4.600000000000000000e+01 -5.718437449227649516e+00 -6.415309803574501757e+00 -2.047277632203601261e+00 3.280901352279720129e+00
4.700000000000000000e+01 -5.702074832277944871e+00 -6.349032098179949735e+00 -2.077602229020724334e+00 3.047557134815016777e+00
4.800000000000000000e+01 -5.338044277016226857e+00 -6.029151516944537548e+00 -2.035152861959875104e+00 2.768606804911301289e+00
4.900000000000000000e+01 -5.808059329151213923e+00 -6.465324993961224287e+00 -2.058116599211721187e+00 2.239287180799185872e+00
5.000000000000000000e+01 -6.320454712314666601e+00 -5.943775527020499716e+00 -2.023079996038728456e+00 2.150128936830783211e+00
5.100000000000000000e+01 -6.631992760980401691e+00 -5.406175441764481171e+00 -1.937483818301681593e+00 1.721807190723261272e+00
5.200000000000000000e+01 -6.962246788868148961e+00 -4.672956741376602885e+00 -1.789686557476387163e+00 1.248425382295122343e+00
5.300000000000000000e+01 -6.509753171091689161e+00 -3.269976452337453043e+00 -1.623158111071588916e+00 6.146742358961309050e-01
5.400000000000000000e+01 -6.127766337446001188e+00 -2.025814559135715509e+00 -1.409982926924285174e+00 -3.852117024974371223e-02
5.500000000000000000e+01 -5.565935406793588669e+00 1.098524829510229006e-01 -1.187594019566584169e+00 -4.932710435684972139e-01
5.600000000000000000e+01 -4.922850829394368688e+00 2.703360119098328518e+00 -1.003725664057485867e+00 -4.844996664327876901e-01
5.700000000000000000e+01 -2.974838024993289309e+00 3.750452111383448361e+00 -8.656857557845620832e-01 -1.052840372940628821e+00
5.800000000000000000e+01 -9.113670058633053239e-01 4.412608713359429835e+00 -8.094774401225851568e-01 -1.482218256943045986e+00
5.900000000000000000e+01 1.148473259650754308e+00 4.670079034659385897e+00 -8.371549529018956770e-01 -1.985847677849015280e+00
6.000000000000000000e+01 2.296347813071311528e+00 3.624764343134529110e+00 -8.140635549148672601e-01 -2.447618292473204615e+00
6.100000000000000000e+01 2.579663045070074823e+00 2.255010099558606207e+00 -7.448506959429496144e-01 -2.557587130389386232e+00
6.200000000000000000e+01 3.036405305507381414e+00 1.680977954119208473e+00 -7.666314170401534733e-01 -2.963850135662747132e+00
6.300000000000000000e+01 3.424514904433647366e+00 1.042371332585980248e+00 -7.860753448005429744e-01 -3.631489764969912493e+00
6.400000000000000000e+01 5.071330915715877907e+00 -2.117062901853721257e-01 -9.545205642906794408e-01 -3.612494687661639503e+00
6.500000000000000000e+01 5.861243828981763215e+00 -1.742935296693023162e+00 -1.022848680419218281e+00 -3.370992697265768001e+00
6.600000000000000000e+01 6.077208835626271011e+00 -3.850351648952516470e+00 -1.177444334120756109e+00 -2.559740559279228833e+00
6.700000000000000000e+01 6.521907194415335063e+00 -6.730100126031714147e+00 -1.468081428312502101e+00 -1.946541325197786332e+00
6.800000000000000000e+01 7.068864527454986835e+00 -1.008519326179931319e+01 -1.929562414481658772e+00 -1.520640887181525791e+00
6.900000000000000000e+01 5.298388385679705159e+00 -1.086939907742005573e+01 -2.026220795609133152e+00 -1.515603782019335100e+00
7.000000000000000000e+01 3.660577971303304867e+00 -9.894106202031778707e+00 -2.014556497736232465e+00 -7.919316405124281477e-01
7.100000000000000000e+01 3.934822064098324912e+00 -9.344755733928604258e+00 -2.089686146679055057e+00 -1.397068588167687420e+00
7.200000000000000000e+01 4.286241603808967682e+00 -9.065471906802017088e+00 -2.153711706577263296e+00 -1.369187022830062439e+00
7.300000000000000000e+01 4.485491732466527992e+00 -8.472815316550059705e+00 -2.156893043315572633e+00 -1.337320270674437594e+00
7.400000000000000000e+01 4.874616797009886149e+00 -8.146236035782575158e+00 -2.174889136797385714e+00 -9.245362019005642917e-01
7.500000000000000000e+01 5.775876020329177685e+00 -7.914187718588051368e+00 -2.148642456274588497e+00 -9.052706306392968028e-01
7.600000000000000000e+01 6.240967200176989138e+00 -7.263171462743548190e+00 -2.077286495979072445e+00 -5.470706179059237062e-01
7.700000000000000000e+01 6.809736022444681680e+00 -6.186783538660335147e+00 -1.935136151640776347e+00 -3.176980234725645391e-01
7.800000000000000000e+01 6.932606757101156703e+00 -4.133783967713076102e+00 -1.667295102460036427e+00 -2.220705317057759809e-02
7.900000000000000000e+01 7.631454874228219332e+00 -1.289415763663884329e+00 -1.447174316239430825e+00 -6.093544470163612115e-01
8.000000000000000000e+01 5.177083394710699338e+00 5.770503751265054770e-01 -1.282113086911261135e+00 9.198513258906347856e-01
8.100000000000000000e+01 3.593952440569401219e+00 2.846176578302671345e+00 -1.162407662762717120e+00 9.209153879364366801e-01
8.200000000000000000e+01 1.810165070115221209e+00 5.613338505430536252e+00 -1.145076589228293695e+00 8.506533404246650054e-01
8.300000000000000000e+01 -3.290503488389321940e-01 5.466791882659039814e+00 -1.143679295240939364e+00 1.907219563730338185e+00
8.400000000000000000e+01 -1.804767814311013963e+00 4.125350037962625116e+00 -1.024026357127578279e+00 2.798856825019975680e+00
8.500000000000000000e+01 -2.250939025326339937e+00 2.594518790583193457e+00 -9.096316093894912802e-01 3.094384291683446087e+00
8.600000000000000000e+01 -1.243357712974598961e+00 9.027535875735623883e-01 -7.150937887339023913e-01 3.550763932713032478e+00
8.700000000000000000e+01 -1.673493689878163826e+00 7.169460229278514785e-01 -7.322106064690671046e-01 3.668380395290370188e+00
8.800000000000000000e+01 -2.813596124450368663e+00 8.287696666923456412e-01 -8.736395743381422108e-01 4.556775021220193622e+00
8.900000000000000000e+01 -3.228595880499294690e+00 6.017223033736439630e-01 -9.225274804074451440e-01 4.620507878058331741e+00
9.000000000000000000e+01 -5.032246536720649921e+00 -1.228805185484486362e+00 -1.122740997305249566e+00 3.937378348862823341e+00
9.100000000000000000e+01 -6.009702594810105936e+00 -2.814001088212088053e+00 -1.301094557898642590e+00 4.019377268053735186e+00
9.200000000000000000e+01 -7.048508232777003890e+00 -6.263944514616348158e+00 -1.714222054849565025e+00 3.007983630389720719e+00
9.300000000000000000e+01 -6.291355887142378478e+00 -7.189078498473240764e+00 -1.851151397156295397e+00 2.914423147976957562e+00
9.400000000000000000e+01 -5.721673306575838502e+00 -8.112042397700172103e+00 -1.995026737247218795e+00 2.609191908304369090e+00
9.500000000000000000e+01 -5.351349676961749680e+00 -7.525632461372034676e+00 -1.963728148558784969e+00 2.949616941823733018e+00
9.600000000000000000e+01 -4.755588691633865217e+00 -7.479902614225935942e+00 -1.972014503585331369e+00 2.810610281794785337e+00
9.700000000000000000e+01 -4.520789246581129461e+00 -7.418843805036060779e+00 -1.975087223133192404e+00 1.979567823534782445e+00
9.800000000000000000e+01 -5.117044942668323770e+00 -7.972120015487317524e+00 -2.148885009280455893e+00 1.817875949608339425e+00
9.900000000000000000e+01 -5.109383106464225222e+00 -7.654073916600681926e+00 -2.151288709944627620e+00 1.112005515440989800e+00
1.000000000000000000e+02 -5.698085492604118230e+00 -7.395959477767545032e+00 -2.115218043090112410e+00 1.007153733231303194e+00
1.010000000000000000e+02 -5.871515123993403584e+00 -6.925887394272784547e+00 -2.042189051462895311e+00 3.260658708760427738e-01
1.020000000000000000e+02 -5.906992113317708792e+00 -5.931390255147173995e+00 -1.907229956222456835e+00 -4.192503254466760088e-01
1.030000000000000000e+02 -5.240657677627051036e+00 -4.600716911798228281e+00 -1.675299764649801348e+00 -1.475063879803439004e+00
1.040000000000000000e+02 -4.849011096846352231e+00 -3.402771822444139449e+00 -1.525307368402837538e+00 -1.870415036663957586e+00
1.050000000000000000e+02 -4.615905604917613481e+00 -1.907563316812172838e+00 -1.294914697470662457e+00 -1.751015719016971284e+00
1.060000000000000000e+02 -3.642093617252308402e+00 6.634576203628349544e-01 -1.099908908077569913e+00 -2.006863157051952840e+00
1.070000000000000000e+02 -2.419953708561544126e+00 2.278254246706560071e+00 -9.493151303139372166e-01 -1.846874473498855140e+00
1.080000000000000000e+02 -7.920942825682563138e-01 4.475083342425624444e+00 -8.754552949220754110e-01 -6.206072140558234196e-01
1.090000000000000000e+02 1.578861859012092195e+00 4.845166529307238790e+00 -9.150701000149232822e-01 -1.258181145340370399e+00
1.100000000000000000e+02 2.779961964588763657e+00 3.386515490496383229e+00 -7.988902309163019577e-01 -2.184398269759337374e+00
1.110000000000000000e+02 2.770851549318724683e+00 1.993964831176598729e+00 -6.371208947865201200e-01 -2.757123839505607243e+00
1.120000000000000000e+02 3.206662269057388492e+00 1.080060814187483897e+00 -5.787967447660921083e-01 -2.278081712204881981e+00
1.130000000000000000e+02 4.120711651184615576e+00 4.182882209841445875e-01 -6.512674059024340378e-01 -2.283650929693974430e+00
1.140000000000000000e+02 4.699940379919178568e+00 -4.333154998968360982e-01 -7.571197981094247575e-01 -3.205691757663515329e+00
1.150000000000000000e+02 6.838460758584209209e+00 -3.676422117297876380e+00 -1.073320207485818134e+00 -2.236197057761676987e+00
1.160000000000000000e+02 8.546213274619661959e+00 -7.937901017606183274e+00 -1.572751458890524923e+00 -1.703605192972990068e+00
1.170000000000000000e+02 7.340954073405359104e+00 -1.099677922437755839e+01 -1.874106390108454923e+00 -1.158930405064279689e+00
1.180000000000000000e+02 5.988583057740467730e+00 -1.329164262098332294e+01 -2.192385763664635778e+00 -7.254637548911109235e-01
1.190000000000000000e+02 3.696357297257200081e+00 -1.193686533416974171e+01 -2.082799112683745957e+00 -6.120423738356153276e-01
1.200000000000000000e+02 2.192817157915058157e+00 -1.201207422760131216e+01 -2.182522559191615308e+00 -2.463737493781241183e-01
1.210000000000000000e+02 1.273830299949808564e+00 -1.054187577473916804e+01 -2.097622106190643265e+00 -3.299954101905922532e-01
1.220000000000000000e+02 9.898383791812112031e-01 -1.027115173262648895e+01 -2.124606781840998604e+00 -4.206291813249061762e-01
1.230000000000000000e+02 6.901836756866625011e-01 -9.859981757725085671e+00 -2.116197951325362148e+00 -5.661170734064390198e-01
1.240000000000000000e+02 5.893767542752225141e-01 -9.872508539110647519e+00 -2.149222358424950130e+00 -4.821056708495560228e-01
1.250000000000000000e+02 2.958757792487408111e-01 -9.490696396086303110e+00 -2.153747419793476059e+00 -3.794400431591043454e-01
1.260000000000000000e+02 3.755054262520259867e-01 -9.694767220085070747e+00 -2.169164590483910970e+00 -3.315604198768596911e-01
1.270000000000000000e+02 3.789288422135929646e-01 -9.509253591824700536e+00 -2.172020538976930037e+00 -4.372760158139645803e-01
1.280000000000000000e+02 2.070945281618265937e-02 -9.475984384106128644e+00 -2.172223193800899121e+00 4.977075125533427478e-03
1.290000000000000000e+02 -6.156417932675068566e-02 -9.386244513111545729e+00 -2.148681571581172900e+00 -2.617041575487211516e-02
1.300000000000000000e+02 -3.655495391837854102e-01 -8.927789770704700700e+00 -2.134316990880037235e+00 3.648567479944473391e-01
1.310000000000000000e+02 -2.655578714043534960e-01 -8.608600993182676575e+00 -2.060468791639108677e+00 2.739765044685099071e-01
1.320000000000000000e+02 -4.134569294239127113e-01 -8.143229154106389700e+00 -2.000503288243794753e+00 5.260284572792799374e-01
1.330000000000000000e+02 -4.393013638286383804e-01 -7.735333853536171311e+00 -1.941124162603773629e+00 5.560467067536093433e-01
1.340000000000000000e+02 -4.926156564046237918e-01 -6.940730634299901780e+00 -1.827778035455425831e+00 6.092370908105412264e-01
1.350000000000000000e+02 -5.539050617806068333e-01 -6.504726361614499019e+00 -1.684900937819865385e+00 6.577998626341564625e-01
1.360000000000000000e+02 -3.189120667573378531e-01 -5.862882830798503697e+00 -1.564344501171868185e+00 3.274603976867454525e-01
1.370000000000000000e+02 -3.322669584468426751e-01 -5.017022153833615938e+00 -1.368052345493447675e+00 4.098304734061062327e-01
1.380000000000000000e+02 -2.035634439165562581e-01 -4.407141751956044295e+00 -1.179064419125383623e+00 2.014741827017956788e-01
1.390000000000000000e+02 -6.897010564117139753e-02 -3.252558049853098154e+00 -1.017211704100704939e+00 5.523401543745937170e-02
1.400000000000000000e+02 -1.357278363816828703e-01 -2.560890386102943950e+00 -8.420057586218911982e-01 1.861970286353824833e-01
1.410000000000000000e+02 -1.221145638769923492e-01 -1.927402983284423277e+00 -6.909677117395925938e-01 1.018698737464540233e-01
1.420000000000000000e+02 8.190337845415018164e-03 -1.636205273450106246e+00 -5.417898796113805870e-01 -4.606700721924602421e-02
1.430000000000000000e+02 -5.031419237237281378e-02 -1.011885878434597652e+00 -4.509552790036877035e-01 5.922061994639903071e-02
1.440000000000000000e+02 4.532730335079427492e-02 -7.030883268123635510e-01 -3.545941629043858900e-01 -9.159790284532651206e-02
1.450000000000000000e+02 -1.381502345068435500e-01 -4.564150543887894318e-01 -2.653440412090236067e-01 1.501744680228001005e-01
1.460000000000000000e+02 -1.335001441618073326e-01 -2.908872789773064849e-01 -2.053788932119057220e-01 1.370246008041928198e-01
1.470000000000000000e+02 -1.096046861901879554e-01 -1.942818358446697924e-01 -1.351760224077286632e-01 1.119348191684328697e-01
1.480000000000000000e+02 -1.521397921470050707e-01 -8.339387512972978866e-02 -8.742019296352249169e-02 1.581810584749396009e-01
1.490000000000000000e+02 -1.480010591633841854e-01 -3.488986123324668009e-02 -4.230835628014316396e-02 1.538766927079016633e-01
1.500000000000000000e+02 -0.000000000000000000e+00 -0.000000000000000000e+00 -0.000000000000000000e+00 -0.000000000000000000e+00
0.000000000000000000e+00 -7.068594977103085597e+00 -3.627946037849459238e+00 -1.822406314417709838e+00 1.836210693056147258e+00
1.000000000000000000e+00 -7.110471449407410383e+00 -2.624532312769813025e+00 -1.659574716311593923e+00 1.325653327940395476e+00
2.000000000000000000e+00 -6.871575586903374777e+00 -1.355657367565763272e+00 -1.456046916567981464e+00 7.063569652506944685e-01
3.000000000000000000e+00 -6.710886198620711340e+00 6.415030971544728455e-01 -1.233836751049997904e+00 1.206759953830863208e-01
4.000000000000000000e+00 -6.038208915797055987e+00 2.833526152129716813e+00 -1.030262836637469537e+00 -3.681036691094519697e-01
5.000000000000000000e+00 -4.074530363619406792e+00 3.745045919843880355e+00 -8.502530661486700225e-01 -9.255598035852233840e-01
6.000000000000000000e+00 -2.036318824937079608e+00 4.748129878546374805e+00 -7.247988648437543313e-01 -1.391961534639887699e+00
7.000000000000000000e+00 -3.011758727801173638e-02 5.044671246498801942e+00 -6.834768343807529067e-01 -1.812971065571568952e+00
8.000000000000000000e+00 1.875873731733153971e+00 4.391154845699352549e+00 -7.350448638924382827e-01 -2.120927868333706279e+00
9.000000000000000000e+00 2.874633029729900535e+00 3.181942721868487478e+00 -7.974887034900549621e-01 -2.318793889928487673e+00
1.000000000000000000e+01 3.683989727102963574e+00 2.191793443401447661e+00 -8.772227957369127527e-01 -2.466825886329053308e+00
1.100000000000000000e+01 5.093329219814163089e+00 1.576004660765965459e+00 -1.064086873268214273e+00 -3.188066351504116103e+00
1.200000000000000000e+01 6.572970913912753232e+00 4.577216732990767589e-01 -1.240964502607976083e+00 -3.331821463444531339e+00
1.300000000000000000e+01 8.525301851001323428e+00 -2.078163988842699261e+00 -1.391082180722589712e+00 -3.188656261748188836e+00
1.400000000000000000e+01 8.528313834295548901e+00 -4.299643843389220343e+00 -1.592562095229871577e+00 -2.962532048713360400e+00
1.500000000000000000e+01 8.538960381907351405e+00 -7.629722127224390249e+00 -1.827977477221962133e+00 -2.569653905500351332e+00
1.600000000000000000e+01 7.458120068202065411e+00 -9.802693066267979205e+00 -2.036962835873998401e+00 -2.248609222063701285e+00
1.700000000000000000e+01 5.588800074484334246e+00 -1.080224259019450095e+01 -2.100258387365378177e+00 -2.029772921990146362e+00
1.800000000000000000e+01 4.098504988746586974e+00 -1.033251505058499120e+01 -2.098184893731379841e+00 -1.948025000421702790e+00
1.900000000000000000e+01 3.337886332641054832e+00 -9.752478609283670608e+00 -2.116867579136210153e+00 -1.997257280608715213e+00
2.000000000000000000e+01 3.713277507883068207e+00 -8.850874650480498929e+00 -2.141860888370342941e+00 -2.126890515931653347e+00
2.100000000000000000e+01 4.189869853743190653e+00 -8.419501030677826847e+00 -2.176452262494967815e+00 -2.206292117600957337e+00
2.200000000000000000e+01 4.540467614668853180e+00 -8.198749592859687851e+00 -2.189200417066329951e+00 -2.189515758954470037e+00
2.300000000000000000e+01 5.066702433066528677e+00 -7.938704772590262415e+00 -2.187801545755211574e+00 -2.159934742310408051e+00
2.400000000000000000e+01 5.690451138425386191e+00 -7.630432841785906639e+00 -2.169827113361247672e+00 -2.089710035360838880e+00
2.500000000000000000e+01 6.419932680674206971e+00 -7.060408059405395953e+00 -2.120277692563114602e+00 -1.989884989346399458e+00
2.600000000000000000e+01 7.138541963794605039e+00 -6.167045591870371268e+00 -2.036228080180817912e+00 -1.796864962036968771e+00
2.700000000000000000e+01 7.432672397754876314e+00 -5.165200076698534204e+00 -1.906389304100704507e+00 -1.452667341462352102e+00
2.800000000000000000e+01 7.547127305696332833e+00 -3.231169544455847031e+00 -1.761239891819304404e+00 -9.113775135551520634e-01
2.900000000000000000e+01 8.560584076648204643e+00 -1.308578059985200381e+00 -1.507862308643805438e+00 -6.649431340432324644e-01
3.000000000000000000e+01 6.851777081715303197e+00 1.296700080972641167e-01 -1.262064795022395547e+00 1.051357195339293338e-01
3.100000000000000000e+01 4.958584734940843397e+00 1.600619401073209991e+00 -1.083070981657557219e+00 1.068943304210568934e+00
3.200000000000000000e+01 3.549515636194921164e+00 3.884943008842186352e+00 -9.246421395135412391e-01 1.349488736184400794e+00
3.300000000000000000e+01 1.413889222413487801e+00 4.745163982237028399e+00 -9.759407118916090251e-01 2.089594015525078952e+00
3.400000000000000000e+01 -4.948505222217656763e-01 4.265430580716286890e+00 -9.215689339883897935e-01 2.701203608792116295e+00
3.500000000000000000e+01 -1.417330666942387074e+00 3.139107458592941047e+00 -9.229265472190024688e-01 2.821698372351025608e+00
3.600000000000000000e+01 -1.683838922226370327e+00 1.379484093171020831e+00 -8.945562322469516880e-01 3.342515279611191659e+00
3.700000000000000000e+01 -1.036778989827044750e+00 4.810783621025556123e-01 -9.286668877501135233e-01 3.739447453486505868e+00
3.800000000000000000e+01 -1.769724796088165020e+00 1.037804568221642354e+00 -1.018648302165784392e+00 4.264917826443303639e+00
3.900000000000000000e+01 -3.071697732371696521e+00 7.362220506282092236e-01 -1.158649098890862206e+00 4.393393362605748642e+00
4.000000000000000000e+01 -4.054935724251204299e+00 2.705318564713251814e-02 -1.150396255259162670e+00 4.405549186378743265e+00
4.100000000000000000e+01 -5.666850767084655516e+00 -1.640101696932509290e+00 -1.358441531021426840e+00 4.278033200296361471e+00
4.200000000000000000e+01 -6.364628552086093016e+00 -3.934927309559416386e+00 -1.618913152158944158e+00 3.789981133497019261e+00
4.300000000000000000e+01 -6.789353354164854082e+00 -5.362709987462978667e+00 -1.782991522797664707e+00 3.793412418559368948e+00
4.400000000000000000e+01 -6.111210927307427099e+00 -5.939715992693050950e+00 -1.870924891123048273e+00 3.664525786255578677e+00
4.500000000000000000e+01 -5.949749959750730177e+00 -6.860579958651990218e+00 -1.997781858440503155e+00 3.367164694414654935e+00
4.600000000000000000e+01 -5.718437449227649516e+00 -6.415309803574501757e+00 -2.047277632203601261e+00 3.280901352279720129e+00
4.700000000000000000e+01 -5.702074832277944871e+00 -6.349032098179949735e+00 -2.077602229020724334e+00 3.047557134815016777e+00
4.800000000000000000e+01 -5.338044277016226857e+00 -6.029151516944537548e+00 -2.035152861959875104e+00 2.768606804911301289e+00
4.900000000000000000e+01 -5.808059329151213923e+00 -6.465324993961224287e+00 -2.058116599211721187e+00 2.239287180799185872e+00
5.000000000000000000e+01 -6.320454712314666601e+00 -5.943775527020499716e+00 -2.023079996038728456e+00 2.150128936830783211e+00
5.100000000000000000e+01 -6.631992760980401691e+00 -5.406175441764481171e+00 -1.937483818301681593e+00 1.721807190723261272e+00
5.200000000000000000e+01 -6.962246788868148961e+00 -4.672956741376602885e+00 -1.789686557476387163e+00 1.248425382295122343e+00
5.300000000000000000e+01 -6.509753171091689161e+00 -3.269976452337453043e+00 -1.623158111071588916e+00 6.146742358961309050e-01
5.400000000000000000e+01 -6.127766337446001188e+00 -2.025814559135715509e+00 -1.409982926924285174e+00 -3.852117024974371223e-02
5.500000000000000000e+01 -5.565935406793588669e+00 1.098524829510229006e-01 -1.187594019566584169e+00 -4.932710435684972139e-01
5.600000000000000000e+01 -4.922850829394368688e+00 2.703360119098328518e+00 -1.003725664057485867e+00 -4.844996664327876901e-01
5.700000000000000000e+01 -2.974838024993289309e+00 3.750452111383448361e+00 -8.656857557845620832e-01 -1.052840372940628821e+00
5.800000000000000000e+01 -9.113670058633053239e-01 4.412608713359429835e+00 -8.094774401225851568e-01 -1.482218256943045986e+00
5.900000000000000000e+01 1.148473259650754308e+00 4.670079034659385897e+00 -8.371549529018956770e-01 -1.985847677849015280e+00
6.000000000000000000e+01 2.296347813071311528e+00 3.624764343134529110e+00 -8.140635549148672601e-01 -2.447618292473204615e+00
6.100000000000000000e+01 2.579663045070074823e+00 2.255010099558606207e+00 -7.448506959429496144e-01 -2.557587130389386232e+00
6.200000000000000000e+01 3.036405305507381414e+00 1.680977954119208473e+00 -7.666314170401534733e-01 -2.963850135662747132e+00
6.300000000000000000e+01 3.424514904433647366e+00 1.042371332585980248e+00 -7.860753448005429744e-01 -3.631489764969912493e+00
6.400000000000000000e+01 5.071330915715877907e+00 -2.117062901853721257e-01 -9.545205642906794408e-01 -3.612494687661639503e+00
6.500000000000000000e+01 5.861243828981763215e+00 -1.742935296693023162e+00 -1.022848680419218281e+00 -3.370992697265768001e+00
6.600000000000000000e+01 6.077208835626271011e+00 -3.850351648952516470e+00 -1.177444334120756109e+00 -2.559740559279228833e+00
6.700000000000000000e+01 6.521907194415335063e+00 -6.730100126031714147e+00 -1.468081428312502101e+00 -1.946541325197786332e+00
6.800000000000000000e+01 7.068864527454986835e+00 -1.008519326179931319e+01 -1.929562414481658772e+00 -1.520640887181525791e+00
6.900000000000000000e+01 5.298388385679705159e+00 -1.086939907742005573e+01 -2.026220795609133152e+00 -1.515603782019335100e+00
7.000000000000000000e+01 3.660577971303304867e+00 -9.894106202031778707e+00 -2.014556497736232465e+00 -7.919316405124281477e-01
7.100000000000000000e+01 3.934822064098324912e+00 -9.344755733928604258e+00 -2.089686146679055057e+00 -1.397068588167687420e+00
7.200000000000000000e+01 4.286241603808967682e+00 -9.065471906802017088e+00 -2.153711706577263296e+00 -1.369187022830062439e+00
7.300000000000000000e+01 4.485491732466527992e+00 -8.472815316550059705e+00 -2.156893043315572633e+00 -1.337320270674437594e+00
7.400000000000000000e+01 4.874616797009886149e+00 -8.146236035782575158e+00 -2.174889136797385714e+00 -9.245362019005642917e-01
7.500000000000000000e+01 5.775876020329177685e+00 -7.914187718588051368e+00 -2.148642456274588497e+00 -9.052706306392968028e-01
7.600000000000000000e+01 6.240967200176989138e+00 -7.263171462743548190e+00 -2.077286495979072445e+00 -5.470706179059237062e-01
7.700000000000000000e+01 6.809736022444681680e+00 -6.186783538660335147e+00 -1.935136151640776347e+00 -3.176980234725645391e-01
7.800000000000000000e+01 6.932606757101156703e+00 -4.133783967713076102e+00 -1.667295102460036427e+00 -2.220705317057759809e-02
7.900000000000000000e+01 7.631454874228219332e+00 -1.289415763663884329e+00 -1.447174316239430825e+00 -6.093544470163612115e-01
8.000000000000000000e+01 5.177083394710699338e+00 5.770503751265054770e-01 -1.282113086911261135e+00 9.198513258906347856e-01
8.100000000000000000e+01 3.593952440569401219e+00 2.846176578302671345e+00 -1.162407662762717120e+00 9.209153879364366801e-01
8.200000000000000000e+01 1.810165070115221209e+00 5.613338505430536252e+00 -1.145076589228293695e+00 8.506533404246650054e-01
8.300000000000000000e+01 -3.290503488389321940e-01 5.466791882659039814e+00 -1.143679295240939364e+00 1.907219563730338185e+00
8.400000000000000000e+01 -1.804767814311013963e+00 4.125350037962625116e+00 -1.024026357127578279e+00 2.798856825019975680e+00
8.500000000000000000e+01 -2.250939025326339937e+00 2.594518790583193457e+00 -9.096316093894912802e-01 3.094384291683446087e+00
8.600000000000000000e+01 -1.243357712974598961e+00 9.027535875735623883e-01 -7.150937887339023913e-01 3.550763932713032478e+00
8.700000000000000000e+01 -1.673493689878163826e+00 7.169460229278514785e-01 -7.322106064690671046e-01 3.668380395290370188e+00
8.800000000000000000e+01 -2.813596124450368663e+00 8.287696666923456412e-01 -8.736395743381422108e-01 4.556775021220193622e+00
8.900000000000000000e+01 -3.228595880499294690e+00 6.017223033736439630e-01 -9.225274804074451440e-01 4.620507878058331741e+00
9.000000000000000000e+01 -5.032246536720649921e+00 -1.228805185484486362e+00 -1.122740997305249566e+00 3.937378348862823341e+00
9.100000000000000000e+01 -6.009702594810105936e+00 -2.814001088212088053e+00 -1.301094557898642590e+00 4.019377268053735186e+00
9.200000000000000000e+01 -7.048508232777003890e+00 -6.263944514616348158e+00 -1.714222054849565025e+00 3.007983630389720719e+00
9.300000000000000000e+01 -6.291355887142378478e+00 -7.189078498473240764e+00 -1.851151397156295397e+00 2.914423147976957562e+00
9.400000000000000000e+01 -5.721673306575838502e+00 -8.112042397700172103e+00 -1.995026737247218795e+00 2.609191908304369090e+00
9.500000000000000000e+01 -5.351349676961749680e+00 -7.525632461372034676e+00 -1.963728148558784969e+00 2.949616941823733018e+00
9.600000000000000000e+01 -4.755588691633865217e+00 -7.479902614225935942e+00 -1.972014503585331369e+00 2.810610281794785337e+00
9.700000000000000000e+01 -4.520789246581129461e+00 -7.418843805036060779e+00 -1.975087223133192404e+00 1.979567823534782445e+00
9.800000000000000000e+01 -5.117044942668323770e+00 -7.972120015487317524e+00 -2.148885009280455893e+00 1.817875949608339425e+00
9.900000000000000000e+01 -5.109383106464225222e+00 -7.654073916600681926e+00 -2.151288709944627620e+00 1.112005515440989800e+00
1.000000000000000000e+02 -5.698085492604118230e+00 -7.395959477767545032e+00 -2.115218043090112410e+00 1.007153733231303194e+00
1.010000000000000000e+02 -5.871515123993403584e+00 -6.925887394272784547e+00 -2.042189051462895311e+00 3.260658708760427738e-01
1.020000000000000000e+02 -5.906992113317708792e+00 -5.931390255147173995e+00 -1.907229956222456835e+00 -4.192503254466760088e-01
1.030000000000000000e+02 -5.240657677627051036e+00 -4.600716911798228281e+00 -1.675299764649801348e+00 -1.475063879803439004e+00
1.040000000000000000e+02 -4.849011096846352231e+00 -3.402771822444139449e+00 -1.525307368402837538e+00 -1.870415036663957586e+00
1.050000000000000000e+02 -4.615905604917613481e+00 -1.907563316812172838e+00 -1.294914697470662457e+00 -1.751015719016971284e+00
1.060000000000000000e+02 -3.642093617252308402e+00 6.634576203628349544e-01 -1.099908908077569913e+00 -2.006863157051952840e+00
1.070000000000000000e+02 -2.419953708561544126e+00 2.278254246706560071e+00 -9.493151303139372166e-01 -1.846874473498855140e+00
1.080000000000000000e+02 -7.920942825682563138e-01 4.475083342425624444e+00 -8.754552949220754110e-01 -6.206072140558234196e-01
1.090000000000000000e+02 1.578861859012092195e+00 4.845166529307238790e+00 -9.150701000149232822e-01 -1.258181145340370399e+00
1.100000000000000000e+02 2.779961964588763657e+00 3.386515490496383229e+00 -7.988902309163019577e-01 -2.184398269759337374e+00
1.110000000000000000e+02 2.770851549318724683e+00 1.993964831176598729e+00 -6.371208947865201200e-01 -2.757123839505607243e+00
1.120000000000000000e+02 3.206662269057388492e+00 1.080060814187483897e+00 -5.787967447660921083e-01 -2.278081712204881981e+00
1.130000000000000000e+02 4.120711651184615576e+00 4.182882209841445875e-01 -6.512674059024340378e-01 -2.283650929693974430e+00
1.140000000000000000e+02 4.699940379919178568e+00 -4.333154998968360982e-01 -7.571197981094247575e-01 -3.205691757663515329e+00
1.150000000000000000e+02 6.838460758584209209e+00 -3.676422117297876380e+00 -1.073320207485818134e+00 -2.236197057761676987e+00
1.160000000000000000e+02 8.546213274619661959e+00 -7.937901017606183274e+00 -1.572751458890524923e+00 -1.703605192972990068e+00
1.170000000000000000e+02 7.340954073405359104e+00 -1.099677922437755839e+01 -1.874106390108454923e+00 -1.158930405064279689e+00
1.180000000000000000e+02 5.988583057740467730e+00 -1.329164262098332294e+01 -2.192385763664635778e+00 -7.254637548911109235e-01
1.190000000000000000e+02 3.696357297257200081e+00 -1.193686533416974171e+01 -2.082799112683745957e+00 -6.120423738356153276e-01
1.200000000000000000e+02 2.192817157915058157e+00 -1.201207422760131216e+01 -2.182522559191615308e+00 -2.463737493781241183e-01
1.210000000000000000e+02 1.273830299949808564e+00 -1.054187577473916804e+01 -2.097622106190643265e+00 -3.299954101905922532e-01
1.220000000000000000e+02 9.898383791812112031e-01 -1.027115173262648895e+01 -2.124606781840998604e+00 -4.206291813249061762e-01
1.230000000000000000e+02 6.901836756866625011e-01 -9.859981757725085671e+00 -2.116197951325362148e+00 -5.661170734064390198e-01
1.240000000000000000e+02 5.893767542752225141e-01 -9.872508539110647519e+00 -2.149222358424950130e+00 -4.821056708495560228e-01
1.250000000000000000e+02 2.958757792487408111e-01 -9.490696396086303110e+00 -2.153747419793476059e+00 -3.794400431591043454e-01
1.260000000000000000e+02 3.755054262520259867e-01 -9.694767220085070747e+00 -2.169164590483910970e+00 -3.315604198768596911e-01
1.270000000000000000e+02 3.789288422135929646e-01 -9.509253591824700536e+00 -2.172020538976930037e+00 -4.372760158139645803e-01
1.280000000000000000e+02 2.070945281618265937e-02 -9.475984384106128644e+00 -2.172223193800899121e+00 4.977075125533427478e-03
1.290000000000000000e+02 -6.156417932675068566e-02 -9.386244513111545729e+00 -2.148681571581172900e+00 -2.617041575487211516e-02
1.300000000000000000e+02 -3.655495391837854102e-01 -8.927789770704700700e+00 -2.134316990880037235e+00 3.648567479944473391e-01
1.310000000000000000e+02 -2.655578714043534960e-01 -8.608600993182676575e+00 -2.060468791639108677e+00 2.739765044685099071e-01
1.320000000000000000e+02 -4.134569294239127113e-01 -8.143229154106389700e+00 -2.000503288243794753e+00 5.260284572792799374e-01
1.330000000000000000e+02 -4.393013638286383804e-01 -7.735333853536171311e+00 -1.941124162603773629e+00 5.560467067536093433e-01
1.340000000000000000e+02 -4.926156564046237918e-01 -6.940730634299901780e+00 -1.827778035455425831e+00 6.092370908105412264e-01
1.350000000000000000e+02 -5.539050617806068333e-01 -6.504726361614499019e+00 -1.684900937819865385e+00 6.577998626341564625e-01
1.360000000000000000e+02 -3.189120667573378531e-01 -5.862882830798503697e+00 -1.564344501171868185e+00 3.274603976867454525e-01
1.370000000000000000e+02 -3.322669584468426751e-01 -5.017022153833615938e+00 -1.368052345493447675e+00 4.098304734061062327e-01
1.380000000000000000e+02 -2.035634439165562581e-01 -4.407141751956044295e+00 -1.179064419125383623e+00 2.014741827017956788e-01
1.390000000000000000e+02 -6.897010564117139753e-02 -3.252558049853098154e+00 -1.017211704100704939e+00 5.523401543745937170e-02
1.400000000000000000e+02 -1.357278363816828703e-01 -2.560890386102943950e+00 -8.420057586218911982e-01 1.861970286353824833e-01
1.410000000000000000e+02 -1.221145638769923492e-01 -1.927402983284423277e+00 -6.909677117395925938e-01 1.018698737464540233e-01
1.420000000000000000e+02 8.190337845415018164e-03 -1.636205273450106246e+00 -5.417898796113805870e-01 -4.606700721924602421e-02
1.430000000000000000e+02 -5.031419237237281378e-02 -1.011885878434597652e+00 -4.509552790036877035e-01 5.922061994639903071e-02
1.440000000000000000e+02 4.532730335079427492e-02 -7.030883268123635510e-01 -3.545941629043858900e-01 -9.159790284532651206e-02
1.450000000000000000e+02 -1.381502345068435500e-01 -4.564150543887894318e-01 -2.653440412090236067e-01 1.501744680228001005e-01
1.460000000000000000e+02 -1.335001441618073326e-01 -2.908872789773064849e-01 -2.053788932119057220e-01 1.370246008041928198e-01
1.470000000000000000e+02 -1.096046861901879554e-01 -1.942818358446697924e-01 -1.351760224077286632e-01 1.119348191684328697e-01
1.480000000000000000e+02 -1.521397921470050707e-01 -8.339387512972978866e-02 -8.742019296352249169e-02 1.581810584749396009e-01
1.490000000000000000e+02 -1.480010591633841854e-01 -3.488986123324668009e-02 -4.230835628014316396e-02 1.538766927079016633e-01
1.500000000000000000e+02 -0.000000000000000000e+00 -0.000000000000000000e+00 -0.000000000000000000e+00 -0.000000000000000000e+00
0.000000000000000000e+00 -7.068594977103085597e+00 -3.627946037849459238e+00 -1.822406314417709838e+00 1.836210693056147258e+00
1.000000000000000000e+00 -7.110471449407410383e+00 -2.624532312769813025e+00 -1.659574716311593923e+00 1.325653327940395476e+00
2.000000000000000000e+00 -6.871575586903374777e+00 -1.355657367565763272e+00 -1.456046916567981464e+00 7.063569652506944685e-01
3.000000000000000000e+00 -6.710886198620711340e+00 6.415030971544728455e-01 -1.233836751049997904e+00 1.206759953830863208e-01
4.000000000000000000e+00 -6.038208915797055987e+00 2.833526152129716813e+00 -1.030262836637469537e+00 -3.681036691094519697e-01
5.000000000000000000e+00 -4.074530363619406792e+00 3.745045919843880355e+00 -8.502530661486700225e-01 -9.255598035852233840e-01
6.000000000000000000e+00 -2.036318824937079608e+00 4.748129878546374805e+00 -7.247988648437543313e-01 -1.391961534639887699e+00
7.000000000000000000e+00 -3.011758727801173638e-02 5.044671246498801942e+00 -6.834768343807529067e-01 -1.812971065571568952e+00
8.000000000000000000e+00 1.875873731733153971e+00 4.391154845699352549e+00 -7.350448638924382827e-01 -2.120927868333706279e+00
9.000000000000000000e+00 2.874633029729900535e+00 3.181942721868487478e+00 -7.974887034900549621e-01 -2.318793889928487673e+00
1.000000000000000000e+01 3.683989727102963574e+00 2.191793443401447661e+00 -8.772227957369127527e-01 -2.466825886329053308e+00
1.100000000000000000e+01 5.093329219814163089e+00 1.576004660765965459e+00 -1.064086873268214273e+00 -3.188066351504116103e+00
1.200000000000000000e+01 6.572970913912753232e+00 4.577216732990767589e-01 -1.240964502607976083e+00 -3.331821463444531339e+00
1.300000000000000000e+01 8.525301851001323428e+00 -2.078163988842699261e+00 -1.391082180722589712e+00 -3.188656261748188836e+00
1.400000000000000000e+01 8.528313834295548901e+00 -4.299643843389220343e+00 -1.592562095229871577e+00 -2.962532048713360400e+00
1.500000000000000000e+01 8.538960381907351405e+00 -7.629722127224390249e+00 -1.827977477221962133e+00 -2.569653905500351332e+00
1.600000000000000000e+01 7.458120068202065411e+00 -9.802693066267979205e+00 -2.036962835873998401e+00 -2.248609222063701285e+00
1.700000000000000000e+01 5.588800074484334246e+00 -1.080224259019450095e+01 -2.100258387365378177e+00 -2.029772921990146362e+00
1.800000000000000000e+01 4.098504988746586974e+00 -1.033251505058499120e+01 -2.098184893731379841e+00 -1.948025000421702790e+00
1.900000000000000000e+01 3.337886332641054832e+00 -9.752478609283670608e+00 -2.116867579136210153e+00 -1.997257280608715213e+00
2.000000000000000000e+01 3.713277507883068207e+00 -8.850874650480498929e+00 -2.141860888370342941e+00 -2.126890515931653347e+00
2.100000000000000000e+01 4.189869853743190653e+00 -8.419501030677826847e+00 -2.176452262494967815e+00 -2.206292117600957337e+00
2.200000000000000000e+01 4.540467614668853180e+00 -8.198749592859687851e+00 -2.189200417066329951e+00 -2.189515758954470037e+00
2.300000000000000000e+01 5.066702433066528677e+00 -7.938704772590262415e+00 -2.187801545755211574e+00 -2.159934742310408051e+00
2.400000000000000000e+01 5.690451138425386191e+00 -7.630432841785906639e+00 -2.169827113361247672e+00 -2.089710035360838880e+00
2.500000000000000000e+01 6.419932680674206971e+00 -7.060408059405395953e+00 -2.120277692563114602e+00 -1.989884989346399458e+00
2.600000000000000000e+01 7.138541963794605039e+00 -6.167045591870371268e+00 -2.036228080180817912e+00 -1.796864962036968771e+00
2.700000000000000000e+01 7.432672397754876314e+00 -5.165200076698534204e+00 -1.906389304100704507e+00 -1.452667341462352102e+00
2.800000000000000000e+01 7.547127305696332833e+00 -3.231169544455847031e+00 -1.761239891819304404e+00 -9.113775135551520634e-01
2.900000000000000000e+01 8.560584076648204643e+00 -1.308578059985200381e+00 -1.507862308643805438e+00 -6.649431340432324644e-01
3.000000000000000000e+01 6.851777081715303197e+00 1.296700080972641167e-01 -1.262064795022395547e+00 1.051357195339293338e-01
3.100000000000000000e+01 4.958584734940843397e+00 1.600619401073209991e+00 -1.083070981657557219e+00 1.068943304210568934e+00
3.200000000000000000e+01 3.549515636194921164e+00 3.884943008842186352e+00 -9.246421395135412391e-01 1.349488736184400794e+00
3.300000000000000000e+01 1.413889222413487801e+00 4.745163982237028399e+00 -9.759407118916090251e-01 2.089594015525078952e+00
3.400000000000000000e+01 -4.948505222217656763e-01 4.265430580716286890e+00 -9.215689339883897935e-01 2.701203608792116295e+00
3.500000000000000000e+01 -1.417330666942387074e+00 3.139107458592941047e+00 -9.229265472190024688e-01 2.821698372351025608e+00
3.600000000000000000e+01 -1.683838922226370327e+00 1.379484093171020831e+00 -8.945562322469516880e-01 3.342515279611191659e+00
3.700000000000000000e+01 -1.036778989827044750e+00 4.810783621025556123e-01 -9.286668877501135233e-01 3.739447453486505868e+00
3.800000000000000000e+01 -1.769724796088165020e+00 1.037804568221642354e+00 -1.018648302165784392e+00 4.264917826443303639e+00
3.900000000000000000e+01 -3.071697732371696521e+00 7.362220506282092236e-01 -1.158649098890862206e+00 4.393393362605748642e+00
4.000000000000000000e+01 -4.054935724251204299e+00 2.705318564713251814e-02 -1.150396255259162670e+00 4.405549186378743265e+00
4.100000000000000000e+01 -5.666850767084655516e+00 -1.640101696932509290e+00 -1.358441531021426840e+00 4.278033200296361471e+00
4.200000000000000000e+01 -6.364628552086093016e+00 -3.934927309559416386e+00 -1.618913152158944158e+00 3.789981133497019261e+00
4.300000000000000000e+01 -6.789353354164854082e+00 -5.362709987462978667e+00 -1.782991522797664707e+00 3.793412418559368948e+00
4.400000000000000000e+01 -6.111210927307427099e+00 -5.939715992693050950e+00 -1.870924891123048273e+00 3.664525786255578677e+00
4.500000000000000000e+01 -5.949749959750730177e+00 -6.860579958651990218e+00 -1.997781858440503155e+00 3.367164694414654935e+00
4.600000000000000000e+01 -5.718437449227649516e+00 -6.415309803574501757e+00 -2.047277632203601261e+00 3.280901352279720129e+00
4.700000000000000000e+01 -5.702074832277944871e+00 -6.349032098179949735e+00 -2.077602229020724334e+00 3.047557134815016777e+00
4.800000000000000000e+01 -5.338044277016226857e+00 -6.029151516944537548e+00 -2.035152861959875104e+00 2.768606804911301289e+00
4.900000000000000000e+01 -5.808059329151213923e+00 -6.465324993961224287e+00 -2.058116599211721187e+00 2.239287180799185872e+00
5.000000000000000000e+01 -6.320454712314666601e+00 -5.943775527020499716e+00 -2.023079996038728456e+00 2.150128936830783211e+00
5.100000000000000000e+01 -6.631992760980401691e+00 -5.406175441764481171e+00 -1.937483818301681593e+00 1.721807190723261272e+00
5.200000000000000000e+01 -6.962246788868148961e+00 -4.672956741376602885e+00 -1.789686557476387163e+00 1.248425382295122343e+00
5.300000000000000000e+01 -6.509753171091689161e+00 -3.269976452337453043e+00 -1.623158111071588916e+00 6.146742358961309050e-01
5.400000000000000000e+01 -6.127766337446001188e+00 -2.025814559135715509e+00 -1.409982926924285174e+00 -3.852117024974371223e-02
5.500000000000000000e+01 -5.565935406793588669e+00 1.098524829510229006e-01 -1.187594019566584169e+00 -4.932710435684972139e-01
5.600000000000000000e+01 -4.922850829394368688e+00 2.703360119098328518e+00 -1.003725664057485867e+00 -4.844996664327876901e-01
5.700000000000000000e+01 -2.974838024993289309e+00 3.750452111383448361e+00 -8.656857557845620832e-01 -1.052840372940628821e+00
5.800000000000000000e+01 -9.113670058633053239e-01 4.412608713359429835e+00 -8.094774401225851568e-01 -1.482218256943045986e+00
5.900000000000000000e+01 1.148473259650754308e+00 4.670079034659385897e+00 -8.371549529018956770e-01 -1.985847677849015280e+00
6.000000000000000000e+01 2.296347813071311528e+00 3.624764343134529110e+00 -8.140635549148672601e-01 -2.447618292473204615e+00
6.100000000000000000e+01 2.579663045070074823e+00 2.255010099558606207e+00 -7.448506959429496144e-01 -2.557587130389386232e+00
6.200000000000000000e+01 3.036405305507381414e+00 1.680977954119208473e+00 -7.666314170401534733e-01 -2.963850135662747132e+00
6.300000000000000000e+01 3.424514904433647366e+00 1.042371332585980248e+00 -7.860753448005429744e-01 -3.631489764969912493e+00
6.400000000000000000e+01 5.071330915715877907e+00 -2.117062901853721257e-01 -9.545205642906794408e-01 -3.612494687661639503e+00
6.500000000000000000e+01 5.861243828981763215e+00 -1.742935296693023162e+00 -1.022848680419218281e+00 -3.370992697265768001e+00
6.600000000000000000e+01 6.077208835626271011e+00 -3.850351648952516470e+00 -1.177444334120756109e+00 -2.559740559279228833e+00
6.700000000000000000e+01 6.521907194415335063e+00 -6.730100126031714147e+00 -1.468081428312502101e+00 -1.946541325197786332e+00
6.800000000000000000e+01 7.068864527454986835e+00 -1.008519326179931319e+01 -1.929562414481658772e+00 -1.520640887181525791e+00
6.900000000000000000e+01 5.298388385679705159e+00 -1.086939907742005573e+01 -2.026220795609133152e+00 -1.515603782019335100e+00
7.000000000000000000e+01 3.660577971303304867e+00 -9.894106202031778707e+00 -2.014556497736232465e+00 -7.919316405124281477e-01
7.100000000000000000e+01 3.934822064098324912e+00 -9.344755733928604258e+00 -2.089686146679055057e+00 -1.397068588167687420e+00
7.200000000000000000e+01 4.286241603808967682e+00 -9.065471906802017088e+00 -2.153711706577263296e+00 -1.369187022830062439e+00
7.300000000000000000e+01 4.485491732466527992e+00 -8.472815316550059705e+00 -2.156893043315572633e+00 -1.337320270674437594e+00
7.400000000000000000e+01 4.874616797009886149e+00 -8.146236035782575158e+00 -2.174889136797385714e+00 -9.245362019005642917e-01
7.500000000000000000e+01 5.775876020329177685e+00 -7.914187718588051368e+00 -2.148642456274588497e+00 -9.052706306392968028e-01
7.600000000000000000e+01 6.240967200176989138e+00 -7.263171462743548190e+00 -2.077286495979072445e+00 -5.470706179059237062e-01
7.700000000000000000e+01 6.809736022444681680e+00 -6.186783538660335147e+00 -1.935136151640776347e+00 -3.176980234725645391e-01
7.800000000000000000e+01 6.932606757101156703e+00 -4.133783967713076102e+00 -1.667295102460036427e+00 -2.220705317057759809e-02
7.900000000000000000e+01 7.631454874228219332e+00 -1.289415763663884329e+00 -1.447174316239430825e+00 -6.093544470163612115e-01
8.000000000000000000e+01 5.177083394710699338e+00 5.770503751265054770e-01 -1.282113086911261135e+00 9.198513258906347856e-01
8.100000000000000000e+01 3.593952440569401219e+00 2.846176578302671345e+00 -1.162407662762717120e+00 9.209153879364366801e-01
8.200000000000000000e+01 1.810165070115221209e+00 5.613338505430536252e+00 -1.145076589228293695e+00 8.506533404246650054e-01
8.300000000000000000e+01 -3.290503488389321940e-01 5.466791882659039814e+00 -1.143679295240939364e+00 1.907219563730338185e+00
8.400000000000000000e+01 -1.804767814311013963e+00 4.125350037962625116e+00 -1.024026357127578279e+00 2.798856825019975680e+00
8.500000000000000000e+01 -2.250939025326339937e+00 2.594518790583193457e+00 -9.096316093894912802e-01 3.094384291683446087e+00
8.600000000000000000e+01 -1.243357712974598961e+00 9.027535875735623883e-01 -7.150937887339023913e-01 3.550763932713032478e+00
8.700000000000000000e+01 -1.673493689878163826e+00 7.169460229278514785e-01 -7.322106064690671046e-01 3.668380395290370188e+00
8.800000000000000000e+01 -2.813596124450368663e+00 8.287696666923456412e-01 -8.736395743381422108e-01 4.556775021220193622e+00
8.900000000000000000e+01 -3.228595880499294690e+00 6.017223033736439630e-01 -9.225274804074451440e-01 4.620507878058331741e+00
9.000000000000000000e+01 -5.032246536720649921e+00 -1.228805185484486362e+00 -1.122740997305249566e+00 3.937378348862823341e+00
9.100000000000000000e+01 -6.009702594810105936e+00 -2.814001088212088053e+00 -1.301094557898642590e+00 4.019377268053735186e+00
9.200000000000000000e+01 -7.048508232777003890e+00 -6.263944514616348158e+00 -1.714222054849565025e+00 3.007983630389720719e+00
9.300000000000000000e+01 -6.291355887142378478e+00 -7.189078498473240764e+00 -1.851151397156295397e+00 2.914423147976957562e+00
9.400000000000000000e+01 -5.721673306575838502e+00 -8.112042397700172103e+00 -1.995026737247218795e+00 2.609191908304369090e+00
9.500000000000000000e+01 -5.351349676961749680e+00 -7.525632461372034676e+00 -1.963728148558784969e+00 2.949616941823733018e+00
9.600000000000000000e+01 -4.755588691633865217e+00 -7.479902614225935942e+00 -1.972014503585331369e+00 2.810610281794785337e+00
9.700000000000000000e+01 -4.520789246581129461e+00 -7.418843805036060779e+00 -1.975087223133192404e+00 1.979567823534782445e+00
9.800000000000000000e+01 -5.117044942668323770e+00 -7.972120015487317524e+00 -2.148885009280455893e+00 1.817875949608339425e+00
9.900000000000000000e+01 -5.109383106464225222e+00 -7.654073916600681926e+00 -2.151288709944627620e+00 1.112005515440989800e+00
1.000000000000000000e+02 -5.698085492604118230e+00 -7.395959477767545032e+00 -2.115218043090112410e+00 1.007153733231303194e+00
1.010000000000000000e+02 -5.871515123993403584e+00 -6.925887394272784547e+00 -2.042189051462895311e+00 3.260658708760427738e-01
1.020000000000000000e+02 -5.906992113317708792e+00 -5.931390255147173995e+00 -1.907229956222456835e+00 -4.192503254466760088e-01
1.030000000000000000e+02 -5.240657677627051036e+00 -4.600716911798228281e+00 -1.675299764649801348e+00 -1.475063879803439004e+00
1.040000000000000000e+02 -4.849011096846352231e+00 -3.402771822444139449e+00 -1.525307368402837538e+00 -1.870415036663957586e+00
1.050000000000000000e+02 -4.615905604917613481e+00 -1.907563316812172838e+00 -1.294914697470662457e+00 -1.751015719016971284e+00
1.060000000000000000e+02 -3.642093617252308402e+00 6.634576203628349544e-01 -1.099908908077569913e+00 -2.006863157051952840e+00
1.070000000000000000e+02 -2.419953708561544126e+00 2.278254246706560071e+00 -9.493151303139372166e-01 -1.846874473498855140e+00
1.080000000000000000e+02 -7.920942825682563138e-01 4.475083342425624444e+00 -8.754552949220754110e-01 -6.206072140558234196e-01
1.090000000000000000e+02 1.578861859012092195e+00 4.845166529307238790e+00 -9.150701000149232822e-01 -1.258181145340370399e+00
1.100000000000000000e+02 2.779961964588763657e+00 3.386515490496383229e+00 -7.988902309163019577e-01 -2.184398269759337374e+00
1.110000000000000000e+02 2.770851549318724683e+00 1.993964831176598729e+00 -6.371208947865201200e-01 -2.757123839505607243e+00
1.120000000000000000e+02 3.206662269057388492e+00 1.080060814187483897e+00 -5.787967447660921083e-01 -2.278081712204881981e+00
1.130000000000000000e+02 4.120711651184615576e+00 4.182882209841445875e-01 -6.512674059024340378e-01 -2.283650929693974430e+00
1.140000000000000000e+02 4.699940379919178568e+00 -4.333154998968360982e-01 -7.571197981094247575e-01 -3.205691757663515329e+00
1.150000000000000000e+02 6.838460758584209209e+00 -3.676422117297876380e+00 -1.073320207485818134e+00 -2.236197057761676987e+00
1.160000000000000000e+02 8.546213274619661959e+00 -7.937901017606183274e+00 -1.572751458890524923e+00 -1.703605192972990068e+00
1.170000000000000000e+02 7.340954073405359104e+00 -1.099677922437755839e+01 -1.874106390108454923e+00 -1.158930405064279689e+00
1.180000000000000000e+02 5.988583057740467730e+00 -1.329164262098332294e+01 -2.192385763664635778e+00 -7.254637548911109235e-01
1.190000000000000000e+02 3.696357297257200081e+00 -1.193686533416974171e+01 -2.082799112683745957e+00 -6.120423738356153276e-01
1.200000000000000000e+02 2.192817157915058157e+00 -1.201207422760131216e+01 -2.182522559191615308e+00 -2.463737493781241183e-01
1.210000000000000000e+02 1.273830299949808564e+00 -1.054187577473916804e+01 -2.097622106190643265e+00 -3.299954101905922532e-01
1.220000000000000000e+02 9.898383791812112031e-01 -1.027115173262648895e+01 -2.124606781840998604e+00 -4.206291813249061762e-01
1.230000000000000000e+02 6.901836756866625011e-01 -9.859981757725085671e+00 -2.116197951325362148e+00 -5.661170734064390198e-01
1.240000000000000000e+02 5.893767542752225141e-01 -9.872508539110647519e+00 -2.149222358424950130e+00 -4.821056708495560228e-01
1.250000000000000000e+02 2.958757792487408111e-01 -9.490696396086303110e+00 -2.153747419793476059e+00 -3.794400431591043454e-01
1.260000000000000000e+02 3.755054262520259867e-01 -9.694767220085070747e+00 -2.169164590483910970e+00 -3.315604198768596911e-01
1.270000000000000000e+02 3.789288422135929646e-01 -9.509253591824700536e+00 -2.172020538976930037e+00 -4.372760158139645803e-01
1.280000000000000000e+02 2.070945281618265937e-02 -9.475984384106128644e+00 -2.172223193800899121e+00 4.977075125533427478e-03
1.290000000000000000e+02 -6.156417932675068566e-02 -9.386244513111545729e+00 -2.148681571581172900e+00 -2.617041575487211516e-02
1.300000000000000000e+02 -3.655495391837854102e-01 -8.927789770704700700e+00 -2.134316990880037235e+00 3.648567479944473391e-01
1.310000000000000000e+02 -2.655578714043534960e-01 -8.608600993182676575e+00 -2.060468791639108677e+00 2.739765044685099071e-01
1.320000000000000000e+02 -4.134569294239127113e-01 -8.143229154106389700e+00 -2.000503288243794753e+00 5.260284572792799374e-01
1.330000000000000000e+02 -4.393013638286383804e-01 -7.735333853536171311e+00 -1.941124162603773629e+00 5.560467067536093433e-01
1.340000000000000000e+02 -4.926156564046237918e-01 -6.940730634299901780e+00 -1.827778035455425831e+00 6.092370908105412264e-01
1.350000000000000000e+02 -5.539050617806068333e-01 -6.504726361614499019e+00 -1.684900937819865385e+00 6.577998626341564625e-01
1.360000000000000000e+02 -3.189120667573378531e-01 -5.862882830798503697e+00 -1.564344501171868185e+00 3.274603976867454525e-01
1.370000000000000000e+02 -3.322669584468426751e-01 -5.017022153833615938e+00 -1.368052345493447675e+00 4.098304734061062327e-01
1.380000000000000000e+02 -2.035634439165562581e-01 -4.407141751956044295e+00 -1.179064419125383623e+00 2.014741827017956788e-01
1.390000000000000000e+02 -6.897010564117139753e-02 -3.252558049853098154e+00 -1.017211704100704939e+00 5.523401543745937170e-02
1.400000000000000000e+02 -1.357278363816828703e-01 -2.560890386102943950e+00 -8.420057586218911982e-01 1.861970286353824833e-01
1.410000000000000000e+02 -1.221145638769923492e-01 -1.927402983284423277e+00 -6.909677117395925938e-01 1.018698737464540233e-01
1.420000000000000000e+02 8.190337845415018164e-03 -1.636205273450106246e+00 -5.417898796113805870e-01 -4.606700721924602421e-02
1.430000000000000000e+02 -5.031419237237281378e-02 -1.011885878434597652e+00 -4.509552790036877035e-01 5.922061994639903071e-02
1.440000000000000000e+02 4.532730335079427492e-02 -7.030883268123635510e-01 -3.545941629043858900e-01 -9.159790284532651206e-02
1.450000000000000000e+02 -1.381502345068435500e-01 -4.564150543887894318e-01 -2.653440412090236067e-01 1.501744680228001005e-01
1.460000000000000000e+02 -1.335001441618073326e-01 -2.908872789773064849e-01 -2.053788932119057220e-01 1.370246008041928198e-01
1.470000000000000000e+02 -1.096046861901879554e-01 -1.942818358446697924e-01 -1.351760224077286632e-01 1.119348191684328697e-01
1.480000000000000000e+02 -1.521397921470050707e-01 -8.339387512972978866e-02 -8.742019296352249169e-02 1.581810584749396009e-01
1.490000000000000000e+02 -1.480010591633841854e-01 -3.488986123324668009e-02 -4.230835628014316396e-02 1.538766927079016633e-01
1.500000000000000000e+02 -0.000000000000000000e+00 -0.000000000000000000e+00 -0.000000000000000000e+00 -0.000000000000000000e+00
