0.000000000000000000e+00 -6.012645232562522146e+00 -4.386723674327561717e+00 -1.800431080163640063e+00 1.315781206629405897e+00
1.000000000000000000e+00 -5.923499290857104249e+00 -3.588811827531302789e+00 -1.643598738765220446e+00 7.934952831376709259e-01
2.000000000000000000e+00 -5.596927799380491564e+00 -2.607239138693429492e+00 -1.451010147572909137e+00 1.829753585222407553e-01
3.000000000000000000e+00 -5.232197843546053662e+00 -1.225833805303958357e+00 -1.237251283445123695e+00 -4.124930505636245082e-01
4.000000000000000000e+00 -4.915729177740619349e+00 8.949857721600081861e-01 -1.030817798540099473e+00 -8.887455643188789667e-01
5.000000000000000000e+00 -3.633023826239703880e+00 2.291706653892332746e+00 -8.734739131967438341e-01 -1.419499012350505129e+00
6.000000000000000000e+00 -2.127937015781520724e+00 3.561085466043657721e+00 -7.525612019718670442e-01 -1.756631843237775215e+00
7.000000000000000000e+00 -2.057784512348763972e-01 4.382476749151350326e+00 -7.412352534378631175e-01 -2.062580840970267726e+00
8.000000000000000000e+00 1.574604748049732716e+00 4.178130021282370876e+00 -7.452494983574053933e-01 -2.225194864026878605e+00
9.000000000000000000e+00 3.860990800823735469e+00 3.650148661406996897e+00 -9.446694828319688320e-01 -2.304167475921067521e+00
1.000000000000000000e+01 3.996906538391396424e+00 2.121457315055783166e+00 -9.126142649907915683e-01 -2.468651517354077729e+00
1.100000000000000000e+01 4.803816311871637268e+00 1.130780167446775675e+00 -1.076626514686451319e+00 -2.772936858128828508e+00
1.200000000000000000e+01 6.831433700819972366e+00 -7.496574502007302687e-02 -1.240109532121041136e+00 -2.890388008866185743e+00
1.300000000000000000e+01 8.840559010703403331e+00 -2.527198738735139116e+00 -1.517636295941248159e+00 -2.718448866064036906e+00
1.400000000000000000e+01 8.672143352933755267e+00 -4.889231312474731972e+00 -1.616044989874175553e+00 -2.673953523185833347e+00
1.500000000000000000e+01 8.062479916283864512e+00 -7.362229602519660077e+00 -1.797187839458355363e+00 -2.442862373855800850e+00
1.600000000000000000e+01 6.946190291121132176e+00 -9.835721949831331301e+00 -1.915599439333784515e+00 -2.168415595438281329e+00
1.700000000000000000e+01 5.472611691587451865e+00 -9.468225812579499134e+00 -1.978012927142958954e+00 -2.214244863472614622e+00
1.800000000000000000e+01 4.312930092562376139e+00 -9.475220627061982981e+00 -2.020174279127383343e+00 -2.045231587273802276e+00
1.900000000000000000e+01 4.520956567962097772e+00 -7.577536949849268844e+00 -2.040662962457280294e+00 -2.340448994694270368e+00
2.000000000000000000e+01 5.553894714911972841e+00 -6.081459713964920688e+00 -2.071934972982486300e+00 -2.609187886230146081e+00
2.100000000000000000e+01 6.602943399423394588e+00 -5.100439348880185797e+00 -2.080819517365469995e+00 -2.720832034342659078e+00
2.200000000000000000e+01 7.127208836438949646e+00 -4.700860548972450204e+00 -2.054038142451509064e+00 -2.570323564096572699e+00
2.300000000000000000e+01 7.366108575302913408e+00 -4.317509850371219038e+00 -1.970455164868095910e+00 -2.243415384225153186e+00
2.400000000000000000e+01 7.202678181254208667e+00 -3.885295668131305558e+00 -1.824251832862824996e+00 -1.744304348387236914e+00
2.500000000000000000e+01 6.914642963386469887e+00 -3.042608440350328181e+00 -1.617774389538189528e+00 -1.155896483588591650e+00
2.600000000000000000e+01 7.437025322699780894e+00 -9.557108119288900694e-01 -1.372904700786270249e+00 -7.922761361591652562e-01
2.700000000000000000e+01 5.986128110436004235e+00 6.001319059764557290e-02 -1.118659939329004871e+00 2.303670851102572817e-03
2.800000000000000000e+01 4.206090515716158329e+00 9.838362577619467197e-01 -9.029401090929146667e-01 8.596956829938622313e-01
2.900000000000000000e+01 2.995850437117986598e+00 3.400237494709445141e+00 -7.767308253564466636e-01 1.307050828551909349e+00
3.000000000000000000e+01 1.151318158271430026e+00 3.457427130913161228e+00 -6.901939202811039342e-01 1.691277435156045339e+00
3.100000000000000000e+01 -8.918832901226722010e-01 3.604920837513501564e+00 -7.818000095535273530e-01 2.036654957094927276e+00
3.200000000000000000e+01 -2.857651640130656645e+00 3.879905844017262684e+00 -9.419646901988383281e-01 2.122588321223627172e+00
3.300000000000000000e+01 -3.548345800604120637e+00 3.067619130196332922e+00 -1.049538915856060406e+00 2.651764402349521710e+00
3.400000000000000000e+01 -2.616770690229411667e+00 1.474400103364569947e+00 -9.235285042357713747e-01 3.439601721846527127e+00
3.500000000000000000e+01 -2.488107353748794992e+00 9.456694287934974685e-01 -9.615459966030911465e-01 3.871906642925567521e+00
3.600000000000000000e+01 -3.954842784162641234e+00 5.358124883470785083e-01 -1.068552463558677612e+00 3.957347366114082998e+00
3.700000000000000000e+01 -5.865015469250606905e+00 -9.283746208645193843e-01 -1.234881772670388456e+00 3.677051139787736567e+00
3.800000000000000000e+01 -6.837808955127724353e+00 -2.901447241231589924e+00 -1.388364143841771092e+00 3.405083044191846930e+00
3.900000000000000000e+01 -6.815652599856350413e+00 -1.587883559591132254e+00 -1.718800266186177872e+00 4.085833728206274884e+00
4.000000000000000000e+01 -7.254831628602600446e+00 -6.277137883685038666e+00 -1.894092446656460593e+00 3.030767602132489191e+00
4.100000000000000000e+01 -5.748248187510876406e+00 -5.251883435733089911e+00 -1.809404409301787586e+00 3.261293388173866159e+00
4.200000000000000000e+01 -5.870983581250472483e+00 -6.045522650021355027e+00 -1.946477894348303428e+00 2.734459971921772592e+00
4.300000000000000000e+01 -6.220928388498966122e+00 -5.145252156769578811e+00 -1.962255633821334166e+00 2.834229938264062554e+00
4.400000000000000000e+01 -6.844442269317806193e+00 -4.222220932941502802e+00 -1.943829864504247995e+00 2.736590015354179783e+00
4.500000000000000000e+01 -6.670039705669420727e+00 -3.820634572073320800e+00 -1.867977613332833853e+00 2.080592508067417246e+00
4.600000000000000000e+01 -6.293812515132294116e+00 -2.622314877568266756e+00 -1.700961472966146859e+00 1.472504801011762954e+00
4.700000000000000000e+01 -6.645363607375754711e+00 -1.751334340144616863e+00 -1.519369143417058865e+00 1.008768980733354859e+00
4.800000000000000000e+01 -6.277583814091055814e+00 1.169391943062172284e-01 -1.292618150811725375e+00 4.668881588472024724e-01
4.900000000000000000e+01 -5.796607976058139933e+00 2.060128491577938536e+00 -1.066304222912900945e+00 2.037080192437969728e-01
5.000000000000000000e+01 -4.112767095725947009e+00 3.249276631966948603e+00 -8.901489398068634928e-01 -4.937751911405248162e-01
5.100000000000000000e+01 -1.960061320466240709e+00 4.334369691315124840e+00 -7.792845703629019960e-01 -1.134216505211467441e+00
5.200000000000000000e+01 -7.835823749834298912e-02 4.986549392744687559e+00 -7.470927200278772995e-01 -1.382683245356006729e+00
5.300000000000000000e+01 1.741195568567856400e+00 4.044621931819892602e+00 -7.736341617180528818e-01 -2.041878950798011516e+00
5.400000000000000000e+01 2.670532844967088870e+00 3.172849482967767365e+00 -7.877989731914559757e-01 -2.654580083381719469e+00
5.500000000000000000e+01 3.454392074427560910e+00 2.549296238056420805e+00 -8.971761495984813539e-01 -3.033872180446856692e+00
5.600000000000000000e+01 3.068581252715654184e+00 1.330670240911238533e+00 -8.377527767901411515e-01 -3.427804961622917368e+00
5.700000000000000000e+01 4.703256969912505525e+00 7.678004991951035141e-01 -9.329421706653667767e-01 -3.572517271333736755e+00
5.800000000000000000e+01 5.421765330066894428e+00 -5.156342789134522597e-01 -1.033120229624630682e+00 -3.413381656966661293e+00
5.900000000000000000e+01 6.429744882226662739e+00 -2.297814560327108957e+00 -1.180630832726061064e+00 -3.139323032557705506e+00
6.000000000000000000e+01 6.622415974308691666e+00 -3.943993968971471809e+00 -1.348711139703766770e+00 -2.850296269362817547e+00
6.100000000000000000e+01 6.502582588199144809e+00 -5.930971283887036094e+00 -1.577423796796040056e+00 -2.256443875865928650e+00
6.200000000000000000e+01 6.016328726584776909e+00 -7.008495858801358835e+00 -1.726467032112700029e+00 -2.023060100902987823e+00
6.300000000000000000e+01 5.584468496649836133e+00 -8.102299233529882017e+00 -1.897505366627625145e+00 -1.501445665459991030e+00
6.400000000000000000e+01 5.067543891365135167e+00 -7.796775950305842251e+00 -1.977850745562045987e+00 -1.233180755567887088e+00
6.500000000000000000e+01 5.533657385223208713e+00 -6.918369451299295925e+00 -1.993003498802128570e+00 -1.687312465279075413e+00
6.600000000000000000e+01 5.922530524267431318e+00 -5.858294864830996040e+00 -1.982237739753916150e+00 -1.428932622841008637e+00
6.700000000000000000e+01 6.366555061851241426e+00 -4.922479873929288985e+00 -1.900484006211999866e+00 -1.336004381899273508e+00
6.800000000000000000e+01 6.701949636729000126e+00 -3.841141284238650755e+00 -1.760703720787057280e+00 -8.679114004781826042e-01
6.900000000000000000e+01 7.465036152108933898e+00 -1.800384443143236979e+00 -1.567842670550999351e+00 -1.075787893134314332e+00
7.000000000000000000e+01 6.861724732486057299e+00 -2.091014734584960011e-01 -1.308277443309076915e+00 -5.114695071810371196e-01
7.100000000000000000e+01 5.570545519596607598e+00 7.652102631337311944e-01 -1.040187274391916938e+00 1.828218791631489315e-01
7.200000000000000000e+01 3.615738643546815734e+00 2.672512025573209549e+00 -9.033883842471722714e-01 5.408651665282016019e-01
7.300000000000000000e+01 1.699913160559289649e+00 3.747330555952707254e+00 -7.991279595047915407e-01 1.112444922493240007e+00
7.400000000000000000e+01 -8.206453928998993508e-01 4.779991202301030917e+00 -9.575059072885111489e-01 1.176055558709691695e+00
7.500000000000000000e+01 -2.243688412160564472e+00 3.821230429522036509e+00 -9.403719352958538336e-01 1.821350622245480722e+00
7.600000000000000000e+01 -2.966951072618834839e+00 2.678897394077059069e+00 -8.949708059591663378e-01 3.014183642787770179e+00
7.700000000000000000e+01 -3.332286315910266694e+00 2.009964158362581355e+00 -9.102092395187237894e-01 3.835700709611662873e+00
7.800000000000000000e+01 -2.621246894720753673e+00 5.742403616614480955e-01 -8.679504734296629165e-01 3.163467920182646775e+00
7.900000000000000000e+01 -3.694225371849289452e+00 3.411417232440031033e-01 -9.866852411496640496e-01 3.728018542229447174e+00
8.000000000000000000e+01 -6.392547819297172751e+00 -8.363421042378360593e-01 -1.140767464350192606e+00 3.388259919332905934e+00
8.100000000000000000e+01 -6.846831602691691998e+00 -2.794826886780468644e+00 -1.290511895993500469e+00 2.938259359455938746e+00
8.200000000000000000e+01 -7.221031972272635713e+00 -5.203369952416286637e+00 -1.486896078409993605e+00 2.194036600657520708e+00
8.300000000000000000e+01 -6.950863811167378614e+00 -7.088985963578373628e+00 -1.706737695188537129e+00 1.744168363894504248e+00
8.400000000000000000e+01 -6.343319791722334955e+00 -8.721121426541168731e+00 -1.912546185568449797e+00 1.255402053149643482e+00
8.500000000000000000e+01 -5.426613402813300624e+00 -8.451447329581013079e+00 -1.963508111385783295e+00 1.178209267641598723e+00
8.600000000000000000e+01 -5.138231067111650674e+00 -8.018744891270142006e+00 -2.030344169178669667e+00 1.171231337424890606e+00
8.700000000000000000e+01 -4.832508110118276967e+00 -7.474146901657720221e+00 -2.013655775427387606e+00 9.104108778676804903e-01
8.800000000000000000e+01 -4.863015820988482396e+00 -7.366589568582972092e+00 -2.026163919921637913e+00 1.825221416920683737e-01
8.900000000000000000e+01 -5.086398710256629485e+00 -7.292178491735850976e+00 -2.014514871347981906e+00 -4.137654377463487743e-01
9.000000000000000000e+01 -5.263773530993601568e+00 -7.065082557312024392e+00 -1.943640858623445711e+00 -1.283568506259344932e+00
9.100000000000000000e+01 -4.989869196506187876e+00 -6.175132567043452703e+00 -1.803114710911267959e+00 -2.249186633693672110e+00
9.200000000000000000e+01 -4.765718622664169679e+00 -5.229837375578066272e+00 -1.602169061674380224e+00 -2.948854122983937565e+00
9.300000000000000000e+01 -4.373815284192185793e+00 -3.484989034926387230e+00 -1.382899023653523241e+00 -3.067177185244879478e+00
9.400000000000000000e+01 -3.233858121245603012e+00 -9.978771749169893512e-01 -1.159587273488772441e+00 -2.898922237128015222e+00
9.500000000000000000e+01 -2.422993415989726618e+00 8.125817199492331167e-01 -9.885243452659234764e-01 -2.596582527771535531e+00
9.600000000000000000e+01 3.715427771338377649e-01 4.237435977907835216e+00 -1.151859979197277450e+00 -1.620207623946684050e+00
9.700000000000000000e+01 2.802232474714599242e+00 5.466826293267687653e+00 -1.211530493732703828e+00 -1.717943385803520462e+00
9.800000000000000000e+01 2.971247256348737764e+00 3.645427037173545770e+00 -9.236203444762081105e-01 -2.589324492061494620e+00
9.900000000000000000e+01 3.281331338971798850e+00 2.321028020103539813e+00 -8.272560480059614196e-01 -3.124591677267275713e+00
1.000000000000000000e+02 3.377106012306284377e+00 1.305052799354432524e+00 -6.863047971368926303e-01 -3.076923366585769148e+00
1.010000000000000000e+02 3.388855494505373489e+00 1.750891594340663049e-01 -6.599312196798642338e-01 -2.653199340410314022e+00
1.020000000000000000e+02 4.524341172109447307e+00 -2.811005817771622950e-01 -7.587751304653048701e-01 -3.354738010054578723e+00
1.030000000000000000e+02 6.141357463822950891e+00 -2.346837532655548841e+00 -9.834323988925125493e-01 -2.855236807314302183e+00
1.040000000000000000e+02 7.794022033645109815e+00 -6.536037445348221731e+00 -1.385530475098469161e+00 -1.343275032872645047e+00
1.050000000000000000e+02 7.882173794238756415e+00 -9.706913206097134150e+00 -1.677556456183249889e+00 -7.949542795092716663e-01
1.060000000000000000e+02 6.833852208122319638e+00 -1.241379505696782992e+01 -2.025046490592279813e+00 -4.217090250413607633e-01
1.070000000000000000e+02 4.774637589433321949e+00 -1.208905659761882667e+01 -2.034801130690805593e+00 -6.620680432964877182e-01
1.080000000000000000e+02 3.290376452512715488e+00 -1.176146157123287139e+01 -2.082357834173049760e+00 -6.906629474900384258e-01
1.090000000000000000e+02 2.243679232067779417e+00 -1.116392496463759976e+01 -2.113115997037696037e+00 -8.554268001377587360e-01
1.100000000000000000e+02 1.275375767556056861e+00 -1.096194671844660640e+01 -2.149942644703661809e+00 -5.653105427816194073e-01
1.110000000000000000e+02 8.357386135442287367e-01 -1.037276421755700717e+01 -2.134554499378073178e+00 -6.993550581944775191e-01
1.120000000000000000e+02 1.081057512292272316e+00 -1.032762388666210107e+01 -2.229994325845911174e+00 -1.168498514015493761e+00
1.130000000000000000e+02 1.171256551219663100e+00 -1.023746971792554739e+01 -2.247754593195373296e+00 -1.446229273531584925e+00
1.140000000000000000e+02 1.100898101147082642e+00 -1.017879885943841067e+01 -2.260208673327551487e+00 -1.391660862949053223e+00
1.150000000000000000e+02 6.664652353048605704e-01 -9.904300772630854510e+00 -2.253178344944910538e+00 -9.967163394596690873e-01
1.160000000000000000e+02 5.304197700362758283e-01 -1.024647985418541474e+01 -2.283439770834648996e+00 -9.509510443517960043e-01
1.170000000000000000e+02 7.833801387074390554e-02 -9.815383292564616724e+00 -2.305186135197028197e+00 -4.136717742212312476e-01
1.180000000000000000e+02 -7.771207672120239440e-02 -9.609200324375654745e+00 -2.283523100717094412e+00 -2.832682452314408961e-01
1.190000000000000000e+02 -2.512477382362274941e-02 -9.896115902079543503e+00 -2.279714061891179089e+00 -3.325621229640331467e-01
1.200000000000000000e+02 -8.555308187028433375e-02 -9.854006230513537190e+00 -2.278602987967251803e+00 -1.590555844730656976e-01
1.210000000000000000e+02 -4.590350391481115566e-01 -9.339662280660688154e+00 -2.261566581681692778e+00 3.405297243032322507e-01
1.220000000000000000e+02 -5.783593732252328978e-01 -9.237974572720052180e+00 -2.257556138717173422e+00 5.463905095869966422e-01
1.230000000000000000e+02 -4.207180191199118569e-01 -9.251326203026669859e+00 -2.259638810053677282e+00 4.321753938971988895e-01
1.240000000000000000e+02 -3.404689597780793386e-01 -9.228892707736591206e+00 -2.237302833757605303e+00 2.593099027722231553e-01
1.250000000000000000e+02 -4.948888302222382296e-01 -9.324492906741566500e+00 -2.215634127546280308e+00 4.301767841892321087e-01
1.260000000000000000e+02 -5.535822792642040024e-01 -9.228551462295012442e+00 -2.241767492703885090e+00 5.512248262582981617e-01
1.270000000000000000e+02 -3.292565808354677714e-01 -9.160644728415807236e+00 -2.195039333763170397e+00 4.373353566416525728e-01
1.280000000000000000e+02 -4.071428884346858790e-01 -9.149978624728255738e+00 -2.146383581002832219e+00 4.537485238994913850e-01
1.290000000000000000e+02 -3.730947809315574015e-01 -8.496803796175340651e+00 -2.072977497185225726e+00 6.039403522972578431e-01
1.300000000000000000e+02 -2.618989134110691896e-01 -8.465046428355559982e+00 -2.059267164107341230e+00 4.118383913673215879e-01
1.310000000000000000e+02 -7.619432677611902294e-02 -8.110901754877392733e+00 -1.984717095682182908e+00 2.353311775256285154e-01
1.320000000000000000e+02 -2.710143856088914269e-02 -7.738021645789754821e+00 -1.895451586073430006e+00 1.413535566698210788e-01
1.330000000000000000e+02 -6.072712786627130349e-02 -7.146787220582536015e+00 -1.795736247639035721e+00 1.524904323642690962e-01
1.340000000000000000e+02 -1.340915372567709762e-01 -6.644672742639286867e+00 -1.684735238867061113e+00 1.254685203073543920e-01
1.350000000000000000e+02 -8.145382020765465358e-02 -6.158012753634032777e+00 -1.556162242976716348e+00 -7.221318599754887602e-02
1.360000000000000000e+02 3.360775785697913687e-01 -5.124505361904279965e+00 -1.421000707254501449e+00 -3.558640861603182826e-01
1.370000000000000000e+02 3.733599597690582250e-01 -4.938884393661479244e+00 -1.227892029172631627e+00 -4.038596565043789388e-01
1.380000000000000000e+02 1.629733811041371161e-01 -3.588008919784431150e+00 -1.103229019857287163e+00 -1.734566461551318717e-01
1.390000000000000000e+02 3.102979127936453252e-01 -3.084464178132899637e+00 -9.423575848617669060e-01 -3.240671777304852119e-01
1.400000000000000000e+02 3.723431004293824009e-01 -2.483049246590161019e+00 -7.721322707504196803e-01 -3.716244278961589043e-01
1.410000000000000000e+02 4.491393446643122678e-01 -2.003126414378728626e+00 -6.221732282489222943e-01 -4.677215020986264515e-01
1.420000000000000000e+02 5.050277141133552306e-01 -1.314875823939892552e+00 -5.048661273449274178e-01 -5.566563368509644949e-01
1.430000000000000000e+02 1.542771307926758817e-01 -9.624605051027764757e-01 -4.153197705643990600e-01 -1.355799412836367901e-01
1.440000000000000000e+02 2.492170145086161082e-01 -5.814911689942094952e-01 -3.180154766525396526e-01 -2.832412035628992797e-01
1.450000000000000000e+02 2.320874506211908217e-01 -3.808676103418390801e-01 -2.360209167352876336e-01 -2.671884191173979906e-01
1.460000000000000000e+02 -2.880442356047411764e-02 -2.345916350115466453e-01 -1.781489042262272560e-01 3.505660428862087535e-02
1.470000000000000000e+02 9.505037390419424082e-02 -1.359374626183870727e-01 -1.244234648049472175e-01 -9.887680841271226373e-02
1.480000000000000000e+02 5.800008460601996374e-02 -8.057991008064942229e-02 -7.954990247876513043e-02 -6.373124264939629413e-02
1.490000000000000000e+02 3.789606171579178867e-02 -2.882577644650797383e-02 -3.911232180835789302e-02 -3.389637613320876930e-02
1.500000000000000000e+02 -0.000000000000000000e+00 -0.000000000000000000e+00 -0.000000000000000000e+00 -0.000000000000000000e+00
0.000000000000000000e+00 -6.012645232562522146e+00 -4.386723674327561717e+00 -1.800431080163640063e+00 1.315781206629405897e+00
1.000000000000000000e+00 -5.923499290857104249e+00 -3.588811827531302789e+00 -1.643598738765220446e+00 7.934952831376709259e-01
2.000000000000000000e+00 -5.596927799380491564e+00 -2.607239138693429492e+00 -1.451010147572909137e+00 1.829753585222407553e-01
3.000000000000000000e+00 -5.232197843546053662e+00 -1.225833805303958357e+00 -1.237251283445123695e+00 -4.124930505636245082e-01
4.000000000000000000e+00 -4.915729177740619349e+00 8.949857721600081861e-01 -1.030817798540099473e+00 -8.887455643188789667e-01
5.000000000000000000e+00 -3.633023826239703880e+00 2.291706653892332746e+00 -8.734739131967438341e-01 -1.419499012350505129e+00
6.000000000000000000e+00 -2.127937015781520724e+00 3.561085466043657721e+00 -7.525612019718670442e-01 -1.756631843237775215e+00
7.000000000000000000e+00 -2.057784512348763972e-01 4.382476749151350326e+00 -7.412352534378631175e-01 -2.062580840970267726e+00
8.000000000000000000e+00 1.574604748049732716e+00 4.178130021282370876e+00 -7.452494983574053933e-01 -2.225194864026878605e+00
9.000000000000000000e+00 3.860990800823735469e+00 3.650148661406996897e+00 -9.446694828319688320e-01 -2.304167475921067521e+00
1.000000000000000000e+01 3.996906538391396424e+00 2.121457315055783166e+00 -9.126142649907915683e-01 -2.468651517354077729e+00
1.100000000000000000e+01 4.803816311871637268e+00 1.130780167446775675e+00 -1.076626514686451319e+00 -2.772936858128828508e+00
1.200000000000000000e+01 6.831433700819972366e+00 -7.496574502007302687e-02 -1.240109532121041136e+00 -2.890388008866185743e+00
1.300000000000000000e+01 8.840559010703403331e+00 -2.527198738735139116e+00 -1.517636295941248159e+00 -2.718448866064036906e+00
1.400000000000000000e+01 8.672143352933755267e+00 -4.889231312474731972e+00 -1.616044989874175553e+00 -2.673953523185833347e+00
1.500000000000000000e+01 8.062479916283864512e+00 -7.362229602519660077e+00 -1.797187839458355363e+00 -2.442862373855800850e+00
1.600000000000000000e+01 6.946190291121132176e+00 -9.835721949831331301e+00 -1.915599439333784515e+00 -2.168415595438281329e+00
1.700000000000000000e+01 5.472611691587451865e+00 -9.468225812579499134e+00 -1.978012927142958954e+00 -2.214244863472614622e+00
1.800000000000000000e+01 4.312930092562376139e+00 -9.475220627061982981e+00 -2.020174279127383343e+00 -2.045231587273802276e+00
1.900000000000000000e+01 4.520956567962097772e+00 -7.577536949849268844e+00 -2.040662962457280294e+00 -2.340448994694270368e+00
2.000000000000000000e+01 5.553894714911972841e+00 -6.081459713964920688e+00 -2.071934972982486300e+00 -2.609187886230146081e+00
2.100000000000000000e+01 6.602943399423394588e+00 -5.100439348880185797e+00 -2.080819517365469995e+00 -2.720832034342659078e+00
2.200000000000000000e+01 7.127208836438949646e+00 -4.700860548972450204e+00 -2.054038142451509064e+00 -2.570323564096572699e+00
2.300000000000000000e+01 7.366108575302913408e+00 -4.317509850371219038e+00 -1.970455164868095910e+00 -2.243415384225153186e+00
2.400000000000000000e+01 7.202678181254208667e+00 -3.885295668131305558e+00 -1.824251832862824996e+00 -1.744304348387236914e+00
2.500000000000000000e+01 6.914642963386469887e+00 -3.042608440350328181e+00 -1.617774389538189528e+00 -1.155896483588591650e+00
2.600000000000000000e+01 7.437025322699780894e+00 -9.557108119288900694e-01 -1.372904700786270249e+00 -7.922761361591652562e-01
2.700000000000000000e+01 5.986128110436004235e+00 6.001319059764557290e-02 -1.118659939329004871e+00 2.303670851102572817e-03
2.800000000000000000e+01 4.206090515716158329e+00 9.838362577619467197e-01 -9.029401090929146667e-01 8.596956829938622313e-01
2.900000000000000000e+01 2.995850437117986598e+00 3.400237494709445141e+00 -7.767308253564466636e-01 1.307050828551909349e+00
3.000000000000000000e+01 1.151318158271430026e+00 3.457427130913161228e+00 -6.901939202811039342e-01 1.691277435156045339e+00
3.100000000000000000e+01 -8.918832901226722010e-01 3.604920837513501564e+00 -7.818000095535273530e-01 2.036654957094927276e+00
3.200000000000000000e+01 -2.857651640130656645e+00 3.879905844017262684e+00 -9.419646901988383281e-01 2.122588321223627172e+00
3.300000000000000000e+01 -3.548345800604120637e+00 3.067619130196332922e+00 -1.049538915856060406e+00 2.651764402349521710e+00
3.400000000000000000e+01 -2.616770690229411667e+00 1.474400103364569947e+00 -9.235285042357713747e-01 3.439601721846527127e+00
3.500000000000000000e+01 -2.488107353748794992e+00 9.456694287934974685e-01 -9.615459966030911465e-01 3.871906642925567521e+00
3.600000000000000000e+01 -3.954842784162641234e+00 5.358124883470785083e-01 -1.068552463558677612e+00 3.957347366114082998e+00
3.700000000000000000e+01 -5.865015469250606905e+00 -9.283746208645193843e-01 -1.234881772670388456e+00 3.677051139787736567e+00
3.800000000000000000e+01 -6.837808955127724353e+00 -2.901447241231589924e+00 -1.388364143841771092e+00 3.405083044191846930e+00
3.900000000000000000e+01 -6.815652599856350413e+00 -1.587883559591132254e+00 -1.718800266186177872e+00 4.085833728206274884e+00
4.000000000000000000e+01 -7.254831628602600446e+00 -6.277137883685038666e+00 -1.894092446656460593e+00 3.030767602132489191e+00
4.100000000000000000e+01 -5.748248187510876406e+00 -5.251883435733089911e+00 -1.809404409301787586e+00 3.261293388173866159e+00
4.200000000000000000e+01 -5.870983581250472483e+00 -6.045522650021355027e+00 -1.946477894348303428e+00 2.734459971921772592e+00
4.300000000000000000e+01 -6.220928388498966122e+00 -5.145252156769578811e+00 -1.962255633821334166e+00 2.834229938264062554e+00
4.400000000000000000e+01 -6.844442269317806193e+00 -4.222220932941502802e+00 -1.943829864504247995e+00 2.736590015354179783e+00
4.500000000000000000e+01 -6.670039705669420727e+00 -3.820634572073320800e+00 -1.867977613332833853e+00 2.080592508067417246e+00
4.600000000000000000e+01 -6.293812515132294116e+00 -2.622314877568266756e+00 -1.700961472966146859e+00 1.472504801011762954e+00
4.700000000000000000e+01 -6.645363607375754711e+00 -1.751334340144616863e+00 -1.519369143417058865e+00 1.008768980733354859e+00
4.800000000000000000e+01 -6.277583814091055814e+00 1.169391943062172284e-01 -1.292618150811725375e+00 4.668881588472024724e-01
4.900000000000000000e+01 -5.796607976058139933e+00 2.060128491577938536e+00 -1.066304222912900945e+00 2.037080192437969728e-01
5.000000000000000000e+01 -4.112767095725947009e+00 3.249276631966948603e+00 -8.901489398068634928e-01 -4.937751911405248162e-01
5.100000000000000000e+01 -1.960061320466240709e+00 4.334369691315124840e+00 -7.792845703629019960e-01 -1.134216505211467441e+00
5.200000000000000000e+01 -7.835823749834298912e-02 4.986549392744687559e+00 -7.470927200278772995e-01 -1.382683245356006729e+00
5.300000000000000000e+01 1.741195568567856400e+00 4.044621931819892602e+00 -7.736341617180528818e-01 -2.041878950798011516e+00
5.400000000000000000e+01 2.670532844967088870e+00 3.172849482967767365e+00 -7.877989731914559757e-01 -2.654580083381719469e+00
5.500000000000000000e+01 3.454392074427560910e+00 2.549296238056420805e+00 -8.971761495984813539e-01 -3.033872180446856692e+00
5.600000000000000000e+01 3.068581252715654184e+00 1.330670240911238533e+00 -8.377527767901411515e-01 -3.427804961622917368e+00
5.700000000000000000e+01 4.703256969912505525e+00 7.678004991951035141e-01 -9.329421706653667767e-01 -3.572517271333736755e+00
5.800000000000000000e+01 5.421765330066894428e+00 -5.156342789134522597e-01 -1.033120229624630682e+00 -3.413381656966661293e+00
5.900000000000000000e+01 6.429744882226662739e+00 -2.297814560327108957e+00 -1.180630832726061064e+00 -3.139323032557705506e+00
6.000000000000000000e+01 6.622415974308691666e+00 -3.943993968971471809e+00 -1.348711139703766770e+00 -2.850296269362817547e+00
6.100000000000000000e+01 6.502582588199144809e+00 -5.930971283887036094e+00 -1.577423796796040056e+00 -2.256443875865928650e+00
6.200000000000000000e+01 6.016328726584776909e+00 -7.008495858801358835e+00 -1.726467032112700029e+00 -2.023060100902987823e+00
6.300000000000000000e+01 5.584468496649836133e+00 -8.102299233529882017e+00 -1.897505366627625145e+00 -1.501445665459991030e+00
6.400000000000000000e+01 5.067543891365135167e+00 -7.796775950305842251e+00 -1.977850745562045987e+00 -1.233180755567887088e+00
6.500000000000000000e+01 5.533657385223208713e+00 -6.918369451299295925e+00 -1.993003498802128570e+00 -1.687312465279075413e+00
6.600000000000000000e+01 5.922530524267431318e+00 -5.858294864830996040e+00 -1.982237739753916150e+00 -1.428932622841008637e+00
6.700000000000000000e+01 6.366555061851241426e+00 -4.922479873929288985e+00 -1.900484006211999866e+00 -1.336004381899273508e+00
6.800000000000000000e+01 6.701949636729000126e+00 -3.841141284238650755e+00 -1.760703720787057280e+00 -8.679114004781826042e-01
6.900000000000000000e+01 7.465036152108933898e+00 -1.800384443143236979e+00 -1.567842670550999351e+00 -1.075787893134314332e+00
7.000000000000000000e+01 6.861724732486057299e+00 -2.091014734584960011e-01 -1.308277443309076915e+00 -5.114695071810371196e-01
7.100000000000000000e+01 5.570545519596607598e+00 7.652102631337311944e-01 -1.040187274391916938e+00 1.828218791631489315e-01
7.200000000000000000e+01 3.615738643546815734e+00 2.672512025573209549e+00 -9.033883842471722714e-01 5.408651665282016019e-01
7.300000000000000000e+01 1.699913160559289649e+00 3.747330555952707254e+00 -7.991279595047915407e-01 1.112444922493240007e+00
7.400000000000000000e+01 -8.206453928998993508e-01 4.779991202301030917e+00 -9.575059072885111489e-01 1.176055558709691695e+00
7.500000000000000000e+01 -2.243688412160564472e+00 3.821230429522036509e+00 -9.403719352958538336e-01 1.821350622245480722e+00
7.600000000000000000e+01 -2.966951072618834839e+00 2.678897394077059069e+00 -8.949708059591663378e-01 3.014183642787770179e+00
7.700000000000000000e+01 -3.332286315910266694e+00 2.009964158362581355e+00 -9.102092395187237894e-01 3.835700709611662873e+00
7.800000000000000000e+01 -2.621246894720753673e+00 5.742403616614480955e-01 -8.679504734296629165e-01 3.163467920182646775e+00
7.900000000000000000e+01 -3.694225371849289452e+00 3.411417232440031033e-01 -9.866852411496640496e-01 3.728018542229447174e+00
8.000000000000000000e+01 -6.392547819297172751e+00 -8.363421042378360593e-01 -1.140767464350192606e+00 3.388259919332905934e+00
8.100000000000000000e+01 -6.846831602691691998e+00 -2.794826886780468644e+00 -1.290511895993500469e+00 2.938259359455938746e+00
8.200000000000000000e+01 -7.221031972272635713e+00 -5.203369952416286637e+00 -1.486896078409993605e+00 2.194036600657520708e+00
8.300000000000000000e+01 -6.950863811167378614e+00 -7.088985963578373628e+00 -1.706737695188537129e+00 1.744168363894504248e+00
8.400000000000000000e+01 -6.343319791722334955e+00 -8.721121426541168731e+00 -1.912546185568449797e+00 1.255402053149643482e+00
8.500000000000000000e+01 -5.426613402813300624e+00 -8.451447329581013079e+00 -1.963508111385783295e+00 1.178209267641598723e+00
8.600000000000000000e+01 -5.138231067111650674e+00 -8.018744891270142006e+00 -2.030344169178669667e+00 1.171231337424890606e+00
8.700000000000000000e+01 -4.832508110118276967e+00 -7.474146901657720221e+00 -2.013655775427387606e+00 9.104108778676804903e-01
8.800000000000000000e+01 -4.863015820988482396e+00 -7.366589568582972092e+00 -2.026163919921637913e+00 1.825221416920683737e-01
8.900000000000000000e+01 -5.086398710256629485e+00 -7.292178491735850976e+00 -2.014514871347981906e+00 -4.137654377463487743e-01
9.000000000000000000e+01 -5.263773530993601568e+00 -7.065082557312024392e+00 -1.943640858623445711e+00 -1.283568506259344932e+00
9.100000000000000000e+01 -4.989869196506187876e+00 -6.175132567043452703e+00 -1.803114710911267959e+00 -2.249186633693672110e+00
9.200000000000000000e+01 -4.765718622664169679e+00 -5.229837375578066272e+00 -1.602169061674380224e+00 -2.948854122983937565e+00
9.300000000000000000e+01 -4.373815284192185793e+00 -3.484989034926387230e+00 -1.382899023653523241e+00 -3.067177185244879478e+00
9.400000000000000000e+01 -3.233858121245603012e+00 -9.978771749169893512e-01 -1.159587273488772441e+00 -2.898922237128015222e+00
9.500000000000000000e+01 -2.422993415989726618e+00 8.125817199492331167e-01 -9.885243452659234764e-01 -2.596582527771535531e+00
9.600000000000000000e+01 3.715427771338377649e-01 4.237435977907835216e+00 -1.151859979197277450e+00 -1.620207623946684050e+00
9.700000000000000000e+01 2.802232474714599242e+00 5.466826293267687653e+00 -1.211530493732703828e+00 -1.717943385803520462e+00
9.800000000000000000e+01 2.971247256348737764e+00 3.645427037173545770e+00 -9.236203444762081105e-01 -2.589324492061494620e+00
9.900000000000000000e+01 3.281331338971798850e+00 2.321028020103539813e+00 -8.272560480059614196e-01 -3.124591677267275713e+00
1.000000000000000000e+02 3.377106012306284377e+00 1.305052799354432524e+00 -6.863047971368926303e-01 -3.076923366585769148e+00
1.010000000000000000e+02 3.388855494505373489e+00 1.750891594340663049e-01 -6.599312196798642338e-01 -2.653199340410314022e+00
1.020000000000000000e+02 4.524341172109447307e+00 -2.811005817771622950e-01 -7.587751304653048701e-01 -3.354738010054578723e+00
1.030000000000000000e+02 6.141357463822950891e+00 -2.346837532655548841e+00 -9.834323988925125493e-01 -2.855236807314302183e+00
1.040000000000000000e+02 7.794022033645109815e+00 -6.536037445348221731e+00 -1.385530475098469161e+00 -1.343275032872645047e+00
1.050000000000000000e+02 7.882173794238756415e+00 -9.706913206097134150e+00 -1.677556456183249889e+00 -7.949542795092716663e-01
1.060000000000000000e+02 6.833852208122319638e+00 -1.241379505696782992e+01 -2.025046490592279813e+00 -4.217090250413607633e-01
1.070000000000000000e+02 4.774637589433321949e+00 -1.208905659761882667e+01 -2.034801130690805593e+00 -6.620680432964877182e-01
1.080000000000000000e+02 3.290376452512715488e+00 -1.176146157123287139e+01 -2.082357834173049760e+00 -6.906629474900384258e-01
1.090000000000000000e+02 2.243679232067779417e+00 -1.116392496463759976e+01 -2.113115997037696037e+00 -8.554268001377587360e-01
1.100000000000000000e+02 1.275375767556056861e+00 -1.096194671844660640e+01 -2.149942644703661809e+00 -5.653105427816194073e-01
1.110000000000000000e+02 8.357386135442287367e-01 -1.037276421755700717e+01 -2.134554499378073178e+00 -6.993550581944775191e-01
1.120000000000000000e+02 1.081057512292272316e+00 -1.032762388666210107e+01 -2.229994325845911174e+00 -1.168498514015493761e+00
1.130000000000000000e+02 1.171256551219663100e+00 -1.023746971792554739e+01 -2.247754593195373296e+00 -1.446229273531584925e+00
1.140000000000000000e+02 1.100898101147082642e+00 -1.017879885943841067e+01 -2.260208673327551487e+00 -1.391660862949053223e+00
1.150000000000000000e+02 6.664652353048605704e-01 -9.904300772630854510e+00 -2.253178344944910538e+00 -9.967163394596690873e-01
1.160000000000000000e+02 5.304197700362758283e-01 -1.024647985418541474e+01 -2.283439770834648996e+00 -9.509510443517960043e-01
1.170000000000000000e+02 7.833801387074390554e-02 -9.815383292564616724e+00 -2.305186135197028197e+00 -4.136717742212312476e-01
1.180000000000000000e+02 -7.771207672120239440e-02 -9.609200324375654745e+00 -2.283523100717094412e+00 -2.832682452314408961e-01
1.190000000000000000e+02 -2.512477382362274941e-02 -9.896115902079543503e+00 -2.279714061891179089e+00 -3.325621229640331467e-01
1.200000000000000000e+02 -8.555308187028433375e-02 -9.854006230513537190e+00 -2.278602987967251803e+00 -1.590555844730656976e-01
1.210000000000000000e+02 -4.590350391481115566e-01 -9.339662280660688154e+00 -2.261566581681692778e+00 3.405297243032322507e-01
1.220000000000000000e+02 -5.783593732252328978e-01 -9.237974572720052180e+00 -2.257556138717173422e+00 5.463905095869966422e-01
1.230000000000000000e+02 -4.207180191199118569e-01 -9.251326203026669859e+00 -2.259638810053677282e+00 4.321753938971988895e-01
1.240000000000000000e+02 -3.404689597780793386e-01 -9.228892707736591206e+00 -2.237302833757605303e+00 2.593099027722231553e-01
1.250000000000000000e+02 -4.948888302222382296e-01 -9.324492906741566500e+00 -2.215634127546280308e+00 4.301767841892321087e-01
1.260000000000000000e+02 -5.535822792642040024e-01 -9.228551462295012442e+00 -2.241767492703885090e+00 5.512248262582981617e-01
1.270000000000000000e+02 -3.292565808354677714e-01 -9.160644728415807236e+00 -2.195039333763170397e+00 4.373353566416525728e-01
1.280000000000000000e+02 -4.071428884346858790e-01 -9.149978624728255738e+00 -2.146383581002832219e+00 4.537485238994913850e-01
1.290000000000000000e+02 -3.730947809315574015e-01 -8.496803796175340651e+00 -2.072977497185225726e+00 6.039403522972578431e-01
1.300000000000000000e+02 -2.618989134110691896e-01 -8.465046428355559982e+00 -2.059267164107341230e+00 4.118383913673215879e-01
1.310000000000000000e+02 -7.619432677611902294e-02 -8.110901754877392733e+00 -1.984717095682182908e+00 2.353311775256285154e-01
1.320000000000000000e+02 -2.710143856088914269e-02 -7.738021645789754821e+00 -1.895451586073430006e+00 1.413535566698210788e-01
1.330000000000000000e+02 -6.072712786627130349e-02 -7.146787220582536015e+00 -1.795736247639035721e+00 1.524904323642690962e-01
1.340000000000000000e+02 -1.340915372567709762e-01 -6.644672742639286867e+00 -1.684735238867061113e+00 1.254685203073543920e-01
1.350000000000000000e+02 -8.145382020765465358e-02 -6.158012753634032777e+00 -1.556162242976716348e+00 -7.221318599754887602e-02
1.360000000000000000e+02 3.360775785697913687e-01 -5.124505361904279965e+00 -1.421000707254501449e+00 -3.558640861603182826e-01
1.370000000000000000e+02 3.733599597690582250e-01 -4.938884393661479244e+00 -1.227892029172631627e+00 -4.038596565043789388e-01
1.380000000000000000e+02 1.629733811041371161e-01 -3.588008919784431150e+00 -1.103229019857287163e+00 -1.734566461551318717e-01
1.390000000000000000e+02 3.102979127936453252e-01 -3.084464178132899637e+00 -9.423575848617669060e-01 -3.240671777304852119e-01
1.400000000000000000e+02 3.723431004293824009e-01 -2.483049246590161019e+00 -7.721322707504196803e-01 -3.716244278961589043e-01
1.410000000000000000e+02 4.491393446643122678e-01 -2.003126414378728626e+00 -6.221732282489222943e-01 -4.677215020986264515e-01
1.420000000000000000e+02 5.050277141133552306e-01 -1.314875823939892552e+00 -5.048661273449274178e-01 -5.566563368509644949e-01
1.430000000000000000e+02 1.542771307926758817e-01 -9.624605051027764757e-01 -4.153197705643990600e-01 -1.355799412836367901e-01
1.440000000000000000e+02 2.492170145086161082e-01 -5.814911689942094952e-01 -3.180154766525396526e-01 -2.832412035628992797e-01
1.450000000000000000e+02 2.320874506211908217e-01 -3.808676103418390801e-01 -2.360209167352876336e-01 -2.671884191173979906e-01
1.460000000000000000e+02 -2.880442356047411764e-02 -2.345916350115466453e-01 -1.781489042262272560e-01 3.505660428862087535e-02
1.470000000000000000e+02 9.505037390419424082e-02 -1.359374626183870727e-01 -1.244234648049472175e-01 -9.887680841271226373e-02
1.480000000000000000e+02 5.800008460601996374e-02 -8.057991008064942229e-02 -7.954990247876513043e-02 -6.373124264939629413e-02
1.490000000000000000e+02 3.789606171579178867e-02 -2.882577644650797383e-02 -3.911232180835789302e-02 -3.389637613320876930e-02
1.500000000000000000e+02 -0.000000000000000000e+00 -0.000000000000000000e+00 -0.000000000000000000e+00 -0.000000000000000000e+00
0.000000000000000000e+00 -6.012645232562522146e+00 -4.386723674327561717e+00 -1.800431080163640063e+00 1.315781206629405897e+00
1.000000000000000000e+00 -5.923499290857104249e+00 -3.588811827531302789e+00 -1.643598738765220446e+00 7.934952831376709259e-01
2.000000000000000000e+00 -5.596927799380491564e+00 -2.607239138693429492e+00 -1.451010147572909137e+00 1.829753585222407553e-01
3.000000000000000000e+00 -5.232197843546053662e+00 -1.225833805303958357e+00 -1.237251283445123695e+00 -4.124930505636245082e-01
4.000000000000000000e+00 -4.915729177740619349e+00 8.949857721600081861e-01 -1.030817798540099473e+00 -8.887455643188789667e-01
5.000000000000000000e+00 -3.633023826239703880e+00 2.291706653892332746e+00 -8.734739131967438341e-01 -1.419499012350505129e+00
6.000000000000000000e+00 -2.127937015781520724e+00 3.561085466043657721e+00 -7.525612019718670442e-01 -1.756631843237775215e+00
7.000000000000000000e+00 -2.057784512348763972e-01 4.382476749151350326e+00 -7.412352534378631175e-01 -2.062580840970267726e+00
8.000000000000000000e+00 1.574604748049732716e+00 4.178130021282370876e+00 -7.452494983574053933e-01 -2.225194864026878605e+00
9.000000000000000000e+00 3.860990800823735469e+00 3.650148661406996897e+00 -9.446694828319688320e-01 -2.304167475921067521e+00
1.000000000000000000e+01 3.996906538391396424e+00 2.121457315055783166e+00 -9.126142649907915683e-01 -2.468651517354077729e+00
1.100000000000000000e+01 4.803816311871637268e+00 1.130780167446775675e+00 -1.076626514686451319e+00 -2.772936858128828508e+00
1.200000000000000000e+01 6.831433700819972366e+00 -7.496574502007302687e-02 -1.240109532121041136e+00 -2.890388008866185743e+00
1.300000000000000000e+01 8.840559010703403331e+00 -2.527198738735139116e+00 -1.517636295941248159e+00 -2.718448866064036906e+00
1.400000000000000000e+01 8.672143352933755267e+00 -4.889231312474731972e+00 -1.616044989874175553e+00 -2.673953523185833347e+00
1.500000000000000000e+01 8.062479916283864512e+00 -7.362229602519660077e+00 -1.797187839458355363e+00 -2.442862373855800850e+00
1.600000000000000000e+01 6.946190291121132176e+00 -9.835721949831331301e+00 -1.915599439333784515e+00 -2.168415595438281329e+00
1.700000000000000000e+01 5.472611691587451865e+00 -9.468225812579499134e+00 -1.978012927142958954e+00 -2.214244863472614622e+00
1.800000000000000000e+01 4.312930092562376139e+00 -9.475220627061982981e+00 -2.020174279127383343e+00 -2.045231587273802276e+00
1.900000000000000000e+01 4.520956567962097772e+00 -7.577536949849268844e+00 -2.040662962457280294e+00 -2.340448994694270368e+00
2.000000000000000000e+01 5.553894714911972841e+00 -6.081459713964920688e+00 -2.071934972982486300e+00 -2.609187886230146081e+00
2.100000000000000000e+01 6.602943399423394588e+00 -5.100439348880185797e+00 -2.080819517365469995e+00 -2.720832034342659078e+00
2.200000000000000000e+01 7.127208836438949646e+00 -4.700860548972450204e+00 -2.054038142451509064e+00 -2.570323564096572699e+00
2.300000000000000000e+01 7.366108575302913408e+00 -4.317509850371219038e+00 -1.970455164868095910e+00 -2.243415384225153186e+00
2.400000000000000000e+01 7.202678181254208667e+00 -3.885295668131305558e+00 -1.824251832862824996e+00 -1.744304348387236914e+00
2.500000000000000000e+01 6.914642963386469887e+00 -3.042608440350328181e+00 -1.617774389538189528e+00 -1.155896483588591650e+00
2.600000000000000000e+01 7.437025322699780894e+00 -9.557108119288900694e-01 -1.372904700786270249e+00 -7.922761361591652562e-01
2.700000000000000000e+01 5.986128110436004235e+00 6.001319059764557290e-02 -1.118659939329004871e+00 2.303670851102572817e-03
2.800000000000000000e+01 4.206090515716158329e+00 9.838362577619467197e-01 -9.029401090929146667e-01 8.596956829938622313e-01
2.900000000000000000e+01 2.995850437117986598e+00 3.400237494709445141e+00 -7.767308253564466636e-01 1.307050828551909349e+00
3.000000000000000000e+01 1.151318158271430026e+00 3.457427130913161228e+00 -6.901939202811039342e-01 1.691277435156045339e+00
3.100000000000000000e+01 -8.918832901226722010e-01 3.604920837513501564e+00 -7.818000095535273530e-01 2.036654957094927276e+00
3.200000000000000000e+01 -2.857651640130656645e+00 3.879905844017262684e+00 -9.419646901988383281e-01 2.122588321223627172e+00
3.300000000000000000e+01 -3.548345800604120637e+00 3.067619130196332922e+00 -1.049538915856060406e+00 2.651764402349521710e+00
3.400000000000000000e+01 -2.616770690229411667e+00 1.474400103364569947e+00 -9.235285042357713747e-01 3.439601721846527127e+00
3.500000000000000000e+01 -2.488107353748794992e+00 9.456694287934974685e-01 -9.615459966030911465e-01 3.871906642925567521e+00
3.600000000000000000e+01 -3.954842784162641234e+00 5.358124883470785083e-01 -1.068552463558677612e+00 3.957347366114082998e+00
3.700000000000000000e+01 -5.865015469250606905e+00 -9.283746208645193843e-01 -1.234881772670388456e+00 3.677051139787736567e+00
3.800000000000000000e+01 -6.837808955127724353e+00 -2.901447241231589924e+00 -1.388364143841771092e+00 3.405083044191846930e+00
3.900000000000000000e+01 -6.815652599856350413e+00 -1.587883559591132254e+00 -1.718800266186177872e+00 4.085833728206274884e+00
4.000000000000000000e+01 -7.254831628602600446e+00 -6.277137883685038666e+00 -1.894092446656460593e+00 3.030767602132489191e+00
4.100000000000000000e+01 -5.748248187510876406e+00 -5.251883435733089911e+00 -1.809404409301787586e+00 3.261293388173866159e+00
4.200000000000000000e+01 -5.870983581250472483e+00 -6.045522650021355027e+00 -1.946477894348303428e+00 2.734459971921772592e+00
4.300000000000000000e+01 -6.220928388498966122e+00 -5.145252156769578811e+00 -1.962255633821334166e+00 2.834229938264062554e+00
4.400000000000000000e+01 -6.844442269317806193e+00 -4.222220932941502802e+00 -1.943829864504247995e+00 2.736590015354179783e+00
4.500000000000000000e+01 -6.670039705669420727e+00 -3.820634572073320800e+00 -1.867977613332833853e+00 2.080592508067417246e+00
4.600000000000000000e+01 -6.293812515132294116e+00 -2.622314877568266756e+00 -1.700961472966146859e+00 1.472504801011762954e+00
4.700000000000000000e+01 -6.645363607375754711e+00 -1.751334340144616863e+00 -1.519369143417058865e+00 1.008768980733354859e+00
4.800000000000000000e+01 -6.277583814091055814e+00 1.169391943062172284e-01 -1.292618150811725375e+00 4.668881588472024724e-01
4.900000000000000000e+01 -5.796607976058139933e+00 2.060128491577938536e+00 -1.066304222912900945e+00 2.037080192437969728e-01
5.000000000000000000e+01 -4.112767095725947009e+00 3.249276631966948603e+00 -8.901489398068634928e-01 -4.937751911405248162e-01
5.100000000000000000e+01 -1.960061320466240709e+00 4.334369691315124840e+00 -7.792845703629019960e-01 -1.134216505211467441e+00
5.200000000000000000e+01 -7.835823749834298912e-02 4.986549392744687559e+00 -7.470927200278772995e-01 -1.382683245356006729e+00
5.300000000000000000e+01 1.741195568567856400e+00 4.044621931819892602e+00 -7.736341617180528818e-01 -2.041878950798011516e+00
5.400000000000000000e+01 2.670532844967088870e+00 3.172849482967767365e+00 -7.877989731914559757e-01 -2.654580083381719469e+00
5.500000000000000000e+01 3.454392074427560910e+00 2.549296238056420805e+00 -8.971761495984813539e-01 -3.033872180446856692e+00
5.600000000000000000e+01 3.068581252715654184e+00 1.330670240911238533e+00 -8.377527767901411515e-01 -3.427804961622917368e+00
5.700000000000000000e+01 4.703256969912505525e+00 7.678004991951035141e-01 -9.329421706653667767e-01 -3.572517271333736755e+00
5.800000000000000000e+01 5.421765330066894428e+00 -5.156342789134522597e-01 -1.033120229624630682e+00 -3.413381656966661293e+00
5.900000000000000000e+01 6.429744882226662739e+00 -2.297814560327108957e+00 -1.180630832726061064e+00 -3.139323032557705506e+00
6.000000000000000000e+01 6.622415974308691666e+00 -3.943993968971471809e+00 -1.348711139703766770e+00 -2.850296269362817547e+00
6.100000000000000000e+01 6.502582588199144809e+00 -5.930971283887036094e+00 -1.577423796796040056e+00 -2.256443875865928650e+00
6.200000000000000000e+01 6.016328726584776909e+00 -7.008495858801358835e+00 -1.726467032112700029e+00 -2.023060100902987823e+00
6.300000000000000000e+01 5.584468496649836133e+00 -8.102299233529882017e+00 -1.897505366627625145e+00 -1.501445665459991030e+00
6.400000000000000000e+01 5.067543891365135167e+00 -7.796775950305842251e+00 -1.977850745562045987e+00 -1.233180755567887088e+00
6.500000000000000000e+01 5.533657385223208713e+00 -6.918369451299295925e+00 -1.993003498802128570e+00 -1.687312465279075413e+00
6.600000000000000000e+01 5.922530524267431318e+00 -5.858294864830996040e+00 -1.982237739753916150e+00 -1.428932622841008637e+00
6.700000000000000000e+01 6.366555061851241426e+00 -4.922479873929288985e+00 -1.900484006211999866e+00 -1.336004381899273508e+00
6.800000000000000000e+01 6.701949636729000126e+00 -3.841141284238650755e+00 -1.760703720787057280e+00 -8.679114004781826042e-01
6.900000000000000000e+01 7.465036152108933898e+00 -1.800384443143236979e+00 -1.567842670550999351e+00 -1.075787893134314332e+00
7.000000000000000000e+01 6.861724732486057299e+00 -2.091014734584960011e-01 -1.308277443309076915e+00 -5.114695071810371196e-01
7.100000000000000000e+01 5.570545519596607598e+00 7.652102631337311944e-01 -1.040187274391916938e+00 1.828218791631489315e-01
7.200000000000000000e+01 3.615738643546815734e+00 2.672512025573209549e+00 -9.033883842471722714e-01 5.408651665282016019e-01
7.300000000000000000e+01 1.699913160559289649e+00 3.747330555952707254e+00 -7.991279595047915407e-01 1.112444922493240007e+00
7.400000000000000000e+01 -8.206453928998993508e-01 4.779991202301030917e+00 -9.575059072885111489e-01 1.176055558709691695e+00
7.500000000000000000e+01 -2.243688412160564472e+00 3.821230429522036509e+00 -9.403719352958538336e-01 1.821350622245480722e+00
7.600000000000000000e+01 -2.966951072618834839e+00 2.678897394077059069e+00 -8.949708059591663378e-01 3.014183642787770179e+00
7.700000000000000000e+01 -3.332286315910266694e+00 2.009964158362581355e+00 -9.102092395187237894e-01 3.835700709611662873e+00
7.800000000000000000e+01 -2.621246894720753673e+00 5.742403616614480955e-01 -8.679504734296629165e-01 3.163467920182646775e+00
7.900000000000000000e+01 -3.694225371849289452e+00 3.411417232440031033e-01 -9.866852411496640496e-01 3.728018542229447174e+00
8.000000000000000000e+01 -6.392547819297172751e+00 -8.363421042378360593e-01 -1.140767464350192606e+00 3.388259919332905934e+00
8.100000000000000000e+01 -6.846831602691691998e+00 -2.794826886780468644e+00 -1.290511895993500469e+00 2.938259359455938746e+00
8.200000000000000000e+01 -7.221031972272635713e+00 -5.203369952416286637e+00 -1.486896078409993605e+00 2.194036600657520708e+00
8.300000000000000000e+01 -6.950863811167378614e+00 -7.088985963578373628e+00 -1.706737695188537129e+00 1.744168363894504248e+00
8.400000000000000000e+01 -6.343319791722334955e+00 -8.721121426541168731e+00 -1.912546185568449797e+00 1.255402053149643482e+00
8.500000000000000000e+01 -5.426613402813300624e+00 -8.451447329581013079e+00 -1.963508111385783295e+00 1.178209267641598723e+00
8.600000000000000000e+01 -5.138231067111650674e+00 -8.018744891270142006e+00 -2.030344169178669667e+00 1.171231337424890606e+00
8.700000000000000000e+01 -4.832508110118276967e+00 -7.474146901657720221e+00 -2.013655775427387606e+00 9.104108778676804903e-01
8.800000000000000000e+01 -4.863015820988482396e+00 -7.366589568582972092e+00 -2.026163919921637913e+00 1.825221416920683737e-01
8.900000000000000000e+01 -5.086398710256629485e+00 -7.292178491735850976e+00 -2.014514871347981906e+00 -4.137654377463487743e-01
9.000000000000000000e+01 -5.263773530993601568e+00 -7.065082557312024392e+00 -1.943640858623445711e+00 -1.283568506259344932e+00
9.100000000000000000e+01 -4.989869196506187876e+00 -6.175132567043452703e+00 -1.803114710911267959e+00 -2.249186633693672110e+00
9.200000000000000000e+01 -4.765718622664169679e+00 -5.229837375578066272e+00 -1.602169061674380224e+00 -2.948854122983937565e+00
9.300000000000000000e+01 -4.373815284192185793e+00 -3.484989034926387230e+00 -1.382899023653523241e+00 -3.067177185244879478e+00
9.400000000000000000e+01 -3.233858121245603012e+00 -9.978771749169893512e-01 -1.159587273488772441e+00 -2.898922237128015222e+00
9.500000000000000000e+01 -2.422993415989726618e+00 8.125817199492331167e-01 -9.885243452659234764e-01 -2.596582527771535531e+00
9.600000000000000000e+01 3.715427771338377649e-01 4.237435977907835216e+00 -1.151859979197277450e+00 -1.620207623946684050e+00
9.700000000000000000e+01 2.802232474714599242e+00 5.466826293267687653e+00 -1.211530493732703828e+00 -1.717943385803520462e+00
9.800000000000000000e+01 2.971247256348737764e+00 3.645427037173545770e+00 -9.236203444762081105e-01 -2.589324492061494620e+00
9.900000000000000000e+01 3.281331338971798850e+00 2.321028020103539813e+00 -8.272560480059614196e-01 -3.124591677267275713e+00
1.000000000000000000e+02 3.377106012306284377e+00 1.305052799354432524e+00 -6.863047971368926303e-01 -3.076923366585769148e+00
1.010000000000000000e+02 3.388855494505373489e+00 1.750891594340663049e-01 -6.599312196798642338e-01 -2.653199340410314022e+00
1.020000000000000000e+02 4.524341172109447307e+00 -2.811005817771622950e-01 -7.587751304653048701e-01 -3.354738010054578723e+00
1.030000000000000000e+02 6.141357463822950891e+00 -2.346837532655548841e+00 -9.834323988925125493e-01 -2.855236807314302183e+00
1.040000000000000000e+02 7.794022033645109815e+00 -6.536037445348221731e+00 -1.385530475098469161e+00 -1.343275032872645047e+00
1.050000000000000000e+02 7.882173794238756415e+00 -9.706913206097134150e+00 -1.677556456183249889e+00 -7.949542795092716663e-01
1.060000000000000000e+02 6.833852208122319638e+00 -1.241379505696782992e+01 -2.025046490592279813e+00 -4.217090250413607633e-01
1.070000000000000000e+02 4.774637589433321949e+00 -1.208905659761882667e+01 -2.034801130690805593e+00 -6.620680432964877182e-01
1.080000000000000000e+02 3.290376452512715488e+00 -1.176146157123287139e+01 -2.082357834173049760e+00 -6.906629474900384258e-01
1.090000000000000000e+02 2.243679232067779417e+00 -1.116392496463759976e+01 -2.113115997037696037e+00 -8.554268001377587360e-01
1.100000000000000000e+02 1.275375767556056861e+00 -1.096194671844660640e+01 -2.149942644703661809e+00 -5.653105427816194073e-01
1.110000000000000000e+02 8.357386135442287367e-01 -1.037276421755700717e+01 -2.134554499378073178e+00 -6.993550581944775191e-01
1.120000000000000000e+02 1.081057512292272316e+00 -1.032762388666210107e+01 -2.229994325845911174e+00 -1.168498514015493761e+00
1.130000000000000000e+02 1.171256551219663100e+00 -1.023746971792554739e+01 -2.247754593195373296e+00 -1.446229273531584925e+00
1.140000000000000000e+02 1.100898101147082642e+00 -1.017879885943841067e+01 -2.260208673327551487e+00 -1.391660862949053223e+00
1.150000000000000000e+02 6.664652353048605704e-01 -9.904300772630854510e+00 -2.253178344944910538e+00 -9.967163394596690873e-01
1.160000000000000000e+02 5.304197700362758283e-01 -1.024647985418541474e+01 -2.283439770834648996e+00 -9.509510443517960043e-01
1.170000000000000000e+02 7.833801387074390554e-02 -9.815383292564616724e+00 -2.305186135197028197e+00 -4.136717742212312476e-01
1.180000000000000000e+02 -7.771207672120239440e-02 -9.609200324375654745e+00 -2.283523100717094412e+00 -2.832682452314408961e-01
1.190000000000000000e+02 -2.512477382362274941e-02 -9.896115902079543503e+00 -2.279714061891179089e+00 -3.325621229640331467e-01
1.200000000000000000e+02 -8.555308187028433375e-02 -9.854006230513537190e+00 -2.278602987967251803e+00 -1.590555844730656976e-01
1.210000000000000000e+02 -4.590350391481115566e-01 -9.339662280660688154e+00 -2.261566581681692778e+00 3.405297243032322507e-01
1.220000000000000000e+02 -5.783593732252328978e-01 -9.237974572720052180e+00 -2.257556138717173422e+00 5.463905095869966422e-01
1.230000000000000000e+02 -4.207180191199118569e-01 -9.251326203026669859e+00 -2.259638810053677282e+00 4.321753938971988895e-01
1.240000000000000000e+02 -3.404689597780793386e-01 -9.228892707736591206e+00 -2.237302833757605303e+00 2.593099027722231553e-01
1.250000000000000000e+02 -4.948888302222382296e-01 -9.324492906741566500e+00 -2.215634127546280308e+00 4.301767841892321087e-01
1.260000000000000000e+02 -5.535822792642040024e-01 -9.228551462295012442e+00 -2.241767492703885090e+00 5.512248262582981617e-01
1.270000000000000000e+02 -3.292565808354677714e-01 -9.160644728415807236e+00 -2.195039333763170397e+00 4.373353566416525728e-01
1.280000000000000000e+02 -4.071428884346858790e-01 -9.149978624728255738e+00 -2.146383581002832219e+00 4.537485238994913850e-01
1.290000000000000000e+02 -3.730947809315574015e-01 -8.496803796175340651e+00 -2.072977497185225726e+00 6.039403522972578431e-01
1.300000000000000000e+02 -2.618989134110691896e-01 -8.465046428355559982e+00 -2.059267164107341230e+00 4.118383913673215879e-01
1.310000000000000000e+02 -7.619432677611902294e-02 -8.110901754877392733e+00 -1.984717095682182908e+00 2.353311775256285154e-01
1.320000000000000000e+02 -2.710143856088914269e-02 -7.738021645789754821e+00 -1.895451586073430006e+00 1.413535566698210788e-01
1.330000000000000000e+02 -6.072712786627130349e-02 -7.146787220582536015e+00 -1.795736247639035721e+00 1.524904323642690962e-01
1.340000000000000000e+02 -1.340915372567709762e-01 -6.644672742639286867e+00 -1.684735238867061113e+00 1.254685203073543920e-01
1.350000000000000000e+02 -8.145382020765465358e-02 -6.158012753634032777e+00 -1.556162242976716348e+00 -7.221318599754887602e-02
1.360000000000000000e+02 3.360775785697913687e-01 -5.124505361904279965e+00 -1.421000707254501449e+00 -3.558640861603182826e-01
1.370000000000000000e+02 3.733599597690582250e-01 -4.938884393661479244e+00 -1.227892029172631627e+00 -4.038596565043789388e-01
1.380000000000000000e+02 1.629733811041371161e-01 -3.588008919784431150e+00 -1.103229019857287163e+00 -1.734566461551318717e-01
1.390000000000000000e+02 3.102979127936453252e-01 -3.084464178132899637e+00 -9.423575848617669060e-01 -3.240671777304852119e-01
1.400000000000000000e+02 3.723431004293824009e-01 -2.483049246590161019e+00 -7.721322707504196803e-01 -3.716244278961589043e-01
1.410000000000000000e+02 4.491393446643122678e-01 -2.003126414378728626e+00 -6.221732282489222943e-01 -4.677215020986264515e-01
1.420000000000000000e+02 5.050277141133552306e-01 -1.314875823939892552e+00 -5.048661273449274178e-01 -5.566563368509644949e-01
1.430000000000000000e+02 1.542771307926758817e-01 -9.624605051027764757e-01 -4.153197705643990600e-01 -1.355799412836367901e-01
1.440000000000000000e+02 2.492170145086161082e-01 -5.814911689942094952e-01 -3.180154766525396526e-01 -2.832412035628992797e-01
1.450000000000000000e+02 2.320874506211908217e-01 -3.808676103418390801e-01 -2.360209167352876336e-01 -2.671884191173979906e-01
1.460000000000000000e+02 -2.880442356047411764e-02 -2.345916350115466453e-01 -1.781489042262272560e-01 3.505660428862087535e-02
1.470000000000000000e+02 9.505037390419424082e-02 -1.359374626183870727e-01 -1.244234648049472175e-01 -9.887680841271226373e-02
1.480000000000000000e+02 5.800008460601996374e-02 -8.057991008064942229e-02 -7.954990247876513043e-02 -6.373124264939629413e-02
1.490000000000000000e+02 3.789606171579178867e-02 -2.882577644650797383e-02 -3.911232180835789302e-02 -3.389637613320876930e-02
1.500000000000000000e+02 -0.000000000000000000e+00 -0.000000000000000000e+00 -0.000000000000000000e+00 -0.000000000000000000e+00
0.000000000000000000e+00 -6.012645232562522146e+00 -4.386723674327561717e+00 -1.800431080163640063e+00 1.315781206629405897e+00
1.000000000000000000e+00 -5.923499290857104249e+00 -3.588811827531302789e+00 -1.643598738765220446e+00 7.934952831376709259e-01
2.000000000000000000e+00 -5.596927799380491564e+00 -2.607239138693429492e+00 -1.451010147572909137e+00 1.829753585222407553e-01
3.000000000000000000e+00 -5.232197843546053662e+00 -1.225833805303958357e+00 -1.237251283445123695e+00 -4.124930505636245082e-01
4.000000000000000000e+00 -4.915729177740619349e+00 8.949857721600081861e-01 -1.030817798540099473e+00 -8.887455643188789667e-01
5.000000000000000000e+00 -3.633023826239703880e+00 2.291706653892332746e+00 -8.734739131967438341e-01 -1.419499012350505129e+00
6.000000000000000000e+00 -2.127937015781520724e+00 3.561085466043657721e+00 -7.525612019718670442e-01 -1.756631843237775215e+00
7.000000000000000000e+00 -2.057784512348763972e-01 4.382476749151350326e+00 -7.412352534378631175e-01 -2.062580840970267726e+00
8.000000000000000000e+00 1.574604748049732716e+00 4.178130021282370876e+00 -7.452494983574053933e-01 -2.225194864026878605e+00
9.000000000000000000e+00 3.860990800823735469e+00 3.650148661406996897e+00 -9.446694828319688320e-01 -2.304167475921067521e+00
1.000000000000000000e+01 3.996906538391396424e+00 2.121457315055783166e+00 -9.126142649907915683e-01 -2.468651517354077729e+00
1.100000000000000000e+01 4.803816311871637268e+00 1.130780167446775675e+00 -1.076626514686451319e+00 -2.772936858128828508e+00
1.200000000000000000e+01 6.831433700819972366e+00 -7.496574502007302687e-02 -1.240109532121041136e+00 -2.890388008866185743e+00
1.300000000000000000e+01 8.840559010703403331e+00 -2.527198738735139116e+00 -1.517636295941248159e+00 -2.718448866064036906e+00
1.400000000000000000e+01 8.672143352933755267e+00 -4.889231312474731972e+00 -1.616044989874175553e+00 -2.673953523185833347e+00
1.500000000000000000e+01 8.062479916283864512e+00 -7.362229602519660077e+00 -1.797187839458355363e+00 -2.442862373855800850e+00
1.600000000000000000e+01 6.946190291121132176e+00 -9.835721949831331301e+00 -1.915599439333784515e+00 -2.168415595438281329e+00
1.700000000000000000e+01 5.472611691587451865e+00 -9.468225812579499134e+00 -1.978012927142958954e+00 -2.214244863472614622e+00
1.800000000000000000e+01 4.312930092562376139e+00 -9.475220627061982981e+00 -2.020174279127383343e+00 -2.045231587273802276e+00
1.900000000000000000e+01 4.520956567962097772e+00 -7.577536949849268844e+00 -2.040662962457280294e+00 -2.340448994694270368e+00
2.000000000000000000e+01 5.553894714911972841e+00 -6.081459713964920688e+00 -2.071934972982486300e+00 -2.609187886230146081e+00
2.100000000000000000e+01 6.602943399423394588e+00 -5.100439348880185797e+00 -2.080819517365469995e+00 -2.720832034342659078e+00
2.200000000000000000e+01 7.127208836438949646e+00 -4.700860548972450204e+00 -2.054038142451509064e+00 -2.570323564096572699e+00
2.300000000000000000e+01 7.366108575302913408e+00 -4.317509850371219038e+00 -1.970455164868095910e+00 -2.243415384225153186e+00
2.400000000000000000e+01 7.202678181254208667e+00 -3.885295668131305558e+00 -1.824251832862824996e+00 -1.744304348387236914e+00
2.500000000000000000e+01 6.914642963386469887e+00 -3.042608440350328181e+00 -1.617774389538189528e+00 -1.155896483588591650e+00
2.600000000000000000e+01 7.437025322699780894e+00 -9.557108119288900694e-01 -1.372904700786270249e+00 -7.922761361591652562e-01
2.700000000000000000e+01 5.986128110436004235e+00 6.001319059764557290e-02 -1.118659939329004871e+00 2.303670851102572817e-03
2.800000000000000000e+01 4.206090515716158329e+00 9.838362577619467197e-01 -9.029401090929146667e-01 8.596956829938622313e-01
2.900000000000000000e+01 2.995850437117986598e+00 3.400237494709445141e+00 -7.767308253564466636e-01 1.307050828551909349e+00
3.000000000000000000e+01 1.151318158271430026e+00 3.457427130913161228e+00 -6.901939202811039342e-01 1.691277435156045339e+00
3.100000000000000000e+01 -8.918832901226722010e-01 3.604920837513501564e+00 -7.818000095535273530e-01 2.036654957094927276e+00
3.200000000000000000e+01 -2.857651640130656645e+00 3.879905844017262684e+00 -9.419646901988383281e-01 2.122588321223627172e+00
3.300000000000000000e+01 -3.548345800604120637e+00 3.067619130196332922e+00 -1.049538915856060406e+00 2.651764402349521710e+00
3.400000000000000000e+01 -2.616770690229411667e+00 1.474400103364569947e+00 -9.235285042357713747e-01 3.439601721846527127e+00
3.500000000000000000e+01 -2.488107353748794992e+00 9.456694287934974685e-01 -9.615459966030911465e-01 3.871906642925567521e+00
3.600000000000000000e+01 -3.954842784162641234e+00 5.358124883470785083e-01 -1.068552463558677612e+00 3.957347366114082998e+00
3.700000000000000000e+01 -5.865015469250606905e+00 -9.283746208645193843e-01 -1.234881772670388456e+00 3.677051139787736567e+00
3.800000000000000000e+01 -6.837808955127724353e+00 -2.901447241231589924e+00 -1.388364143841771092e+00 3.405083044191846930e+00
3.900000000000000000e+01 -6.815652599856350413e+00 -1.587883559591132254e+00 -1.718800266186177872e+00 4.085833728206274884e+00
4.000000000000000000e+01 -7.254831628602600446e+00 -6.277137883685038666e+00 -1.894092446656460593e+00 3.030767602132489191e+00
4.100000000000000000e+01 -5.748248187510876406e+00 -5.251883435733089911e+00 -1.809404409301787586e+00 3.261293388173866159e+00
4.200000000000000000e+01 -5.870983581250472483e+00 -6.045522650021355027e+00 -1.946477894348303428e+00 2.734459971921772592e+00
4.300000000000000000e+01 -6.220928388498966122e+00 -5.145252156769578811e+00 -1.962255633821334166e+00 2.834229938264062554e+00
4.400000000000000000e+01 -6.844442269317806193e+00 -4.222220932941502802e+00 -1.943829864504247995e+00 2.736590015354179783e+00
4.500000000000000000e+01 -6.670039705669420727e+00 -3.820634572073320800e+00 -1.867977613332833853e+00 2.080592508067417246e+00
4.600000000000000000e+01 -6.293812515132294116e+00 -2.622314877568266756e+00 -1.700961472966146859e+00 1.472504801011762954e+00
4.700000000000000000e+01 -6.645363607375754711e+00 -1.751334340144616863e+00 -1.519369143417058865e+00 1.008768980733354859e+00
4.800000000000000000e+01 -6.277583814091055814e+00 1.169391943062172284e-01 -1.292618150811725375e+00 4.668881588472024724e-01
4.900000000000000000e+01 -5.796607976058139933e+00 2.060128491577938536e+00 -1.066304222912900945e+00 2.037080192437969728e-01
5.000000000000000000e+01 -4.112767095725947009e+00 3.249276631966948603e+00 -8.901489398068634928e-01 -4.937751911405248162e-01
5.100000000000000000e+01 -1.960061320466240709e+00 4.334369691315124840e+00 -7.792845703629019960e-01 -1.134216505211467441e+00
5.200000000000000000e+01 -7.835823749834298912e-02 4.986549392744687559e+00 -7.470927200278772995e-01 -1.382683245356006729e+00
5.300000000000000000e+01 1.741195568567856400e+00 4.044621931819892602e+00 -7.736341617180528818e-01 -2.041878950798011516e+00
5.400000000000000000e+01 2.670532844967088870e+00 3.172849482967767365e+00 -7.877989731914559757e-01 -2.654580083381719469e+00
5.500000000000000000e+01 3.454392074427560910e+00 2.549296238056420805e+00 -8.971761495984813539e-01 -3.033872180446856692e+00
5.600000000000000000e+01 3.068581252715654184e+00 1.330670240911238533e+00 -8.377527767901411515e-01 -3.427804961622917368e+00
5.700000000000000000e+01 4.703256969912505525e+00 7.678004991951035141e-01 -9.329421706653667767e-01 -3.572517271333736755e+00
5.800000000000000000e+01 5.421765330066894428e+00 -5.156342789134522597e-01 -1.033120229624630682e+00 -3.413381656966661293e+00
5.900000000000000000e+01 6.429744882226662739e+00 -2.297814560327108957e+00 -1.180630832726061064e+00 -3.139323032557705506e+00
6.000000000000000000e+01 6.622415974308691666e+00 -3.943993968971471809e+00 -1.348711139703766770e+00 -2.850296269362817547e+00
6.100000000000000000e+01 6.502582588199144809e+00 -5.930971283887036094e+00 -1.577423796796040056e+00 -2.256443875865928650e+00
6.200000000000000000e+01 6.016328726584776909e+00 -7.008495858801358835e+00 -1.726467032112700029e+00 -2.023060100902987823e+00
6.300000000000000000e+01 5.584468496649836133e+00 -8.102299233529882017e+00 -1.897505366627625145e+00 -1.501445665459991030e+00
6.400000000000000000e+01 5.067543891365135167e+00 -7.796775950305842251e+00 -1.977850745562045987e+00 -1.233180755567887088e+00
6.500000000000000000e+01 5.533657385223208713e+00 -6.918369451299295925e+00 -1.993003498802128570e+00 -1.687312465279075413e+00
6.600000000000000000e+01 5.922530524267431318e+00 -5.858294864830996040e+00 -1.982237739753916150e+00 -1.428932622841008637e+00
6.700000000000000000e+01 6.366555061851241426e+00 -4.922479873929288985e+00 -1.900484006211999866e+00 -1.336004381899273508e+00
6.800000000000000000e+01 6.701949636729000126e+00 -3.841141284238650755e+00 -1.760703720787057280e+00 -8.679114004781826042e-01
6.900000000000000000e+01 7.465036152108933898e+00 -1.800384443143236979e+00 -1.567842670550999351e+00 -1.075787893134314332e+00
7.000000000000000000e+01 6.861724732486057299e+00 -2.091014734584960011e-01 -1.308277443309076915e+00 -5.114695071810371196e-01
7.100000000000000000e+01 5.570545519596607598e+00 7.652102631337311944e-01 -1.040187274391916938e+00 1.828218791631489315e-01
7.200000000000000000e+01 3.615738643546815734e+00 2.672512025573209549e+00 -9.033883842471722714e-01 5.408651665282016019e-01
7.300000000000000000e+01 1.699913160559289649e+00 3.747330555952707254e+00 -7.991279595047915407e-01 1.112444922493240007e+00
7.400000000000000000e+01 -8.206453928998993508e-01 4.779991202301030917e+00 -9.575059072885111489e-01 1.176055558709691695e+00
7.500000000000000000e+01 -2.243688412160564472e+00 3.821230429522036509e+00 -9.403719352958538336e-01 1.821350622245480722e+00
7.600000000000000000e+01 -2.966951072618834839e+00 2.678897394077059069e+00 -8.949708059591663378e-01 3.014183642787770179e+00
7.700000000000000000e+01 -3.332286315910266694e+00 2.009964158362581355e+00 -9.102092395187237894e-01 3.835700709611662873e+00
7.800000000000000000e+01 -2.621246894720753673e+00 5.742403616614480955e-01 -8.679504734296629165e-01 3.163467920182646775e+00
7.900000000000000000e+01 -3.694225371849289452e+00 3.411417232440031033e-01 -9.866852411496640496e-01 3.728018542229447174e+00
8.000000000000000000e+01 -6.392547819297172751e+00 -8.363421042378360593e-01 -1.140767464350192606e+00 3.388259919332905934e+00
8.100000000000000000e+01 -6.846831602691691998e+00 -2.794826886780468644e+00 -1.290511895993500469e+00 2.938259359455938746e+00
8.200000000000000000e+01 -7.221031972272635713e+00 -5.203369952416286637e+00 -1.486896078409993605e+00 2.194036600657520708e+00
8.300000000000000000e+01 -6.950863811167378614e+00 -7.088985963578373628e+00 -1.706737695188537129e+00 1.744168363894504248e+00
8.400000000000000000e+01 -6.343319791722334955e+00 -8.721121426541168731e+00 -1.912546185568449797e+00 1.255402053149643482e+00
8.500000000000000000e+01 -5.426613402813300624e+00 -8.451447329581013079e+00 -1.963508111385783295e+00 1.178209267641598723e+00
8.600000000000000000e+01 -5.138231067111650674e+00 -8.018744891270142006e+00 -2.030344169178669667e+00 1.171231337424890606e+00
8.700000000000000000e+01 -4.832508110118276967e+00 -7.474146901657720221e+00 -2.013655775427387606e+00 9.104108778676804903e-01
8.800000000000000000e+01 -4.863015820988482396e+00 -7.366589568582972092e+00 -2.026163919921637913e+00 1.825221416920683737e-01
8.900000000000000000e+01 -5.086398710256629485e+00 -7.292178491735850976e+00 -2.014514871347981906e+00 -4.137654377463487743e-01
9.000000000000000000e+01 -5.263773530993601568e+00 -7.065082557312024392e+00 -1.943640858623445711e+00 -1.283568506259344932e+00
9.100000000000000000e+01 -4.989869196506187876e+00 -6.175132567043452703e+00 -1.803114710911267959e+00 -2.249186633693672110e+00
9.200000000000000000e+01 -4.765718622664169679e+00 -5.229837375578066272e+00 -1.602169061674380224e+00 -2.948854122983937565e+00
9.300000000000000000e+01 -4.373815284192185793e+00 -3.484989034926387230e+00 -1.382899023653523241e+00 -3.067177185244879478e+00
9.400000000000000000e+01 -3.233858121245603012e+00 -9.978771749169893512e-01 -1.159587273488772441e+00 -2.898922237128015222e+00
9.500000000000000000e+01 -2.422993415989726618e+00 8.125817199492331167e-01 -9.885243452659234764e-01 -2.596582527771535531e+00
9.600000000000000000e+01 3.715427771338377649e-01 4.237435977907835216e+00 -1.151859979197277450e+00 -1.620207623946684050e+00
9.700000000000000000e+01 2.802232474714599242e+00 5.466826293267687653e+00 -1.211530493732703828e+00 -1.717943385803520462e+00
9.800000000000000000e+01 2.971247256348737764e+00 3.645427037173545770e+00 -9.236203444762081105e-01 -2.589324492061494620e+00
9.900000000000000000e+01 3.281331338971798850e+00 2.321028020103539813e+00 -8.272560480059614196e-01 -3.124591677267275713e+00
1.000000000000000000e+02 3.377106012306284377e+00 1.305052799354432524e+00 -6.863047971368926303e-01 -3.076923366585769148e+00
1.010000000000000000e+02 3.388855494505373489e+00 1.750891594340663049e-01 -6.599312196798642338e-01 -2.653199340410314022e+00
1.020000000000000000e+02 4.524341172109447307e+00 -2.811005817771622950e-01 -7.587751304653048701e-01 -3.354738010054578723e+00
1.030000000000000000e+02 6.141357463822950891e+00 -2.346837532655548841e+00 -9.834323988925125493e-01 -2.855236807314302183e+00
1.040000000000000000e+02 7.794022033645109815e+00 -6.536037445348221731e+00 -1.385530475098469161e+00 -1.343275032872645047e+00
1.050000000000000000e+02 7.882173794238756415e+00 -9.706913206097134150e+00 -1.677556456183249889e+00 -7.949542795092716663e-01
1.060000000000000000e+02 6.833852208122319638e+00 -1.241379505696782992e+01 -2.025046490592279813e+00 -4.217090250413607633e-01
1.070000000000000000e+02 4.774637589433321949e+00 -1.208905659761882667e+01 -2.034801130690805593e+00 -6.620680432964877182e-01
1.080000000000000000e+02 3.290376452512715488e+00 -1.176146157123287139e+01 -2.082357834173049760e+00 -6.906629474900384258e-01
1.090000000000000000e+02 2.243679232067779417e+00 -1.116392496463759976e+01 -2.113115997037696037e+00 -8.554268001377587360e-01
1.100000000000000000e+02 1.275375767556056861e+00 -1.096194671844660640e+01 -2.149942644703661809e+00 -5.653105427816194073e-01
1.110000000000000000e+02 8.357386135442287367e-01 -1.037276421755700717e+01 -2.134554499378073178e+00 -6.993550581944775191e-01
1.120000000000000000e+02 1.081057512292272316e+00 -1.032762388666210107e+01 -2.229994325845911174e+00 -1.168498514015493761e+00
1.130000000000000000e+02 1.171256551219663100e+00 -1.023746971792554739e+01 -2.247754593195373296e+00 -1.446229273531584925e+00
1.140000000000000000e+02 1.100898101147082642e+00 -1.017879885943841067e+01 -2.260208673327551487e+00 -1.391660862949053223e+00
1.150000000000000000e+02 6.664652353048605704e-01 -9.904300772630854510e+00 -2.253178344944910538e+00 -9.967163394596690873e-01
1.160000000000000000e+02 5.304197700362758283e-01 -1.024647985418541474e+01 -2.283439770834648996e+00 -9.509510443517960043e-01
1.170000000000000000e+02 7.833801387074390554e-02 -9.815383292564616724e+00 -2.305186135197028197e+00 -4.136717742212312476e-01
1.180000000000000000e+02 -7.771207672120239440e-02 -9.609200324375654745e+00 -2.283523100717094412e+00 -2.832682452314408961e-01
1.190000000000000000e+02 -2.512477382362274941e-02 -9.896115902079543503e+00 -2.279714061891179089e+00 -3.325621229640331467e-01
1.200000000000000000e+02 -8.555308187028433375e-02 -9.854006230513537190e+00 -2.278602987967251803e+00 -1.590555844730656976e-01
1.210000000000000000e+02 -4.590350391481115566e-01 -9.339662280660688154e+00 -2.261566581681692778e+00 3.405297243032322507e-01
1.220000000000000000e+02 -5.783593732252328978e-01 -9.237974572720052180e+00 -2.257556138717173422e+00 5.463905095869966422e-01
1.230000000000000000e+02 -4.207180191199118569e-01 -9.251326203026669859e+00 -2.259638810053677282e+00 4.321753938971988895e-01
1.240000000000000000e+02 -3.404689597780793386e-01 -9.228892707736591206e+00 -2.237302833757605303e+00 2.593099027722231553e-01
1.250000000000000000e+02 -4.948888302222382296e-01 -9.324492906741566500e+00 -2.215634127546280308e+00 4.301767841892321087e-01
1.260000000000000000e+02 -5.535822792642040024e-01 -9.228551462295012442e+00 -2.241767492703885090e+00 5.512248262582981617e-01
1.270000000000000000e+02 -3.292565808354677714e-01 -9.160644728415807236e+00 -2.195039333763170397e+00 4.373353566416525728e-01
1.280000000000000000e+02 -4.071428884346858790e-01 -9.149978624728255738e+00 -2.146383581002832219e+00 4.537485238994913850e-01
1.290000000000000000e+02 -3.730947809315574015e-01 -8.496803796175340651e+00 -2.072977497185225726e+00 6.039403522972578431e-01
1.300000000000000000e+02 -2.618989134110691896e-01 -8.465046428355559982e+00 -2.059267164107341230e+00 4.118383913673215879e-01
1.310000000000000000e+02 -7.619432677611902294e-02 -8.110901754877392733e+00 -1.984717095682182908e+00 2.353311775256285154e-01
1.320000000000000000e+02 -2.710143856088914269e-02 -7.738021645789754821e+00 -1.895451586073430006e+00 1.413535566698210788e-01
1.330000000000000000e+02 -6.072712786627130349e-02 -7.146787220582536015e+00 -1.795736247639035721e+00 1.524904323642690962e-01
1.340000000000000000e+02 -1.340915372567709762e-01 -6.644672742639286867e+00 -1.684735238867061113e+00 1.254685203073543920e-01
1.350000000000000000e+02 -8.145382020765465358e-02 -6.158012753634032777e+00 -1.556162242976716348e+00 -7.221318599754887602e-02
1.360000000000000000e+02 3.360775785697913687e-01 -5.124505361904279965e+00 -1.421000707254501449e+00 -3.558640861603182826e-01
1.370000000000000000e+02 3.733599597690582250e-01 -4.938884393661479244e+00 -1.227892029172631627e+00 -4.038596565043789388e-01
1.380000000000000000e+02 1.629733811041371161e-01 -3.588008919784431150e+00 -1.103229019857287163e+00 -1.734566461551318717e-01
1.390000000000000000e+02 3.102979127936453252e-01 -3.084464178132899637e+00 -9.423575848617669060e-01 -3.240671777304852119e-01
1.400000000000000000e+02 3.723431004293824009e-01 -2.483049246590161019e+00 -7.721322707504196803e-01 -3.716244278961589043e-01
1.410000000000000000e+02 4.491393446643122678e-01 -2.003126414378728626e+00 -6.221732282489222943e-01 -4.677215020986264515e-01
1.420000000000000000e+02 5.050277141133552306e-01 -1.314875823939892552e+00 -5.048661273449274178e-01 -5.566563368509644949e-01
1.430000000000000000e+02 1.542771307926758817e-01 -9.624605051027764757e-01 -4.153197705643990600e-01 -1.355799412836367901e-01
1.440000000000000000e+02 2.492170145086161082e-01 -5.814911689942094952e-01 -3.180154766525396526e-01 -2.832412035628992797e-01
1.450000000000000000e+02 2.320874506211908217e-01 -3.808676103418390801e-01 -2.360209167352876336e-01 -2.671884191173979906e-01
1.460000000000000000e+02 -2.880442356047411764e-02 -2.345916350115466453e-01 -1.781489042262272560e-01 3.505660428862087535e-02
1.470000000000000000e+02 9.505037390419424082e-02 -1.359374626183870727e-01 -1.244234648049472175e-01 -9.887680841271226373e-02
1.480000000000000000e+02 5.800008460601996374e-02 -8.057991008064942229e-02 -7.954990247876513043e-02 -6.373124264939629413e-02
1.490000000000000000e+02 3.789606171579178867e-02 -2.882577644650797383e-02 -3.911232180835789302e-02 -3.389637613320876930e-02
1.500000000000000000e+02 -0.000000000000000000e+00 -0.000000000000000000e+00 -0.000000000000000000e+00 -0.000000000000000000e+00
0.000000000000000000e+00 -6.012645232562522146e+00 -4.386723674327561717e+00 -1.800431080163640063e+00 1.315781206629405897e+00
1.000000000000000000e+00 -5.923499290857104249e+00 -3.588811827531302789e+00 -1.643598738765220446e+00 7.934952831376709259e-01
2.000000000000000000e+00 -5.596927799380491564e+00 -2.607239138693429492e+00 -1.451010147572909137e+00 1.829753585222407553e-01
3.000000000000000000e+00 -5.232197843546053662e+00 -1.225833805303958357e+00 -1.237251283445123695e+00 -4.124930505636245082e-01
4.000000000000000000e+00 -4.915729177740619349e+00 8.949857721600081861e-01 -1.030817798540099473e+00 -8.887455643188789667e-01
5.000000000000000000e+00 -3.633023826239703880e+00 2.291706653892332746e+00 -8.734739131967438341e-01 -1.419499012350505129e+00
6.000000000000000000e+00 -2.127937015781520724e+00 3.561085466043657721e+00 -7.525612019718670442e-01 -1.756631843237775215e+00
7.000000000000000000e+00 -2.057784512348763972e-01 4.382476749151350326e+00 -7.412352534378631175e-01 -2.062580840970267726e+00
8.000000000000000000e+00 1.574604748049732716e+00 4.178130021282370876e+00 -7.452494983574053933e-01 -2.225194864026878605e+00
9.000000000000000000e+00 3.860990800823735469e+00 3.650148661406996897e+00 -9.446694828319688320e-01 -2.304167475921067521e+00
1.000000000000000000e+01 3.996906538391396424e+00 2.121457315055783166e+00 -9.126142649907915683e-01 -2.468651517354077729e+00
1.100000000000000000e+01 4.803816311871637268e+00 1.130780167446775675e+00 -1.076626514686451319e+00 -2.772936858128828508e+00
1.200000000000000000e+01 6.831433700819972366e+00 -7.496574502007302687e-02 -1.240109532121041136e+00 -2.890388008866185743e+00
1.300000000000000000e+01 8.840559010703403331e+00 -2.527198738735139116e+00 -1.517636295941248159e+00 -2.718448866064036906e+00
1.400000000000000000e+01 8.672143352933755267e+00 -4.889231312474731972e+00 -1.616044989874175553e+00 -2.673953523185833347e+00
1.500000000000000000e+01 8.062479916283864512e+00 -7.362229602519660077e+00 -1.797187839458355363e+00 -2.442862373855800850e+00
1.600000000000000000e+01 6.946190291121132176e+00 -9.835721949831331301e+00 -1.915599439333784515e+00 -2.168415595438281329e+00
1.700000000000000000e+01 5.472611691587451865e+00 -9.468225812579499134e+00 -1.978012927142958954e+00 -2.214244863472614622e+00
1.800000000000000000e+01 4.312930092562376139e+00 -9.475220627061982981e+00 -2.020174279127383343e+00 -2.045231587273802276e+00
1.900000000000000000e+01 4.520956567962097772e+00 -7.577536949849268844e+00 -2.040662962457280294e+00 -2.340448994694270368e+00
2.000000000000000000e+01 5.553894714911972841e+00 -6.081459713964920688e+00 -2.071934972982486300e+00 -2.609187886230146081e+00
2.100000000000000000e+01 6.602943399423394588e+00 -5.100439348880185797e+00 -2.080819517365469995e+00 -2.720832034342659078e+00
2.200000000000000000e+01 7.127208836438949646e+00 -4.700860548972450204e+00 -2.054038142451509064e+00 -2.570323564096572699e+00
2.300000000000000000e+01 7.366108575302913408e+00 -4.317509850371219038e+00 -1.970455164868095910e+00 -2.243415384225153186e+00
2.400000000000000000e+01 7.202678181254208667e+00 -3.885295668131305558e+00 -1.824251832862824996e+00 -1.744304348387236914e+00
2.500000000000000000e+01 6.914642963386469887e+00 -3.042608440350328181e+00 -1.617774389538189528e+00 -1.155896483588591650e+00
2.600000000000000000e+01 7.437025322699780894e+00 -9.557108119288900694e-01 -1.372904700786270249e+00 -7.922761361591652562e-01
2.700000000000000000e+01 5.986128110436004235e+00 6.001319059764557290e-02 -1.118659939329004871e+00 2.303670851102572817e-03
2.800000000000000000e+01 4.206090515716158329e+00 9.838362577619467197e-01 -9.029401090929146667e-01 8.596956829938622313e-01
2.900000000000000000e+01 2.995850437117986598e+00 3.400237494709445141e+00 -7.767308253564466636e-01 1.307050828551909349e+00
3.000000000000000000e+01 1.151318158271430026e+00 3.457427130913161228e+00 -6.901939202811039342e-01 1.691277435156045339e+00
3.100000000000000000e+01 -8.918832901226722010e-01 3.604920837513501564e+00 -7.818000095535273530e-01 2.036654957094927276e+00
3.200000000000000000e+01 -2.857651640130656645e+00 3.879905844017262684e+00 -9.419646901988383281e-01 2.122588321223627172e+00
3.300000000000000000e+01 -3.548345800604120637e+00 3.067619130196332922e+00 -1.049538915856060406e+00 2.651764402349521710e+00
3.400000000000000000e+01 -2.616770690229411667e+00 1.474400103364569947e+00 -9.235285042357713747e-01 3.439601721846527127e+00
3.500000000000000000e+01 -2.488107353748794992e+00 9.456694287934974685e-01 -9.615459966030911465e-01 3.871906642925567521e+00
3.600000000000000000e+01 -3.954842784162641234e+00 5.358124883470785083e-01 -1.068552463558677612e+00 3.957347366114082998e+00
3.700000000000000000e+01 -5.865015469250606905e+00 -9.283746208645193843e-01 -1.234881772670388456e+00 3.677051139787736567e+00
3.800000000000000000e+01 -6.837808955127724353e+00 -2.901447241231589924e+00 -1.388364143841771092e+00 3.405083044191846930e+00
3.900000000000000000e+01 -6.815652599856350413e+00 -1.587883559591132254e+00 -1.718800266186177872e+00 4.085833728206274884e+00
4.000000000000000000e+01 -7.254831628602600446e+00 -6.277137883685038666e+00 -1.894092446656460593e+00 3.030767602132489191e+00
4.100000000000000000e+01 -5.748248187510876406e+00 -5.251883435733089911e+00 -1.809404409301787586e+00 3.261293388173866159e+00
4.200000000000000000e+01 -5.870983581250472483e+00 -6.045522650021355027e+00 -1.946477894348303428e+00 2.734459971921772592e+00
4.300000000000000000e+01 -6.220928388498966122e+00 -5.145252156769578811e+00 -1.962255633821334166e+00 2.834229938264062554e+00
4.400000000000000000e+01 -6.844442269317806193e+00 -4.222220932941502802e+00 -1.943829864504247995e+00 2.736590015354179783e+00
4.500000000000000000e+01 -6.670039705669420727e+00 -3.820634572073320800e+00 -1.867977613332833853e+00 2.080592508067417246e+00
4.600000000000000000e+01 -6.293812515132294116e+00 -2.622314877568266756e+00 -1.700961472966146859e+00 1.472504801011762954e+00
4.700000000000000000e+01 -6.645363607375754711e+00 -1.751334340144616863e+00 -1.519369143417058865e+00 1.008768980733354859e+00
4.800000000000000000e+01 -6.277583814091055814e+00 1.169391943062172284e-01 -1.292618150811725375e+00 4.668881588472024724e-01
4.900000000000000000e+01 -5.796607976058139933e+00 2.060128491577938536e+00 -1.066304222912900945e+00 2.037080192437969728e-01
5.000000000000000000e+01 -4.112767095725947009e+00 3.249276631966948603e+00 -8.901489398068634928e-01 -4.937751911405248162e-01
5.100000000000000000e+01 -1.960061320466240709e+00 4.334369691315124840e+00 -7.792845703629019960e-01 -1.134216505211467441e+00
5.200000000000000000e+01 -7.835823749834298912e-02 4.986549392744687559e+00 -7.470927200278772995e-01 -1.382683245356006729e+00
5.300000000000000000e+01 1.741195568567856400e+00 4.044621931819892602e+00 -7.736341617180528818e-01 -2.041878950798011516e+00
5.400000000000000000e+01 2.670532844967088870e+00 3.172849482967767365e+00 -7.877989731914559757e-01 -2.654580083381719469e+00
5.500000000000000000e+01 3.454392074427560910e+00 2.549296238056420805e+00 -8.971761495984813539e-01 -3.033872180446856692e+00
5.600000000000000000e+01 3.068581252715654184e+00 1.330670240911238533e+00 -8.377527767901411515e-01 -3.427804961622917368e+00
5.700000000000000000e+01 4.703256969912505525e+00 7.678004991951035141e-01 -9.329421706653667767e-01 -3.572517271333736755e+00
5.800000000000000000e+01 5.421765330066894428e+00 -5.156342789134522597e-01 -1.033120229624630682e+00 -3.413381656966661293e+00
5.900000000000000000e+01 6.429744882226662739e+00 -2.297814560327108957e+00 -1.180630832726061064e+00 -3.139323032557705506e+00
6.000000000000000000e+01 6.622415974308691666e+00 -3.943993968971471809e+00 -1.348711139703766770e+00 -2.850296269362817547e+00
6.100000000000000000e+01 6.502582588199144809e+00 -5.930971283887036094e+00 -1.577423796796040056e+00 -2.256443875865928650e+00
6.200000000000000000e+01 6.016328726584776909e+00 -7.008495858801358835e+00 -1.726467032112700029e+00 -2.023060100902987823e+00
6.300000000000000000e+01 5.584468496649836133e+00 -8.102299233529882017e+00 -1.897505366627625145e+00 -1.501445665459991030e+00
6.400000000000000000e+01 5.067543891365135167e+00 -7.796775950305842251e+00 -1.977850745562045987e+00 -1.233180755567887088e+00
6.500000000000000000e+01 5.533657385223208713e+00 -6.918369451299295925e+00 -1.993003498802128570e+00 -1.687312465279075413e+00
6.600000000000000000e+01 5.922530524267431318e+00 -5.858294864830996040e+00 -1.982237739753916150e+00 -1.428932622841008637e+00
6.700000000000000000e+01 6.366555061851241426e+00 -4.922479873929288985e+00 -1.900484006211999866e+00 -1.336004381899273508e+00
6.800000000000000000e+01 6.701949636729000126e+00 -3.841141284238650755e+00 -1.760703720787057280e+00 -8.679114004781826042e-01
6.900000000000000000e+01 7.465036152108933898e+00 -1.800384443143236979e+00 -1.567842670550999351e+00 -1.075787893134314332e+00
7.000000000000000000e+01 6.861724732486057299e+00 -2.091014734584960011e-01 -1.308277443309076915e+00 -5.114695071810371196e-01
7.100000000000000000e+01 5.570545519596607598e+00 7.652102631337311944e-01 -1.040187274391916938e+00 1.828218791631489315e-01
7.200000000000000000e+01 3.615738643546815734e+00 2.672512025573209549e+00 -9.033883842471722714e-01 5.408651665282016019e-01
7.300000000000000000e+01 1.699913160559289649e+00 3.747330555952707254e+00 -7.991279595047915407e-01 1.112444922493240007e+00
7.400000000000000000e+01 -8.206453928998993508e-01 4.779991202301030917e+00 -9.575059072885111489e-01 1.176055558709691695e+00
7.500000000000000000e+01 -2.243688412160564472e+00 3.821230429522036509e+00 -9.403719352958538336e-01 1.821350622245480722e+00
7.600000000000000000e+01 -2.966951072618834839e+00 2.678897394077059069e+00 -8.949708059591663378e-01 3.014183642787770179e+00
7.700000000000000000e+01 -3.332286315910266694e+00 2.009964158362581355e+00 -9.102092395187237894e-01 3.835700709611662873e+00
7.800000000000000000e+01 -2.621246894720753673e+00 5.742403616614480955e-01 -8.679504734296629165e-01 3.163467920182646775e+00
7.900000000000000000e+01 -3.694225371849289452e+00 3.411417232440031033e-01 -9.866852411496640496e-01 3.728018542229447174e+00
8.000000000000000000e+01 -6.392547819297172751e+00 -8.363421042378360593e-01 -1.140767464350192606e+00 3.388259919332905934e+00
8.100000000000000000e+01 -6.846831602691691998e+00 -2.794826886780468644e+00 -1.290511895993500469e+00 2.938259359455938746e+00
8.200000000000000000e+01 -7.221031972272635713e+00 -5.203369952416286637e+00 -1.486896078409993605e+00 2.194036600657520708e+00
8.300000000000000000e+01 -6.950863811167378614e+00 -7.088985963578373628e+00 -1.706737695188537129e+00 1.744168363894504248e+00
8.400000000000000000e+01 -6.343319791722334955e+00 -8.721121426541168731e+00 -1.912546185568449797e+00 1.255402053149643482e+00
8.500000000000000000e+01 -5.426613402813300624e+00 -8.451447329581013079e+00 -1.963508111385783295e+00 1.178209267641598723e+00
8.600000000000000000e+01 -5.138231067111650674e+00 -8.018744891270142006e+00 -2.030344169178669667e+00 1.171231337424890606e+00
8.700000000000000000e+01 -4.832508110118276967e+00 -7.474146901657720221e+00 -2.013655775427387606e+00 9.104108778676804903e-01
8.800000000000000000e+01 -4.863015820988482396e+00 -7.366589568582972092e+00 -2.026163919921637913e+00 1.825221416920683737e-01
8.900000000000000000e+01 -5.086398710256629485e+00 -7.292178491735850976e+00 -2.014514871347981906e+00 -4.137654377463487743e-01
9.000000000000000000e+01 -5.263773530993601568e+00 -7.065082557312024392e+00 -1.943640858623445711e+00 -1.283568506259344932e+00
9.100000000000000000e+01 -4.989869196506187876e+00 -6.175132567043452703e+00 -1.803114710911267959e+00 -2.249186633693672110e+00
9.200000000000000000e+01 -4.765718622664169679e+00 -5.229837375578066272e+00 -1.602169061674380224e+00 -2.948854122983937565e+00
9.300000000000000000e+01 -4.373815284192185793e+00 -3.484989034926387230e+00 -1.382899023653523241e+00 -3.067177185244879478e+00
9.400000000000000000e+01 -3.233858121245603012e+00 -9.978771749169893512e-01 -1.159587273488772441e+00 -2.898922237128015222e+00
9.500000000000000000e+01 -2.422993415989726618e+00 8.125817199492331167e-01 -9.885243452659234764e-01 -2.596582527771535531e+00
9.600000000000000000e+01 3.715427771338377649e-01 4.237435977907835216e+00 -1.151859979197277450e+00 -1.620207623946684050e+00
9.700000000000000000e+01 2.802232474714599242e+00 5.466826293267687653e+00 -1.211530493732703828e+00 -1.717943385803520462e+00
9.800000000000000000e+01 2.971247256348737764e+00 3.645427037173545770e+00 -9.236203444762081105e-01 -2.589324492061494620e+00
9.900000000000000000e+01 3.281331338971798850e+00 2.321028020103539813e+00 -8.272560480059614196e-01 -3.124591677267275713e+00
1.000000000000000000e+02 3.377106012306284377e+00 1.305052799354432524e+00 -6.863047971368926303e-01 -3.076923366585769148e+00
1.010000000000000000e+02 3.388855494505373489e+00 1.750891594340663049e-01 -6.599312196798642338e-01 -2.653199340410314022e+00
1.020000000000000000e+02 4.524341172109447307e+00 -2.811005817771622950e-01 -7.587751304653048701e-01 -3.354738010054578723e+00
1.030000000000000000e+02 6.141357463822950891e+00 -2.346837532655548841e+00 -9.834323988925125493e-01 -2.855236807314302183e+00
1.040000000000000000e+02 7.794022033645109815e+00 -6.536037445348221731e+00 -1.385530475098469161e+00 -1.343275032872645047e+00
1.050000000000000000e+02 7.882173794238756415e+00 -9.706913206097134150e+00 -1.677556456183249889e+00 -7.949542795092716663e-01
1.060000000000000000e+02 6.833852208122319638e+00 -1.241379505696782992e+01 -2.025046490592279813e+00 -4.217090250413607633e-01
1.070000000000000000e+02 4.774637589433321949e+00 -1.208905659761882667e+01 -2.034801130690805593e+00 -6.620680432964877182e-01
1.080000000000000000e+02 3.290376452512715488e+00 -1.176146157123287139e+01 -2.082357834173049760e+00 -6.906629474900384258e-01
1.090000000000000000e+02 2.243679232067779417e+00 -1.116392496463759976e+01 -2.113115997037696037e+00 -8.554268001377587360e-01
1.100000000000000000e+02 1.275375767556056861e+00 -1.096194671844660640e+01 -2.149942644703661809e+00 -5.653105427816194073e-01
1.110000000000000000e+02 8.357386135442287367e-01 -1.037276421755700717e+01 -2.134554499378073178e+00 -6.993550581944775191e-01
1.120000000000000000e+02 1.081057512292272316e+00 -1.032762388666210107e+01 -2.229994325845911174e+00 -1.168498514015493761e+00
1.130000000000000000e+02 1.171256551219663100e+00 -1.023746971792554739e+01 -2.247754593195373296e+00 -1.446229273531584925e+00
1.140000000000000000e+02 1.100898101147082642e+00 -1.017879885943841067e+01 -2.260208673327551487e+00 -1.391660862949053223e+00
1.150000000000000000e+02 6.664652353048605704e-01 -9.904300772630854510e+00 -2.253178344944910538e+00 -9.967163394596690873e-01
1.160000000000000000e+02 5.304197700362758283e-01 -1.024647985418541474e+01 -2.283439770834648996e+00 -9.509510443517960043e-01
1.170000000000000000e+02 7.833801387074390554e-02 -9.815383292564616724e+00 -2.305186135197028197e+00 -4.136717742212312476e-01
1.180000000000000000e+02 -7.771207672120239440e-02 -9.609200324375654745e+00 -2.283523100717094412e+00 -2.832682452314408961e-01
1.190000000000000000e+02 -2.512477382362274941e-02 -9.896115902079543503e+00 -2.279714061891179089e+00 -3.325621229640331467e-01
1.200000000000000000e+02 -8.555308187028433375e-02 -9.854006230513537190e+00 -2.278602987967251803e+00 -1.590555844730656976e-01
1.210000000000000000e+02 -4.590350391481115566e-01 -9.339662280660688154e+00 -2.261566581681692778e+00 3.405297243032322507e-01
1.220000000000000000e+02 -5.783593732252328978e-01 -9.237974572720052180e+00 -2.257556138717173422e+00 5.463905095869966422e-01
1.230000000000000000e+02 -4.207180191199118569e-01 -9.251326203026669859e+00 -2.259638810053677282e+00 4.321753938971988895e-01
1.240000000000000000e+02 -3.404689597780793386e-01 -9.228892707736591206e+00 -2.237302833757605303e+00 2.593099027722231553e-01
1.250000000000000000e+02 -4.948888302222382296e-01 -9.324492906741566500e+00 -2.215634127546280308e+00 4.301767841892321087e-01
1.260000000000000000e+02 -5.535822792642040024e-01 -9.228551462295012442e+00 -2.241767492703885090e+00 5.512248262582981617e-01
1.270000000000000000e+02 -3.292565808354677714e-01 -9.160644728415807236e+00 -2.195039333763170397e+00 4.373353566416525728e-01
1.280000000000000000e+02 -4.071428884346858790e-01 -9.149978624728255738e+00 -2.146383581002832219e+00 4.537485238994913850e-01
1.290000000000000000e+02 -3.730947809315574015e-01 -8.496803796175340651e+00 -2.072977497185225726e+00 6.039403522972578431e-01
1.300000000000000000e+02 -2.618989134110691896e-01 -8.465046428355559982e+00 -2.059267164107341230e+00 4.118383913673215879e-01
1.310000000000000000e+02 -7.619432677611902294e-02 -8.110901754877392733e+00 -1.984717095682182908e+00 2.353311775256285154e-01
1.320000000000000000e+02 -2.710143856088914269e-02 -7.738021645789754821e+00 -1.895451586073430006e+00 1.413535566698210788e-01
1.330000000000000000e+02 -6.072712786627130349e-02 -7.146787220582536015e+00 -1.795736247639035721e+00 1.524904323642690962e-01
1.340000000000000000e+02 -1.340915372567709762e-01 -6.644672742639286867e+00 -1.684735238867061113e+00 1.254685203073543920e-01
1.350000000000000000e+02 -8.145382020765465358e-02 -6.158012753634032777e+00 -1.556162242976716348e+00 -7.221318599754887602e-02
1.360000000000000000e+02 3.360775785697913687e-01 -5.124505361904279965e+00 -1.421000707254501449e+00 -3.558640861603182826e-01
1.370000000000000000e+02 3.733599597690582250e-01 -4.938884393661479244e+00 -1.227892029172631627e+00 -4.038596565043789388e-01
1.380000000000000000e+02 1.629733811041371161e-01 -3.588008919784431150e+00 -1.103229019857287163e+00 -1.734566461551318717e-01
1.390000000000000000e+02 3.102979127936453252e-01 -3.084464178132899637e+00 -9.423575848617669060e-01 -3.240671777304852119e-01
1.400000000000000000e+02 3.723431004293824009e-01 -2.483049246590161019e+00 -7.721322707504196803e-01 -3.716244278961589043e-01
1.410000000000000000e+02 4.491393446643122678e-01 -2.003126414378728626e+00 -6.221732282489222943e-01 -4.677215020986264515e-01
1.420000000000000000e+02 5.050277141133552306e-01 -1.314875823939892552e+00 -5.048661273449274178e-01 -5.566563368509644949e-01
1.430000000000000000e+02 1.542771307926758817e-01 -9.624605051027764757e-01 -4.153197705643990600e-01 -1.355799412836367901e-01
1.440000000000000000e+02 2.492170145086161082e-01 -5.814911689942094952e-01 -3.180154766525396526e-01 -2.832412035628992797e-01
1.450000000000000000e+02 2.320874506211908217e-01 -3.808676103418390801e-01 -2.360209167352876336e-01 -2.671884191173979906e-01
1.460000000000000000e+02 -2.880442356047411764e-02 -2.345916350115466453e-01 -1.781489042262272560e-01 3.505660428862087535e-02
1.470000000000000000e+02 9.505037390419424082e-02 -1.359374626183870727e-01 -1.244234648049472175e-01 -9.887680841271226373e-02
1.480000000000000000e+02 5.800008460601996374e-02 -8.057991008064942229e-02 -7.954990247876513043e-02 -6.373124264939629413e-02
1.490000000000000000e+02 3.789606171579178867e-02 -2.882577644650797383e-02 -3.911232180835789302e-02 -3.389637613320876930e-02
1.500000000000000000e+02 -0.000000000000000000e+00 -0.000000000000000000e+00 -0.000000000000000000e+00 -0.000000000000000000e+00
