0.000000000000000000e+00 -7.071776332050231595e+00 -3.230698643682336613e+00 -1.764063808499248376e+00 1.910228847674989128e+00
1.000000000000000000e+00 -7.149182759471389481e+00 -2.054036459217152277e+00 -1.586659728844822315e+00 1.411388108851316492e+00
2.000000000000000000e+00 -7.175240093664388752e+00 -3.509512527100157597e-01 -1.377895935371965752e+00 8.793660144018469182e-01
3.000000000000000000e+00 -6.848313957621201098e+00 1.725773372347225942e+00 -1.166845553063705854e+00 3.692219771398648764e-01
4.000000000000000000e+00 -5.326710365919191226e+00 3.155088359946043752e+00 -9.689597531587383905e-01 -3.121186789207323620e-01
5.000000000000000000e+00 -3.516419313625617882e+00 4.225707403184262745e+00 -7.858218512612874518e-01 -9.464078355929328445e-01
6.000000000000000000e+00 -1.553814442891545022e+00 5.138261128216384144e+00 -7.111207467457307807e-01 -1.375856278195521254e+00
7.000000000000000000e+00 2.695703815648415880e-01 4.144768748228114141e+00 -6.581269788081415273e-01 -1.931914131541144553e+00
8.000000000000000000e+00 1.355003703591397546e+00 2.955090358054375255e+00 -6.707569957459059706e-01 -2.367880830322701247e+00
9.000000000000000000e+00 2.606807508078767377e+00 2.624580641068823716e+00 -7.331330132839147806e-01 -2.425360746242896326e+00
1.000000000000000000e+01 3.080669122388697279e+00 1.886252490762621470e+00 -8.510710914813387484e-01 -2.731238580814785433e+00
1.100000000000000000e+01 4.899736736173914586e+00 1.432088867794340858e+00 -1.003014884192700462e+00 -3.271949893228834672e+00
1.200000000000000000e+01 5.992406738465169802e+00 4.350170768044903102e-01 -1.145438261009713576e+00 -3.324073685825386981e+00
1.300000000000000000e+01 7.652114080169000410e+00 -1.655404973404944746e+00 -1.329861776329036571e+00 -3.105853555048303072e+00
1.400000000000000000e+01 8.463413696137893183e+00 -3.963925706992465603e+00 -1.608807719775598111e+00 -2.930560937701138791e+00
1.500000000000000000e+01 8.908109842512063281e+00 -7.603168824205012832e+00 -1.918349638707236071e+00 -2.493400133578875799e+00
1.600000000000000000e+01 7.339518309683558783e+00 -9.584556907752935118e+00 -2.026382633771393049e+00 -2.275001673244952283e+00
1.700000000000000000e+01 5.637404267561762161e+00 -9.518324396340769766e+00 -2.044582765218203146e+00 -2.282201537868516539e+00
1.800000000000000000e+01 4.636153957222621358e+00 -9.002810422786401645e+00 -2.065586127695461016e+00 -2.321032176325156460e+00
1.900000000000000000e+01 4.086785560586701394e+00 -8.849178411159082103e+00 -2.105468404359841728e+00 -2.238224350269714336e+00
2.000000000000000000e+01 3.694968558158790994e+00 -8.649308849741101923e+00 -2.115531372664347209e+00 -2.162989072293165727e+00
2.100000000000000000e+01 4.729680289800510806e+00 -7.777740442947536970e+00 -2.156512730515564247e+00 -2.424697724463090953e+00
2.200000000000000000e+01 5.212829243328957141e+00 -7.483080108011591847e+00 -2.170441893891823959e+00 -2.429483433372765067e+00
2.300000000000000000e+01 5.696345452910432705e+00 -7.231129928446652144e+00 -2.163344183813022514e+00 -2.370040257783753379e+00
2.400000000000000000e+01 6.114416365615844562e+00 -6.935051557676321643e+00 -2.130507481816426463e+00 -2.224721183339009922e+00
2.500000000000000000e+01 6.505151348724214522e+00 -6.469988217016658716e+00 -2.067265811642529982e+00 -1.999676223009378084e+00
2.600000000000000000e+01 6.665036422182505582e+00 -5.899721703168234299e+00 -1.957876631381856081e+00 -1.670980412614695654e+00
2.700000000000000000e+01 7.229488243506074774e+00 -4.650434726962385135e+00 -1.801212311738649374e+00 -1.367793015532159151e+00
2.800000000000000000e+01 8.248258029769665711e+00 -2.413447222067309550e+00 -1.611667745838421428e+00 -1.132790836710190430e+00
2.900000000000000000e+01 6.951104940529011067e+00 -9.656770614828347199e-01 -1.411093733529674932e+00 -3.084317410497528500e-01
3.000000000000000000e+01 5.633077671042816092e+00 6.324070153952281170e-02 -1.137037966414610857e+00 2.433375417348705716e-01
3.100000000000000000e+01 4.382073408801289816e+00 2.113067608025213762e+00 -9.481990424445182475e-01 8.152060283866499057e-01
3.200000000000000000e+01 2.456866114237950871e+00 3.662640111409477761e+00 -8.904489191376265822e-01 1.389691590040143865e+00
3.300000000000000000e+01 7.950323212521126504e-01 5.290142457506424201e+00 -8.964046237741354339e-01 1.718816773077777027e+00
3.400000000000000000e+01 -1.236232618866615507e+00 4.461802410465689483e+00 -8.901636270562843789e-01 2.233781386859151397e+00
3.500000000000000000e+01 -2.076073468373970332e+00 2.787297909564085074e+00 -8.811583853717234183e-01 2.774645683966843634e+00
3.600000000000000000e+01 -2.147489224243596340e+00 1.622374454182092141e+00 -9.068030373785349596e-01 3.230650128420589073e+00
3.700000000000000000e+01 -1.578520495816145841e+00 1.061388304716602171e+00 -9.325459121293340203e-01 3.899390820803343871e+00
3.800000000000000000e+01 -2.817516113345559070e+00 9.894978650902779282e-01 -1.002781712384289481e+00 4.228151519056952523e+00
3.900000000000000000e+01 -4.234161169394734081e+00 2.613346882554600237e-01 -1.102097514006764145e+00 3.934946627997752078e+00
4.000000000000000000e+01 -5.208500113309359136e+00 -1.051393970881148832e+00 -1.241124317119246978e+00 3.784899180085935289e+00
4.100000000000000000e+01 -6.452227048775465157e+00 -2.864217370667524687e+00 -1.489029443535894393e+00 3.261149050871989363e+00
4.200000000000000000e+01 -7.308653744372175076e+00 -5.569473337726107864e+00 -1.730095763216473737e+00 3.087066024653580154e+00
4.300000000000000000e+01 -6.581304852734386479e+00 -7.173337278682816454e+00 -1.892477962268798608e+00 2.771585370899941392e+00
4.400000000000000000e+01 -6.301776817232354055e+00 -8.077205255136469475e+00 -2.027851639637195724e+00 2.641896875534684774e+00
4.500000000000000000e+01 -5.011765595562701847e+00 -7.421754752980289638e+00 -1.979028824106593198e+00 2.390906064517086982e+00
4.600000000000000000e+01 -5.530283986382404926e+00 -6.940733731054360867e+00 -2.022162058091164116e+00 2.528452470800810037e+00
4.700000000000000000e+01 -5.688596015207206591e+00 -6.095784902412437312e+00 -2.008783456599404715e+00 2.319410000654129611e+00
4.800000000000000000e+01 -5.943864617743819245e+00 -6.355328749074632633e+00 -2.033410302917864509e+00 2.032548073204160755e+00
4.900000000000000000e+01 -6.613902241574525220e+00 -6.253846456624208905e+00 -1.983570687107345520e+00 1.860054245838113962e+00
5.000000000000000000e+01 -6.558783909867164752e+00 -5.262772861520532253e+00 -1.881234432837864512e+00 1.353423223779568252e+00
5.100000000000000000e+01 -6.890388507072583657e+00 -4.437392714374718494e+00 -1.737832751310813606e+00 1.003110886837305982e+00
5.200000000000000000e+01 -6.464766119168873004e+00 -2.993970947829282192e+00 -1.501399014760724571e+00 3.635991302093702360e-01
5.300000000000000000e+01 -6.164100022948610480e+00 -6.033103418775309645e-01 -1.262149165241710724e+00 1.655248461788350889e-01
5.400000000000000000e+01 -5.021342656360017642e+00 2.019828828249504493e+00 -1.087282496360000517e+00 -3.724603655029464222e-01
5.500000000000000000e+01 -3.275399403680555821e+00 3.935455122622809832e+00 -9.634615025905177710e-01 -3.998793957412358213e-01
5.600000000000000000e+01 -1.051029152760384999e+00 5.921126721561150497e+00 -1.000953811680723726e+00 -4.772768368377950376e-01
5.700000000000000000e+01 1.545902422720021319e+00 7.226531817422867654e+00 -1.144406485593325584e+00 -1.214528206875599592e+00
5.800000000000000000e+01 2.927969508318267522e+00 5.602247581230533235e+00 -1.082456358366430171e+00 -2.100171263552024215e+00
5.900000000000000000e+01 2.784966722038283216e+00 3.029574456163548035e+00 -8.818480322321967657e-01 -2.647783796446098847e+00
6.000000000000000000e+01 2.699811926571681120e+00 1.789721077602219435e+00 -8.484705479351771773e-01 -3.039539738282603043e+00
6.100000000000000000e+01 3.469432000642056924e+00 1.388375626644702487e+00 -8.828319690034948097e-01 -3.406979227488616147e+00
6.200000000000000000e+01 4.564996843388383851e+00 5.714993842482772868e-01 -9.622287208745483600e-01 -3.494006196023292432e+00
6.300000000000000000e+01 5.697024190861762705e+00 -7.825479675307360772e-01 -1.075398369494015682e+00 -3.321487028598528291e+00
6.400000000000000000e+01 6.722854779935039105e+00 -3.273741222556054264e+00 -1.231807616554238205e+00 -2.843063983580014664e+00
6.500000000000000000e+01 7.544602806007731921e+00 -6.250091818291511281e+00 -1.513409192126305092e+00 -2.314282235254351061e+00
6.600000000000000000e+01 6.643670984263374990e+00 -7.681975852425647844e+00 -1.706462616152820244e+00 -1.998525706087676879e+00
6.700000000000000000e+01 6.053115925007164222e+00 -7.897848580251365824e+00 -1.855836183016332130e+00 -2.191827050850726266e+00
6.800000000000000000e+01 4.991545637675240954e+00 -8.382481063702673652e+00 -1.883429962730643448e+00 -1.954759676175867211e+00
6.900000000000000000e+01 4.264776946542644609e+00 -8.537289878474922489e+00 -1.978393362221539942e+00 -1.651920640752262859e+00
7.000000000000000000e+01 4.295131110072388125e+00 -8.739948769861374700e+00 -2.094078920153495282e+00 -1.646416524170269957e+00
7.100000000000000000e+01 4.640769745654286460e+00 -7.681111808126864560e+00 -2.063543240168027815e+00 -1.760099480017632168e+00
7.200000000000000000e+01 5.200989178137810143e+00 -7.613830833258560915e+00 -2.125517852295989663e+00 -1.451384471003447363e+00
7.300000000000000000e+01 5.735121151317150279e+00 -7.036795148602307926e+00 -2.064135046216402092e+00 -1.486459115369750172e+00
7.400000000000000000e+01 5.921158188070943851e+00 -6.237553638683071888e+00 -1.960970076207782631e+00 -7.003322894845397384e-01
7.500000000000000000e+01 6.598252503756719456e+00 -5.449042106143144437e+00 -1.816716274890385785e+00 -9.198138244532374497e-01
7.600000000000000000e+01 7.495924199064716298e+00 -3.062576230469472804e+00 -1.610784351760934818e+00 -6.929242086286219182e-01
7.700000000000000000e+01 6.636394668800482677e+00 -1.885334019204191192e+00 -1.394464366014547263e+00 -9.896471024680796036e-02
7.800000000000000000e+01 5.026275538474556548e+00 -7.165151523275825607e-01 -1.184105592140168195e+00 9.524925127099980182e-01
7.900000000000000000e+01 3.560402857042336944e+00 1.302097049339620671e+00 -1.023386287956500329e+00 1.338323098976484715e+00
8.000000000000000000e+01 1.989932612794436562e+00 4.653633575125976307e+00 -9.588208615602650253e-01 1.166160733655181803e+00
8.100000000000000000e+01 1.633443487457974241e-01 5.771760650431533968e+00 -1.007691885572711055e+00 8.606087515559680545e-01
8.200000000000000000e+01 -1.549255546677428486e+00 4.654337728435551824e+00 -9.546180844031718626e-01 1.827991924204124485e+00
8.300000000000000000e+01 -2.530973177750382774e+00 3.111435944052186375e+00 -8.456167062326308548e-01 2.027086960374553826e+00
8.400000000000000000e+01 -2.208351081489781542e+00 1.522298559026340481e+00 -7.745978864576842371e-01 3.082403044268943848e+00
8.500000000000000000e+01 -2.370457794073194790e+00 9.210010218411966987e-01 -7.668526981619728788e-01 3.244366834163006086e+00
8.600000000000000000e+01 -3.415011694100824613e+00 8.270798333413864611e-01 -8.660557579764851521e-01 4.203334556874066763e+00
8.700000000000000000e+01 -5.836526342683773905e+00 -7.490996887449051789e-01 -1.085334168564107360e+00 3.383938541165453895e+00
8.800000000000000000e+01 -6.676623042339197234e+00 -2.614174189775112289e+00 -1.244513206833848917e+00 2.961355105754179373e+00
8.900000000000000000e+01 -7.201083948551142200e+00 -4.998717470856512080e+00 -1.437240964820973632e+00 2.636879484332801837e+00
9.000000000000000000e+01 -6.296712464726970993e+00 -6.637964846406182673e+00 -1.625088380385867559e+00 2.052702849624600479e+00
9.100000000000000000e+01 -5.905848530809922003e+00 -7.694519466507054872e+00 -1.797515118783642674e+00 1.791959542592562071e+00
9.200000000000000000e+01 -5.306935724454411307e+00 -8.419438930229818041e+00 -1.934148455285873647e+00 1.550346092655667363e+00
9.300000000000000000e+01 -4.888912819263924625e+00 -8.916981416216460232e+00 -2.038655878476409278e+00 1.104710247145340940e+00
9.400000000000000000e+01 -5.122182167449523149e+00 -7.939692023999040948e+00 -2.101603008463517330e+00 1.470351594672296702e+00
9.500000000000000000e+01 -5.233853224550428784e+00 -8.356334136209625285e+00 -2.187682328626065598e+00 9.526968115185825425e-01
9.600000000000000000e+01 -5.372572800685564864e+00 -8.204397524943619402e+00 -2.170525200093684770e+00 4.627131288634471207e-01
9.700000000000000000e+01 -5.710528093214393586e+00 -8.032819604529334967e+00 -2.144407563472497280e+00 -7.472030823585548709e-02
9.800000000000000000e+01 -6.079221630246555819e+00 -7.426926202932236265e+00 -2.078071018020833272e+00 -6.416487374091505158e-01
9.900000000000000000e+01 -6.210000455716315315e+00 -6.305344403925245089e+00 -1.912084893614248049e+00 -9.662803702827830188e-01
1.000000000000000000e+02 -5.790146681458320010e+00 -4.557576553986886658e+00 -1.662932821780605419e+00 -1.314318757668756055e+00
1.010000000000000000e+02 -4.522583271524512227e+00 -1.960814486186387651e+00 -1.512714714209347333e+00 -2.010486268783664876e+00
1.020000000000000000e+02 -4.109249703680713850e+00 9.760926613145662900e-01 -1.350973615283170171e+00 -9.704447641089531951e-01
1.030000000000000000e+02 -1.998166041810968352e+00 3.612872221454247246e+00 -1.292402175817731536e+00 -1.105228198421152497e+00
1.040000000000000000e+02 5.726369427959145109e-02 7.296564547509627019e+00 -1.427892944324664626e+00 4.475170805742239577e-01
1.050000000000000000e+02 2.483502120713958927e+00 7.502293177260576762e+00 -1.361398528775440431e+00 -3.230296558259676543e-01
1.060000000000000000e+02 3.756393825619160687e+00 5.797570056420044970e+00 -1.138398742415882126e+00 -1.363158905318698544e+00
1.070000000000000000e+02 3.525161568982272620e+00 3.224313408418173932e+00 -8.289728433185390433e-01 -2.125864185282334340e+00
1.080000000000000000e+02 2.884394416583235810e+00 1.520087678616844684e+00 -6.592458995572475500e-01 -2.670982585499909412e+00
1.090000000000000000e+02 4.109175916719202348e+00 7.419193508783650248e-01 -6.973726028400519805e-01 -2.611063335311442302e+00
1.100000000000000000e+02 4.412084314982867461e+00 6.043017690751004839e-02 -7.095625136326891846e-01 -3.056340109995264953e+00
1.110000000000000000e+02 6.171780277165270334e+00 -2.188704827661599239e+00 -9.906340883502864347e-01 -2.421929723247118194e+00
1.120000000000000000e+02 7.184310042841185684e+00 -4.755200793908873180e+00 -1.207464376914281434e+00 -1.773216569158205136e+00
1.130000000000000000e+02 8.158106628716021547e+00 -9.285565253464111990e+00 -1.713598768943742634e+00 -1.226815721758904187e+00
1.140000000000000000e+02 6.848995043753149936e+00 -1.150613958349738475e+01 -1.976189480867741155e+00 -8.150537546011212831e-01
1.150000000000000000e+02 4.834002211987940889e+00 -1.075802675539344833e+01 -1.902690677034708289e+00 -1.020638020865483941e+00
1.160000000000000000e+02 3.573048416192402321e+00 -1.147889322171945459e+01 -2.029426263786765272e+00 -6.046637712380023011e-01
1.170000000000000000e+02 2.196249211035468996e+00 -1.103788269359218610e+01 -2.070556725967473088e+00 -4.869419590520971952e-01
1.180000000000000000e+02 2.008232212822915308e+00 -1.066681296426298076e+01 -2.116806256073778592e+00 -1.088042856429719318e+00
1.190000000000000000e+02 1.203306608886987261e+00 -1.033068446343642321e+01 -2.164598448210972581e+00 -7.452591940891947209e-01
1.200000000000000000e+02 9.656356398310859124e-01 -1.025454920250654567e+01 -2.213813837053206779e+00 -7.351806610157175514e-01
1.210000000000000000e+02 8.569395017850793828e-01 -1.001449854554574870e+01 -2.186606659605075276e+00 -7.751141385605446743e-01
1.220000000000000000e+02 5.592729979202172297e-01 -1.014491103872522082e+01 -2.251822790966215848e+00 -4.909757759394902665e-01
1.230000000000000000e+02 3.417623907534151906e-01 -1.008497306478837885e+01 -2.271283541411891260e+00 -2.911514752073641188e-01
1.240000000000000000e+02 3.941606793648168017e-01 -1.003331240038879280e+01 -2.238250997610194748e+00 -3.736839205486101601e-01
1.250000000000000000e+02 -2.327945534969647623e-01 -9.814744898587635547e+00 -2.263543677410345456e+00 2.556511951412301920e-01
1.260000000000000000e+02 -1.117979905751815689e-01 -9.935212045842993334e+00 -2.251679442854787716e+00 1.460770844223231169e-01
1.270000000000000000e+02 -7.561456611651408422e-02 -9.760184267032329331e+00 -2.201544436625457291e+00 1.600237557091076790e-01
1.280000000000000000e+02 -3.608052749784482760e-01 -9.356989130977662938e+00 -2.215547914808223329e+00 4.253044036205542722e-01
1.290000000000000000e+02 -4.469232550386795788e-01 -8.795061168899190207e+00 -2.160680415600428006e+00 4.539262777788292125e-01
1.300000000000000000e+02 -3.721367272484710775e-01 -8.989102741960932619e+00 -2.143632137778453295e+00 3.972006061633724383e-01
1.310000000000000000e+02 -3.841445894285397400e-01 -8.751273643858089812e+00 -2.070552418904363368e+00 4.705966479194138574e-01
1.320000000000000000e+02 -4.041211424531530594e-01 -8.311255203943664682e+00 -2.006294425478166499e+00 4.781580517668910790e-01
1.330000000000000000e+02 -3.482919956744872647e-01 -7.523979945632065736e+00 -1.925169312757442519e+00 3.558621752927794146e-01
1.340000000000000000e+02 -2.332710789217966874e-01 -6.844141117282314113e+00 -1.788825739073681476e+00 2.706736235399906376e-01
1.350000000000000000e+02 -2.316634870236185251e-01 -6.077435963850951417e+00 -1.672656393856574608e+00 3.060403610178293321e-01
1.360000000000000000e+02 -3.031633798552490489e-01 -5.255929858699112778e+00 -1.454359158526447038e+00 3.779782238532064520e-01
1.370000000000000000e+02 -2.142375545429303918e-01 -4.749402724704800072e+00 -1.309567638723676763e+00 2.584205720647791971e-01
1.380000000000000000e+02 -1.473185531357886768e-01 -3.907495499521406845e+00 -1.094587354669326107e+00 1.877088465977782006e-01
1.390000000000000000e+02 1.496476821271544022e-01 -2.851573332858179821e+00 -9.735159273707475469e-01 -1.788928438390219311e-01
1.400000000000000000e+02 6.671541070089609393e-02 -2.197847088476894584e+00 -8.044480559783414586e-01 -6.969134559309064780e-02
1.410000000000000000e+02 1.074992180487780308e-01 -2.000522697180338927e+00 -6.055199110997115941e-01 -1.574201131314703350e-01
1.420000000000000000e+02 2.278305916691122646e-01 -1.316334387708120168e+00 -5.347700887981129414e-01 -3.224138761936305442e-01
1.430000000000000000e+02 2.423942568094621386e-01 -9.235205871140206302e-01 -4.236880491450465969e-01 -2.985107378890624052e-01
1.440000000000000000e+02 -1.244641748077371379e-01 -6.952463534261010825e-01 -3.336058860825222294e-01 1.253945074746807276e-01
1.450000000000000000e+02 -2.202716493749151683e-01 -5.171020738978432396e-01 -2.390839531336041990e-01 2.312136873898148481e-01
1.460000000000000000e+02 4.605984607804441966e-02 -2.555857138343700652e-01 -1.950931288948657694e-01 -2.176694811742410293e-02
1.470000000000000000e+02 7.698460483403096744e-02 -1.556106772606941080e-01 -1.363035766242306768e-01 -8.655670944544460732e-02
1.480000000000000000e+02 -1.176063494847579341e-02 -9.919093623125622983e-02 -8.280980139459515055e-02 5.604538255324286074e-03
1.490000000000000000e+02 3.070568725272645669e-02 -3.417790436014391670e-02 -4.006984076033905801e-02 -3.396403848207306397e-02
1.500000000000000000e+02 -0.000000000000000000e+00 -0.000000000000000000e+00 -0.000000000000000000e+00 -0.000000000000000000e+00
0.000000000000000000e+00 -7.071776332050231595e+00 -3.230698643682336613e+00 -1.764063808499248376e+00 1.910228847674989128e+00
1.000000000000000000e+00 -7.149182759471389481e+00 -2.054036459217152277e+00 -1.586659728844822315e+00 1.411388108851316492e+00
2.000000000000000000e+00 -7.175240093664388752e+00 -3.509512527100157597e-01 -1.377895935371965752e+00 8.793660144018469182e-01
3.000000000000000000e+00 -6.848313957621201098e+00 1.725773372347225942e+00 -1.166845553063705854e+00 3.692219771398648764e-01
4.000000000000000000e+00 -5.326710365919191226e+00 3.155088359946043752e+00 -9.689597531587383905e-01 -3.121186789207323620e-01
5.000000000000000000e+00 -3.516419313625617882e+00 4.225707403184262745e+00 -7.858218512612874518e-01 -9.464078355929328445e-01
6.000000000000000000e+00 -1.553814442891545022e+00 5.138261128216384144e+00 -7.111207467457307807e-01 -1.375856278195521254e+00
7.000000000000000000e+00 2.695703815648415880e-01 4.144768748228114141e+00 -6.581269788081415273e-01 -1.931914131541144553e+00
8.000000000000000000e+00 1.355003703591397546e+00 2.955090358054375255e+00 -6.707569957459059706e-01 -2.367880830322701247e+00
9.000000000000000000e+00 2.606807508078767377e+00 2.624580641068823716e+00 -7.331330132839147806e-01 -2.425360746242896326e+00
1.000000000000000000e+01 3.080669122388697279e+00 1.886252490762621470e+00 -8.510710914813387484e-01 -2.731238580814785433e+00
1.100000000000000000e+01 4.899736736173914586e+00 1.432088867794340858e+00 -1.003014884192700462e+00 -3.271949893228834672e+00
1.200000000000000000e+01 5.992406738465169802e+00 4.350170768044903102e-01 -1.145438261009713576e+00 -3.324073685825386981e+00
1.300000000000000000e+01 7.652114080169000410e+00 -1.655404973404944746e+00 -1.329861776329036571e+00 -3.105853555048303072e+00
1.400000000000000000e+01 8.463413696137893183e+00 -3.963925706992465603e+00 -1.608807719775598111e+00 -2.930560937701138791e+00
1.500000000000000000e+01 8.908109842512063281e+00 -7.603168824205012832e+00 -1.918349638707236071e+00 -2.493400133578875799e+00
1.600000000000000000e+01 7.339518309683558783e+00 -9.584556907752935118e+00 -2.026382633771393049e+00 -2.275001673244952283e+00
1.700000000000000000e+01 5.637404267561762161e+00 -9.518324396340769766e+00 -2.044582765218203146e+00 -2.282201537868516539e+00
1.800000000000000000e+01 4.636153957222621358e+00 -9.002810422786401645e+00 -2.065586127695461016e+00 -2.321032176325156460e+00
1.900000000000000000e+01 4.086785560586701394e+00 -8.849178411159082103e+00 -2.105468404359841728e+00 -2.238224350269714336e+00
2.000000000000000000e+01 3.694968558158790994e+00 -8.649308849741101923e+00 -2.115531372664347209e+00 -2.162989072293165727e+00
2.100000000000000000e+01 4.729680289800510806e+00 -7.777740442947536970e+00 -2.156512730515564247e+00 -2.424697724463090953e+00
2.200000000000000000e+01 5.212829243328957141e+00 -7.483080108011591847e+00 -2.170441893891823959e+00 -2.429483433372765067e+00
2.300000000000000000e+01 5.696345452910432705e+00 -7.231129928446652144e+00 -2.163344183813022514e+00 -2.370040257783753379e+00
2.400000000000000000e+01 6.114416365615844562e+00 -6.935051557676321643e+00 -2.130507481816426463e+00 -2.224721183339009922e+00
2.500000000000000000e+01 6.505151348724214522e+00 -6.469988217016658716e+00 -2.067265811642529982e+00 -1.999676223009378084e+00
2.600000000000000000e+01 6.665036422182505582e+00 -5.899721703168234299e+00 -1.957876631381856081e+00 -1.670980412614695654e+00
2.700000000000000000e+01 7.229488243506074774e+00 -4.650434726962385135e+00 -1.801212311738649374e+00 -1.367793015532159151e+00
2.800000000000000000e+01 8.248258029769665711e+00 -2.413447222067309550e+00 -1.611667745838421428e+00 -1.132790836710190430e+00
2.900000000000000000e+01 6.951104940529011067e+00 -9.656770614828347199e-01 -1.411093733529674932e+00 -3.084317410497528500e-01
3.000000000000000000e+01 5.633077671042816092e+00 6.324070153952281170e-02 -1.137037966414610857e+00 2.433375417348705716e-01
3.100000000000000000e+01 4.382073408801289816e+00 2.113067608025213762e+00 -9.481990424445182475e-01 8.152060283866499057e-01
3.200000000000000000e+01 2.456866114237950871e+00 3.662640111409477761e+00 -8.904489191376265822e-01 1.389691590040143865e+00
3.300000000000000000e+01 7.950323212521126504e-01 5.290142457506424201e+00 -8.964046237741354339e-01 1.718816773077777027e+00
3.400000000000000000e+01 -1.236232618866615507e+00 4.461802410465689483e+00 -8.901636270562843789e-01 2.233781386859151397e+00
3.500000000000000000e+01 -2.076073468373970332e+00 2.787297909564085074e+00 -8.811583853717234183e-01 2.774645683966843634e+00
3.600000000000000000e+01 -2.147489224243596340e+00 1.622374454182092141e+00 -9.068030373785349596e-01 3.230650128420589073e+00
3.700000000000000000e+01 -1.578520495816145841e+00 1.061388304716602171e+00 -9.325459121293340203e-01 3.899390820803343871e+00
3.800000000000000000e+01 -2.817516113345559070e+00 9.894978650902779282e-01 -1.002781712384289481e+00 4.228151519056952523e+00
3.900000000000000000e+01 -4.234161169394734081e+00 2.613346882554600237e-01 -1.102097514006764145e+00 3.934946627997752078e+00
4.000000000000000000e+01 -5.208500113309359136e+00 -1.051393970881148832e+00 -1.241124317119246978e+00 3.784899180085935289e+00
4.100000000000000000e+01 -6.452227048775465157e+00 -2.864217370667524687e+00 -1.489029443535894393e+00 3.261149050871989363e+00
4.200000000000000000e+01 -7.308653744372175076e+00 -5.569473337726107864e+00 -1.730095763216473737e+00 3.087066024653580154e+00
4.300000000000000000e+01 -6.581304852734386479e+00 -7.173337278682816454e+00 -1.892477962268798608e+00 2.771585370899941392e+00
4.400000000000000000e+01 -6.301776817232354055e+00 -8.077205255136469475e+00 -2.027851639637195724e+00 2.641896875534684774e+00
4.500000000000000000e+01 -5.011765595562701847e+00 -7.421754752980289638e+00 -1.979028824106593198e+00 2.390906064517086982e+00
4.600000000000000000e+01 -5.530283986382404926e+00 -6.940733731054360867e+00 -2.022162058091164116e+00 2.528452470800810037e+00
4.700000000000000000e+01 -5.688596015207206591e+00 -6.095784902412437312e+00 -2.008783456599404715e+00 2.319410000654129611e+00
4.800000000000000000e+01 -5.943864617743819245e+00 -6.355328749074632633e+00 -2.033410302917864509e+00 2.032548073204160755e+00
4.900000000000000000e+01 -6.613902241574525220e+00 -6.253846456624208905e+00 -1.983570687107345520e+00 1.860054245838113962e+00
5.000000000000000000e+01 -6.558783909867164752e+00 -5.262772861520532253e+00 -1.881234432837864512e+00 1.353423223779568252e+00
5.100000000000000000e+01 -6.890388507072583657e+00 -4.437392714374718494e+00 -1.737832751310813606e+00 1.003110886837305982e+00
5.200000000000000000e+01 -6.464766119168873004e+00 -2.993970947829282192e+00 -1.501399014760724571e+00 3.635991302093702360e-01
5.300000000000000000e+01 -6.164100022948610480e+00 -6.033103418775309645e-01 -1.262149165241710724e+00 1.655248461788350889e-01
5.400000000000000000e+01 -5.021342656360017642e+00 2.019828828249504493e+00 -1.087282496360000517e+00 -3.724603655029464222e-01
5.500000000000000000e+01 -3.275399403680555821e+00 3.935455122622809832e+00 -9.634615025905177710e-01 -3.998793957412358213e-01
5.600000000000000000e+01 -1.051029152760384999e+00 5.921126721561150497e+00 -1.000953811680723726e+00 -4.772768368377950376e-01
5.700000000000000000e+01 1.545902422720021319e+00 7.226531817422867654e+00 -1.144406485593325584e+00 -1.214528206875599592e+00
5.800000000000000000e+01 2.927969508318267522e+00 5.602247581230533235e+00 -1.082456358366430171e+00 -2.100171263552024215e+00
5.900000000000000000e+01 2.784966722038283216e+00 3.029574456163548035e+00 -8.818480322321967657e-01 -2.647783796446098847e+00
6.000000000000000000e+01 2.699811926571681120e+00 1.789721077602219435e+00 -8.484705479351771773e-01 -3.039539738282603043e+00
6.100000000000000000e+01 3.469432000642056924e+00 1.388375626644702487e+00 -8.828319690034948097e-01 -3.406979227488616147e+00
6.200000000000000000e+01 4.564996843388383851e+00 5.714993842482772868e-01 -9.622287208745483600e-01 -3.494006196023292432e+00
6.300000000000000000e+01 5.697024190861762705e+00 -7.825479675307360772e-01 -1.075398369494015682e+00 -3.321487028598528291e+00
6.400000000000000000e+01 6.722854779935039105e+00 -3.273741222556054264e+00 -1.231807616554238205e+00 -2.843063983580014664e+00
6.500000000000000000e+01 7.544602806007731921e+00 -6.250091818291511281e+00 -1.513409192126305092e+00 -2.314282235254351061e+00
6.600000000000000000e+01 6.643670984263374990e+00 -7.681975852425647844e+00 -1.706462616152820244e+00 -1.998525706087676879e+00
6.700000000000000000e+01 6.053115925007164222e+00 -7.897848580251365824e+00 -1.855836183016332130e+00 -2.191827050850726266e+00
6.800000000000000000e+01 4.991545637675240954e+00 -8.382481063702673652e+00 -1.883429962730643448e+00 -1.954759676175867211e+00
6.900000000000000000e+01 4.264776946542644609e+00 -8.537289878474922489e+00 -1.978393362221539942e+00 -1.651920640752262859e+00
7.000000000000000000e+01 4.295131110072388125e+00 -8.739948769861374700e+00 -2.094078920153495282e+00 -1.646416524170269957e+00
7.100000000000000000e+01 4.640769745654286460e+00 -7.681111808126864560e+00 -2.063543240168027815e+00 -1.760099480017632168e+00
7.200000000000000000e+01 5.200989178137810143e+00 -7.613830833258560915e+00 -2.125517852295989663e+00 -1.451384471003447363e+00
7.300000000000000000e+01 5.735121151317150279e+00 -7.036795148602307926e+00 -2.064135046216402092e+00 -1.486459115369750172e+00
7.400000000000000000e+01 5.921158188070943851e+00 -6.237553638683071888e+00 -1.960970076207782631e+00 -7.003322894845397384e-01
7.500000000000000000e+01 6.598252503756719456e+00 -5.449042106143144437e+00 -1.816716274890385785e+00 -9.198138244532374497e-01
7.600000000000000000e+01 7.495924199064716298e+00 -3.062576230469472804e+00 -1.610784351760934818e+00 -6.929242086286219182e-01
7.700000000000000000e+01 6.636394668800482677e+00 -1.885334019204191192e+00 -1.394464366014547263e+00 -9.896471024680796036e-02
7.800000000000000000e+01 5.026275538474556548e+00 -7.165151523275825607e-01 -1.184105592140168195e+00 9.524925127099980182e-01
7.900000000000000000e+01 3.560402857042336944e+00 1.302097049339620671e+00 -1.023386287956500329e+00 1.338323098976484715e+00
8.000000000000000000e+01 1.989932612794436562e+00 4.653633575125976307e+00 -9.588208615602650253e-01 1.166160733655181803e+00
8.100000000000000000e+01 1.633443487457974241e-01 5.771760650431533968e+00 -1.007691885572711055e+00 8.606087515559680545e-01
8.200000000000000000e+01 -1.549255546677428486e+00 4.654337728435551824e+00 -9.546180844031718626e-01 1.827991924204124485e+00
8.300000000000000000e+01 -2.530973177750382774e+00 3.111435944052186375e+00 -8.456167062326308548e-01 2.027086960374553826e+00
8.400000000000000000e+01 -2.208351081489781542e+00 1.522298559026340481e+00 -7.745978864576842371e-01 3.082403044268943848e+00
8.500000000000000000e+01 -2.370457794073194790e+00 9.210010218411966987e-01 -7.668526981619728788e-01 3.244366834163006086e+00
8.600000000000000000e+01 -3.415011694100824613e+00 8.270798333413864611e-01 -8.660557579764851521e-01 4.203334556874066763e+00
8.700000000000000000e+01 -5.836526342683773905e+00 -7.490996887449051789e-01 -1.085334168564107360e+00 3.383938541165453895e+00
8.800000000000000000e+01 -6.676623042339197234e+00 -2.614174189775112289e+00 -1.244513206833848917e+00 2.961355105754179373e+00
8.900000000000000000e+01 -7.201083948551142200e+00 -4.998717470856512080e+00 -1.437240964820973632e+00 2.636879484332801837e+00
9.000000000000000000e+01 -6.296712464726970993e+00 -6.637964846406182673e+00 -1.625088380385867559e+00 2.052702849624600479e+00
9.100000000000000000e+01 -5.905848530809922003e+00 -7.694519466507054872e+00 -1.797515118783642674e+00 1.791959542592562071e+00
9.200000000000000000e+01 -5.306935724454411307e+00 -8.419438930229818041e+00 -1.934148455285873647e+00 1.550346092655667363e+00
9.300000000000000000e+01 -4.888912819263924625e+00 -8.916981416216460232e+00 -2.038655878476409278e+00 1.104710247145340940e+00
9.400000000000000000e+01 -5.122182167449523149e+00 -7.939692023999040948e+00 -2.101603008463517330e+00 1.470351594672296702e+00
9.500000000000000000e+01 -5.233853224550428784e+00 -8.356334136209625285e+00 -2.187682328626065598e+00 9.526968115185825425e-01
9.600000000000000000e+01 -5.372572800685564864e+00 -8.204397524943619402e+00 -2.170525200093684770e+00 4.627131288634471207e-01
9.700000000000000000e+01 -5.710528093214393586e+00 -8.032819604529334967e+00 -2.144407563472497280e+00 -7.472030823585548709e-02
9.800000000000000000e+01 -6.079221630246555819e+00 -7.426926202932236265e+00 -2.078071018020833272e+00 -6.416487374091505158e-01
9.900000000000000000e+01 -6.210000455716315315e+00 -6.305344403925245089e+00 -1.912084893614248049e+00 -9.662803702827830188e-01
1.000000000000000000e+02 -5.790146681458320010e+00 -4.557576553986886658e+00 -1.662932821780605419e+00 -1.314318757668756055e+00
1.010000000000000000e+02 -4.522583271524512227e+00 -1.960814486186387651e+00 -1.512714714209347333e+00 -2.010486268783664876e+00
1.020000000000000000e+02 -4.109249703680713850e+00 9.760926613145662900e-01 -1.350973615283170171e+00 -9.704447641089531951e-01
1.030000000000000000e+02 -1.998166041810968352e+00 3.612872221454247246e+00 -1.292402175817731536e+00 -1.105228198421152497e+00
1.040000000000000000e+02 5.726369427959145109e-02 7.296564547509627019e+00 -1.427892944324664626e+00 4.475170805742239577e-01
1.050000000000000000e+02 2.483502120713958927e+00 7.502293177260576762e+00 -1.361398528775440431e+00 -3.230296558259676543e-01
1.060000000000000000e+02 3.756393825619160687e+00 5.797570056420044970e+00 -1.138398742415882126e+00 -1.363158905318698544e+00
1.070000000000000000e+02 3.525161568982272620e+00 3.224313408418173932e+00 -8.289728433185390433e-01 -2.125864185282334340e+00
1.080000000000000000e+02 2.884394416583235810e+00 1.520087678616844684e+00 -6.592458995572475500e-01 -2.670982585499909412e+00
1.090000000000000000e+02 4.109175916719202348e+00 7.419193508783650248e-01 -6.973726028400519805e-01 -2.611063335311442302e+00
1.100000000000000000e+02 4.412084314982867461e+00 6.043017690751004839e-02 -7.095625136326891846e-01 -3.056340109995264953e+00
1.110000000000000000e+02 6.171780277165270334e+00 -2.188704827661599239e+00 -9.906340883502864347e-01 -2.421929723247118194e+00
1.120000000000000000e+02 7.184310042841185684e+00 -4.755200793908873180e+00 -1.207464376914281434e+00 -1.773216569158205136e+00
1.130000000000000000e+02 8.158106628716021547e+00 -9.285565253464111990e+00 -1.713598768943742634e+00 -1.226815721758904187e+00
1.140000000000000000e+02 6.848995043753149936e+00 -1.150613958349738475e+01 -1.976189480867741155e+00 -8.150537546011212831e-01
1.150000000000000000e+02 4.834002211987940889e+00 -1.075802675539344833e+01 -1.902690677034708289e+00 -1.020638020865483941e+00
1.160000000000000000e+02 3.573048416192402321e+00 -1.147889322171945459e+01 -2.029426263786765272e+00 -6.046637712380023011e-01
1.170000000000000000e+02 2.196249211035468996e+00 -1.103788269359218610e+01 -2.070556725967473088e+00 -4.869419590520971952e-01
1.180000000000000000e+02 2.008232212822915308e+00 -1.066681296426298076e+01 -2.116806256073778592e+00 -1.088042856429719318e+00
1.190000000000000000e+02 1.203306608886987261e+00 -1.033068446343642321e+01 -2.164598448210972581e+00 -7.452591940891947209e-01
1.200000000000000000e+02 9.656356398310859124e-01 -1.025454920250654567e+01 -2.213813837053206779e+00 -7.351806610157175514e-01
1.210000000000000000e+02 8.569395017850793828e-01 -1.001449854554574870e+01 -2.186606659605075276e+00 -7.751141385605446743e-01
1.220000000000000000e+02 5.592729979202172297e-01 -1.014491103872522082e+01 -2.251822790966215848e+00 -4.909757759394902665e-01
1.230000000000000000e+02 3.417623907534151906e-01 -1.008497306478837885e+01 -2.271283541411891260e+00 -2.911514752073641188e-01
1.240000000000000000e+02 3.941606793648168017e-01 -1.003331240038879280e+01 -2.238250997610194748e+00 -3.736839205486101601e-01
1.250000000000000000e+02 -2.327945534969647623e-01 -9.814744898587635547e+00 -2.263543677410345456e+00 2.556511951412301920e-01
1.260000000000000000e+02 -1.117979905751815689e-01 -9.935212045842993334e+00 -2.251679442854787716e+00 1.460770844223231169e-01
1.270000000000000000e+02 -7.561456611651408422e-02 -9.760184267032329331e+00 -2.201544436625457291e+00 1.600237557091076790e-01
1.280000000000000000e+02 -3.608052749784482760e-01 -9.356989130977662938e+00 -2.215547914808223329e+00 4.253044036205542722e-01
1.290000000000000000e+02 -4.469232550386795788e-01 -8.795061168899190207e+00 -2.160680415600428006e+00 4.539262777788292125e-01
1.300000000000000000e+02 -3.721367272484710775e-01 -8.989102741960932619e+00 -2.143632137778453295e+00 3.972006061633724383e-01
1.310000000000000000e+02 -3.841445894285397400e-01 -8.751273643858089812e+00 -2.070552418904363368e+00 4.705966479194138574e-01
1.320000000000000000e+02 -4.041211424531530594e-01 -8.311255203943664682e+00 -2.006294425478166499e+00 4.781580517668910790e-01
1.330000000000000000e+02 -3.482919956744872647e-01 -7.523979945632065736e+00 -1.925169312757442519e+00 3.558621752927794146e-01
1.340000000000000000e+02 -2.332710789217966874e-01 -6.844141117282314113e+00 -1.788825739073681476e+00 2.706736235399906376e-01
1.350000000000000000e+02 -2.316634870236185251e-01 -6.077435963850951417e+00 -1.672656393856574608e+00 3.060403610178293321e-01
1.360000000000000000e+02 -3.031633798552490489e-01 -5.255929858699112778e+00 -1.454359158526447038e+00 3.779782238532064520e-01
1.370000000000000000e+02 -2.142375545429303918e-01 -4.749402724704800072e+00 -1.309567638723676763e+00 2.584205720647791971e-01
1.380000000000000000e+02 -1.473185531357886768e-01 -3.907495499521406845e+00 -1.094587354669326107e+00 1.877088465977782006e-01
1.390000000000000000e+02 1.496476821271544022e-01 -2.851573332858179821e+00 -9.735159273707475469e-01 -1.788928438390219311e-01
1.400000000000000000e+02 6.671541070089609393e-02 -2.197847088476894584e+00 -8.044480559783414586e-01 -6.969134559309064780e-02
1.410000000000000000e+02 1.074992180487780308e-01 -2.000522697180338927e+00 -6.055199110997115941e-01 -1.574201131314703350e-01
1.420000000000000000e+02 2.278305916691122646e-01 -1.316334387708120168e+00 -5.347700887981129414e-01 -3.224138761936305442e-01
1.430000000000000000e+02 2.423942568094621386e-01 -9.235205871140206302e-01 -4.236880491450465969e-01 -2.985107378890624052e-01
1.440000000000000000e+02 -1.244641748077371379e-01 -6.952463534261010825e-01 -3.336058860825222294e-01 1.253945074746807276e-01
1.450000000000000000e+02 -2.202716493749151683e-01 -5.171020738978432396e-01 -2.390839531336041990e-01 2.312136873898148481e-01
1.460000000000000000e+02 4.605984607804441966e-02 -2.555857138343700652e-01 -1.950931288948657694e-01 -2.176694811742410293e-02
1.470000000000000000e+02 7.698460483403096744e-02 -1.556106772606941080e-01 -1.363035766242306768e-01 -8.655670944544460732e-02
1.480000000000000000e+02 -1.176063494847579341e-02 -9.919093623125622983e-02 -8.280980139459515055e-02 5.604538255324286074e-03
1.490000000000000000e+02 3.070568725272645669e-02 -3.417790436014391670e-02 -4.006984076033905801e-02 -3.396403848207306397e-02
1.500000000000000000e+02 -0.000000000000000000e+00 -0.000000000000000000e+00 -0.000000000000000000e+00 -0.000000000000000000e+00
0.000000000000000000e+00 -7.071776332050231595e+00 -3.230698643682336613e+00 -1.764063808499248376e+00 1.910228847674989128e+00
1.000000000000000000e+00 -7.149182759471389481e+00 -2.054036459217152277e+00 -1.586659728844822315e+00 1.411388108851316492e+00
2.000000000000000000e+00 -7.175240093664388752e+00 -3.509512527100157597e-01 -1.377895935371965752e+00 8.793660144018469182e-01
3.000000000000000000e+00 -6.848313957621201098e+00 1.725773372347225942e+00 -1.166845553063705854e+00 3.692219771398648764e-01
4.000000000000000000e+00 -5.326710365919191226e+00 3.155088359946043752e+00 -9.689597531587383905e-01 -3.121186789207323620e-01
5.000000000000000000e+00 -3.516419313625617882e+00 4.225707403184262745e+00 -7.858218512612874518e-01 -9.464078355929328445e-01
6.000000000000000000e+00 -1.553814442891545022e+00 5.138261128216384144e+00 -7.111207467457307807e-01 -1.375856278195521254e+00
7.000000000000000000e+00 2.695703815648415880e-01 4.144768748228114141e+00 -6.581269788081415273e-01 -1.931914131541144553e+00
8.000000000000000000e+00 1.355003703591397546e+00 2.955090358054375255e+00 -6.707569957459059706e-01 -2.367880830322701247e+00
9.000000000000000000e+00 2.606807508078767377e+00 2.624580641068823716e+00 -7.331330132839147806e-01 -2.425360746242896326e+00
1.000000000000000000e+01 3.080669122388697279e+00 1.886252490762621470e+00 -8.510710914813387484e-01 -2.731238580814785433e+00
1.100000000000000000e+01 4.899736736173914586e+00 1.432088867794340858e+00 -1.003014884192700462e+00 -3.271949893228834672e+00
1.200000000000000000e+01 5.992406738465169802e+00 4.350170768044903102e-01 -1.145438261009713576e+00 -3.324073685825386981e+00
1.300000000000000000e+01 7.652114080169000410e+00 -1.655404973404944746e+00 -1.329861776329036571e+00 -3.105853555048303072e+00
1.400000000000000000e+01 8.463413696137893183e+00 -3.963925706992465603e+00 -1.608807719775598111e+00 -2.930560937701138791e+00
1.500000000000000000e+01 8.908109842512063281e+00 -7.603168824205012832e+00 -1.918349638707236071e+00 -2.493400133578875799e+00
1.600000000000000000e+01 7.339518309683558783e+00 -9.584556907752935118e+00 -2.026382633771393049e+00 -2.275001673244952283e+00
1.700000000000000000e+01 5.637404267561762161e+00 -9.518324396340769766e+00 -2.044582765218203146e+00 -2.282201537868516539e+00
1.800000000000000000e+01 4.636153957222621358e+00 -9.002810422786401645e+00 -2.065586127695461016e+00 -2.321032176325156460e+00
1.900000000000000000e+01 4.086785560586701394e+00 -8.849178411159082103e+00 -2.105468404359841728e+00 -2.238224350269714336e+00
2.000000000000000000e+01 3.694968558158790994e+00 -8.649308849741101923e+00 -2.115531372664347209e+00 -2.162989072293165727e+00
2.100000000000000000e+01 4.729680289800510806e+00 -7.777740442947536970e+00 -2.156512730515564247e+00 -2.424697724463090953e+00
2.200000000000000000e+01 5.212829243328957141e+00 -7.483080108011591847e+00 -2.170441893891823959e+00 -2.429483433372765067e+00
2.300000000000000000e+01 5.696345452910432705e+00 -7.231129928446652144e+00 -2.163344183813022514e+00 -2.370040257783753379e+00
2.400000000000000000e+01 6.114416365615844562e+00 -6.935051557676321643e+00 -2.130507481816426463e+00 -2.224721183339009922e+00
2.500000000000000000e+01 6.505151348724214522e+00 -6.469988217016658716e+00 -2.067265811642529982e+00 -1.999676223009378084e+00
2.600000000000000000e+01 6.665036422182505582e+00 -5.899721703168234299e+00 -1.957876631381856081e+00 -1.670980412614695654e+00
2.700000000000000000e+01 7.229488243506074774e+00 -4.650434726962385135e+00 -1.801212311738649374e+00 -1.367793015532159151e+00
2.800000000000000000e+01 8.248258029769665711e+00 -2.413447222067309550e+00 -1.611667745838421428e+00 -1.132790836710190430e+00
2.900000000000000000e+01 6.951104940529011067e+00 -9.656770614828347199e-01 -1.411093733529674932e+00 -3.084317410497528500e-01
3.000000000000000000e+01 5.633077671042816092e+00 6.324070153952281170e-02 -1.137037966414610857e+00 2.433375417348705716e-01
3.100000000000000000e+01 4.382073408801289816e+00 2.113067608025213762e+00 -9.481990424445182475e-01 8.152060283866499057e-01
3.200000000000000000e+01 2.456866114237950871e+00 3.662640111409477761e+00 -8.904489191376265822e-01 1.389691590040143865e+00
3.300000000000000000e+01 7.950323212521126504e-01 5.290142457506424201e+00 -8.964046237741354339e-01 1.718816773077777027e+00
3.400000000000000000e+01 -1.236232618866615507e+00 4.461802410465689483e+00 -8.901636270562843789e-01 2.233781386859151397e+00
3.500000000000000000e+01 -2.076073468373970332e+00 2.787297909564085074e+00 -8.811583853717234183e-01 2.774645683966843634e+00
3.600000000000000000e+01 -2.147489224243596340e+00 1.622374454182092141e+00 -9.068030373785349596e-01 3.230650128420589073e+00
3.700000000000000000e+01 -1.578520495816145841e+00 1.061388304716602171e+00 -9.325459121293340203e-01 3.899390820803343871e+00
3.800000000000000000e+01 -2.817516113345559070e+00 9.894978650902779282e-01 -1.002781712384289481e+00 4.228151519056952523e+00
3.900000000000000000e+01 -4.234161169394734081e+00 2.613346882554600237e-01 -1.102097514006764145e+00 3.934946627997752078e+00
4.000000000000000000e+01 -5.208500113309359136e+00 -1.051393970881148832e+00 -1.241124317119246978e+00 3.784899180085935289e+00
4.100000000000000000e+01 -6.452227048775465157e+00 -2.864217370667524687e+00 -1.489029443535894393e+00 3.261149050871989363e+00
4.200000000000000000e+01 -7.308653744372175076e+00 -5.569473337726107864e+00 -1.730095763216473737e+00 3.087066024653580154e+00
4.300000000000000000e+01 -6.581304852734386479e+00 -7.173337278682816454e+00 -1.892477962268798608e+00 2.771585370899941392e+00
4.400000000000000000e+01 -6.301776817232354055e+00 -8.077205255136469475e+00 -2.027851639637195724e+00 2.641896875534684774e+00
4.500000000000000000e+01 -5.011765595562701847e+00 -7.421754752980289638e+00 -1.979028824106593198e+00 2.390906064517086982e+00
4.600000000000000000e+01 -5.530283986382404926e+00 -6.940733731054360867e+00 -2.022162058091164116e+00 2.528452470800810037e+00
4.700000000000000000e+01 -5.688596015207206591e+00 -6.095784902412437312e+00 -2.008783456599404715e+00 2.319410000654129611e+00
4.800000000000000000e+01 -5.943864617743819245e+00 -6.355328749074632633e+00 -2.033410302917864509e+00 2.032548073204160755e+00
4.900000000000000000e+01 -6.613902241574525220e+00 -6.253846456624208905e+00 -1.983570687107345520e+00 1.860054245838113962e+00
5.000000000000000000e+01 -6.558783909867164752e+00 -5.262772861520532253e+00 -1.881234432837864512e+00 1.353423223779568252e+00
5.100000000000000000e+01 -6.890388507072583657e+00 -4.437392714374718494e+00 -1.737832751310813606e+00 1.003110886837305982e+00
5.200000000000000000e+01 -6.464766119168873004e+00 -2.993970947829282192e+00 -1.501399014760724571e+00 3.635991302093702360e-01
5.300000000000000000e+01 -6.164100022948610480e+00 -6.033103418775309645e-01 -1.262149165241710724e+00 1.655248461788350889e-01
5.400000000000000000e+01 -5.021342656360017642e+00 2.019828828249504493e+00 -1.087282496360000517e+00 -3.724603655029464222e-01
5.500000000000000000e+01 -3.275399403680555821e+00 3.935455122622809832e+00 -9.634615025905177710e-01 -3.998793957412358213e-01
5.600000000000000000e+01 -1.051029152760384999e+00 5.921126721561150497e+00 -1.000953811680723726e+00 -4.772768368377950376e-01
5.700000000000000000e+01 1.545902422720021319e+00 7.226531817422867654e+00 -1.144406485593325584e+00 -1.214528206875599592e+00
5.800000000000000000e+01 2.927969508318267522e+00 5.602247581230533235e+00 -1.082456358366430171e+00 -2.100171263552024215e+00
5.900000000000000000e+01 2.784966722038283216e+00 3.029574456163548035e+00 -8.818480322321967657e-01 -2.647783796446098847e+00
6.000000000000000000e+01 2.699811926571681120e+00 1.789721077602219435e+00 -8.484705479351771773e-01 -3.039539738282603043e+00
6.100000000000000000e+01 3.469432000642056924e+00 1.388375626644702487e+00 -8.828319690034948097e-01 -3.406979227488616147e+00
6.200000000000000000e+01 4.564996843388383851e+00 5.714993842482772868e-01 -9.622287208745483600e-01 -3.494006196023292432e+00
6.300000000000000000e+01 5.697024190861762705e+00 -7.825479675307360772e-01 -1.075398369494015682e+00 -3.321487028598528291e+00
6.400000000000000000e+01 6.722854779935039105e+00 -3.273741222556054264e+00 -1.231807616554238205e+00 -2.843063983580014664e+00
6.500000000000000000e+01 7.544602806007731921e+00 -6.250091818291511281e+00 -1.513409192126305092e+00 -2.314282235254351061e+00
6.600000000000000000e+01 6.643670984263374990e+00 -7.681975852425647844e+00 -1.706462616152820244e+00 -1.998525706087676879e+00
6.700000000000000000e+01 6.053115925007164222e+00 -7.897848580251365824e+00 -1.855836183016332130e+00 -2.191827050850726266e+00
6.800000000000000000e+01 4.991545637675240954e+00 -8.382481063702673652e+00 -1.883429962730643448e+00 -1.954759676175867211e+00
6.900000000000000000e+01 4.264776946542644609e+00 -8.537289878474922489e+00 -1.978393362221539942e+00 -1.651920640752262859e+00
7.000000000000000000e+01 4.295131110072388125e+00 -8.739948769861374700e+00 -2.094078920153495282e+00 -1.646416524170269957e+00
7.100000000000000000e+01 4.640769745654286460e+00 -7.681111808126864560e+00 -2.063543240168027815e+00 -1.760099480017632168e+00
7.200000000000000000e+01 5.200989178137810143e+00 -7.613830833258560915e+00 -2.125517852295989663e+00 -1.451384471003447363e+00
7.300000000000000000e+01 5.735121151317150279e+00 -7.036795148602307926e+00 -2.064135046216402092e+00 -1.486459115369750172e+00
7.400000000000000000e+01 5.921158188070943851e+00 -6.237553638683071888e+00 -1.960970076207782631e+00 -7.003322894845397384e-01
7.500000000000000000e+01 6.598252503756719456e+00 -5.449042106143144437e+00 -1.816716274890385785e+00 -9.198138244532374497e-01
7.600000000000000000e+01 7.495924199064716298e+00 -3.062576230469472804e+00 -1.610784351760934818e+00 -6.929242086286219182e-01
7.700000000000000000e+01 6.636394668800482677e+00 -1.885334019204191192e+00 -1.394464366014547263e+00 -9.896471024680796036e-02
7.800000000000000000e+01 5.026275538474556548e+00 -7.165151523275825607e-01 -1.184105592140168195e+00 9.524925127099980182e-01
7.900000000000000000e+01 3.560402857042336944e+00 1.302097049339620671e+00 -1.023386287956500329e+00 1.338323098976484715e+00
8.000000000000000000e+01 1.989932612794436562e+00 4.653633575125976307e+00 -9.588208615602650253e-01 1.166160733655181803e+00
8.100000000000000000e+01 1.633443487457974241e-01 5.771760650431533968e+00 -1.007691885572711055e+00 8.606087515559680545e-01
8.200000000000000000e+01 -1.549255546677428486e+00 4.654337728435551824e+00 -9.546180844031718626e-01 1.827991924204124485e+00
8.300000000000000000e+01 -2.530973177750382774e+00 3.111435944052186375e+00 -8.456167062326308548e-01 2.027086960374553826e+00
8.400000000000000000e+01 -2.208351081489781542e+00 1.522298559026340481e+00 -7.745978864576842371e-01 3.082403044268943848e+00
8.500000000000000000e+01 -2.370457794073194790e+00 9.210010218411966987e-01 -7.668526981619728788e-01 3.244366834163006086e+00
8.600000000000000000e+01 -3.415011694100824613e+00 8.270798333413864611e-01 -8.660557579764851521e-01 4.203334556874066763e+00
8.700000000000000000e+01 -5.836526342683773905e+00 -7.490996887449051789e-01 -1.085334168564107360e+00 3.383938541165453895e+00
8.800000000000000000e+01 -6.676623042339197234e+00 -2.614174189775112289e+00 -1.244513206833848917e+00 2.961355105754179373e+00
8.900000000000000000e+01 -7.201083948551142200e+00 -4.998717470856512080e+00 -1.437240964820973632e+00 2.636879484332801837e+00
9.000000000000000000e+01 -6.296712464726970993e+00 -6.637964846406182673e+00 -1.625088380385867559e+00 2.052702849624600479e+00
9.100000000000000000e+01 -5.905848530809922003e+00 -7.694519466507054872e+00 -1.797515118783642674e+00 1.791959542592562071e+00
9.200000000000000000e+01 -5.306935724454411307e+00 -8.419438930229818041e+00 -1.934148455285873647e+00 1.550346092655667363e+00
9.300000000000000000e+01 -4.888912819263924625e+00 -8.916981416216460232e+00 -2.038655878476409278e+00 1.104710247145340940e+00
9.400000000000000000e+01 -5.122182167449523149e+00 -7.939692023999040948e+00 -2.101603008463517330e+00 1.470351594672296702e+00
9.500000000000000000e+01 -5.233853224550428784e+00 -8.356334136209625285e+00 -2.187682328626065598e+00 9.526968115185825425e-01
9.600000000000000000e+01 -5.372572800685564864e+00 -8.204397524943619402e+00 -2.170525200093684770e+00 4.627131288634471207e-01
9.700000000000000000e+01 -5.710528093214393586e+00 -8.032819604529334967e+00 -2.144407563472497280e+00 -7.472030823585548709e-02
9.800000000000000000e+01 -6.079221630246555819e+00 -7.426926202932236265e+00 -2.078071018020833272e+00 -6.416487374091505158e-01
9.900000000000000000e+01 -6.210000455716315315e+00 -6.305344403925245089e+00 -1.912084893614248049e+00 -9.662803702827830188e-01
1.000000000000000000e+02 -5.790146681458320010e+00 -4.557576553986886658e+00 -1.662932821780605419e+00 -1.314318757668756055e+00
1.010000000000000000e+02 -4.522583271524512227e+00 -1.960814486186387651e+00 -1.512714714209347333e+00 -2.010486268783664876e+00
1.020000000000000000e+02 -4.109249703680713850e+00 9.760926613145662900e-01 -1.350973615283170171e+00 -9.704447641089531951e-01
1.030000000000000000e+02 -1.998166041810968352e+00 3.612872221454247246e+00 -1.292402175817731536e+00 -1.105228198421152497e+00
1.040000000000000000e+02 5.726369427959145109e-02 7.296564547509627019e+00 -1.427892944324664626e+00 4.475170805742239577e-01
1.050000000000000000e+02 2.483502120713958927e+00 7.502293177260576762e+00 -1.361398528775440431e+00 -3.230296558259676543e-01
1.060000000000000000e+02 3.756393825619160687e+00 5.797570056420044970e+00 -1.138398742415882126e+00 -1.363158905318698544e+00
1.070000000000000000e+02 3.525161568982272620e+00 3.224313408418173932e+00 -8.289728433185390433e-01 -2.125864185282334340e+00
1.080000000000000000e+02 2.884394416583235810e+00 1.520087678616844684e+00 -6.592458995572475500e-01 -2.670982585499909412e+00
1.090000000000000000e+02 4.109175916719202348e+00 7.419193508783650248e-01 -6.973726028400519805e-01 -2.611063335311442302e+00
1.100000000000000000e+02 4.412084314982867461e+00 6.043017690751004839e-02 -7.095625136326891846e-01 -3.056340109995264953e+00
1.110000000000000000e+02 6.171780277165270334e+00 -2.188704827661599239e+00 -9.906340883502864347e-01 -2.421929723247118194e+00
1.120000000000000000e+02 7.184310042841185684e+00 -4.755200793908873180e+00 -1.207464376914281434e+00 -1.773216569158205136e+00
1.130000000000000000e+02 8.158106628716021547e+00 -9.285565253464111990e+00 -1.713598768943742634e+00 -1.226815721758904187e+00
1.140000000000000000e+02 6.848995043753149936e+00 -1.150613958349738475e+01 -1.976189480867741155e+00 -8.150537546011212831e-01
1.150000000000000000e+02 4.834002211987940889e+00 -1.075802675539344833e+01 -1.902690677034708289e+00 -1.020638020865483941e+00
1.160000000000000000e+02 3.573048416192402321e+00 -1.147889322171945459e+01 -2.029426263786765272e+00 -6.046637712380023011e-01
1.170000000000000000e+02 2.196249211035468996e+00 -1.103788269359218610e+01 -2.070556725967473088e+00 -4.869419590520971952e-01
1.180000000000000000e+02 2.008232212822915308e+00 -1.066681296426298076e+01 -2.116806256073778592e+00 -1.088042856429719318e+00
1.190000000000000000e+02 1.203306608886987261e+00 -1.033068446343642321e+01 -2.164598448210972581e+00 -7.452591940891947209e-01
1.200000000000000000e+02 9.656356398310859124e-01 -1.025454920250654567e+01 -2.213813837053206779e+00 -7.351806610157175514e-01
1.210000000000000000e+02 8.569395017850793828e-01 -1.001449854554574870e+01 -2.186606659605075276e+00 -7.751141385605446743e-01
1.220000000000000000e+02 5.592729979202172297e-01 -1.014491103872522082e+01 -2.251822790966215848e+00 -4.909757759394902665e-01
1.230000000000000000e+02 3.417623907534151906e-01 -1.008497306478837885e+01 -2.271283541411891260e+00 -2.911514752073641188e-01
1.240000000000000000e+02 3.941606793648168017e-01 -1.003331240038879280e+01 -2.238250997610194748e+00 -3.736839205486101601e-01
1.250000000000000000e+02 -2.327945534969647623e-01 -9.814744898587635547e+00 -2.263543677410345456e+00 2.556511951412301920e-01
1.260000000000000000e+02 -1.117979905751815689e-01 -9.935212045842993334e+00 -2.251679442854787716e+00 1.460770844223231169e-01
1.270000000000000000e+02 -7.561456611651408422e-02 -9.760184267032329331e+00 -2.201544436625457291e+00 1.600237557091076790e-01
1.280000000000000000e+02 -3.608052749784482760e-01 -9.356989130977662938e+00 -2.215547914808223329e+00 4.253044036205542722e-01
1.290000000000000000e+02 -4.469232550386795788e-01 -8.795061168899190207e+00 -2.160680415600428006e+00 4.539262777788292125e-01
1.300000000000000000e+02 -3.721367272484710775e-01 -8.989102741960932619e+00 -2.143632137778453295e+00 3.972006061633724383e-01
1.310000000000000000e+02 -3.841445894285397400e-01 -8.751273643858089812e+00 -2.070552418904363368e+00 4.705966479194138574e-01
1.320000000000000000e+02 -4.041211424531530594e-01 -8.311255203943664682e+00 -2.006294425478166499e+00 4.781580517668910790e-01
1.330000000000000000e+02 -3.482919956744872647e-01 -7.523979945632065736e+00 -1.925169312757442519e+00 3.558621752927794146e-01
1.340000000000000000e+02 -2.332710789217966874e-01 -6.844141117282314113e+00 -1.788825739073681476e+00 2.706736235399906376e-01
1.350000000000000000e+02 -2.316634870236185251e-01 -6.077435963850951417e+00 -1.672656393856574608e+00 3.060403610178293321e-01
1.360000000000000000e+02 -3.031633798552490489e-01 -5.255929858699112778e+00 -1.454359158526447038e+00 3.779782238532064520e-01
1.370000000000000000e+02 -2.142375545429303918e-01 -4.749402724704800072e+00 -1.309567638723676763e+00 2.584205720647791971e-01
1.380000000000000000e+02 -1.473185531357886768e-01 -3.907495499521406845e+00 -1.094587354669326107e+00 1.877088465977782006e-01
1.390000000000000000e+02 1.496476821271544022e-01 -2.851573332858179821e+00 -9.735159273707475469e-01 -1.788928438390219311e-01
1.400000000000000000e+02 6.671541070089609393e-02 -2.197847088476894584e+00 -8.044480559783414586e-01 -6.969134559309064780e-02
1.410000000000000000e+02 1.074992180487780308e-01 -2.000522697180338927e+00 -6.055199110997115941e-01 -1.574201131314703350e-01
1.420000000000000000e+02 2.278305916691122646e-01 -1.316334387708120168e+00 -5.347700887981129414e-01 -3.224138761936305442e-01
1.430000000000000000e+02 2.423942568094621386e-01 -9.235205871140206302e-01 -4.236880491450465969e-01 -2.985107378890624052e-01
1.440000000000000000e+02 -1.244641748077371379e-01 -6.952463534261010825e-01 -3.336058860825222294e-01 1.253945074746807276e-01
1.450000000000000000e+02 -2.202716493749151683e-01 -5.171020738978432396e-01 -2.390839531336041990e-01 2.312136873898148481e-01
1.460000000000000000e+02 4.605984607804441966e-02 -2.555857138343700652e-01 -1.950931288948657694e-01 -2.176694811742410293e-02
1.470000000000000000e+02 7.698460483403096744e-02 -1.556106772606941080e-01 -1.363035766242306768e-01 -8.655670944544460732e-02
1.480000000000000000e+02 -1.176063494847579341e-02 -9.919093623125622983e-02 -8.280980139459515055e-02 5.604538255324286074e-03
1.490000000000000000e+02 3.070568725272645669e-02 -3.417790436014391670e-02 -4.006984076033905801e-02 -3.396403848207306397e-02
1.500000000000000000e+02 -0.000000000000000000e+00 -0.000000000000000000e+00 -0.000000000000000000e+00 -0.000000000000000000e+00
0.000000000000000000e+00 -7.071776332050231595e+00 -3.230698643682336613e+00 -1.764063808499248376e+00 1.910228847674989128e+00
1.000000000000000000e+00 -7.149182759471389481e+00 -2.054036459217152277e+00 -1.586659728844822315e+00 1.411388108851316492e+00
2.000000000000000000e+00 -7.175240093664388752e+00 -3.509512527100157597e-01 -1.377895935371965752e+00 8.793660144018469182e-01
3.000000000000000000e+00 -6.848313957621201098e+00 1.725773372347225942e+00 -1.166845553063705854e+00 3.692219771398648764e-01
4.000000000000000000e+00 -5.326710365919191226e+00 3.155088359946043752e+00 -9.689597531587383905e-01 -3.121186789207323620e-01
5.000000000000000000e+00 -3.516419313625617882e+00 4.225707403184262745e+00 -7.858218512612874518e-01 -9.464078355929328445e-01
6.000000000000000000e+00 -1.553814442891545022e+00 5.138261128216384144e+00 -7.111207467457307807e-01 -1.375856278195521254e+00
7.000000000000000000e+00 2.695703815648415880e-01 4.144768748228114141e+00 -6.581269788081415273e-01 -1.931914131541144553e+00
8.000000000000000000e+00 1.355003703591397546e+00 2.955090358054375255e+00 -6.707569957459059706e-01 -2.367880830322701247e+00
9.000000000000000000e+00 2.606807508078767377e+00 2.624580641068823716e+00 -7.331330132839147806e-01 -2.425360746242896326e+00
1.000000000000000000e+01 3.080669122388697279e+00 1.886252490762621470e+00 -8.510710914813387484e-01 -2.731238580814785433e+00
1.100000000000000000e+01 4.899736736173914586e+00 1.432088867794340858e+00 -1.003014884192700462e+00 -3.271949893228834672e+00
1.200000000000000000e+01 5.992406738465169802e+00 4.350170768044903102e-01 -1.145438261009713576e+00 -3.324073685825386981e+00
1.300000000000000000e+01 7.652114080169000410e+00 -1.655404973404944746e+00 -1.329861776329036571e+00 -3.105853555048303072e+00
1.400000000000000000e+01 8.463413696137893183e+00 -3.963925706992465603e+00 -1.608807719775598111e+00 -2.930560937701138791e+00
1.500000000000000000e+01 8.908109842512063281e+00 -7.603168824205012832e+00 -1.918349638707236071e+00 -2.493400133578875799e+00
1.600000000000000000e+01 7.339518309683558783e+00 -9.584556907752935118e+00 -2.026382633771393049e+00 -2.275001673244952283e+00
1.700000000000000000e+01 5.637404267561762161e+00 -9.518324396340769766e+00 -2.044582765218203146e+00 -2.282201537868516539e+00
1.800000000000000000e+01 4.636153957222621358e+00 -9.002810422786401645e+00 -2.065586127695461016e+00 -2.321032176325156460e+00
1.900000000000000000e+01 4.086785560586701394e+00 -8.849178411159082103e+00 -2.105468404359841728e+00 -2.238224350269714336e+00
2.000000000000000000e+01 3.694968558158790994e+00 -8.649308849741101923e+00 -2.115531372664347209e+00 -2.162989072293165727e+00
2.100000000000000000e+01 4.729680289800510806e+00 -7.777740442947536970e+00 -2.156512730515564247e+00 -2.424697724463090953e+00
2.200000000000000000e+01 5.212829243328957141e+00 -7.483080108011591847e+00 -2.170441893891823959e+00 -2.429483433372765067e+00
2.300000000000000000e+01 5.696345452910432705e+00 -7.231129928446652144e+00 -2.163344183813022514e+00 -2.370040257783753379e+00
2.400000000000000000e+01 6.114416365615844562e+00 -6.935051557676321643e+00 -2.130507481816426463e+00 -2.224721183339009922e+00
2.500000000000000000e+01 6.505151348724214522e+00 -6.469988217016658716e+00 -2.067265811642529982e+00 -1.999676223009378084e+00
2.600000000000000000e+01 6.665036422182505582e+00 -5.899721703168234299e+00 -1.957876631381856081e+00 -1.670980412614695654e+00
2.700000000000000000e+01 7.229488243506074774e+00 -4.650434726962385135e+00 -1.801212311738649374e+00 -1.367793015532159151e+00
2.800000000000000000e+01 8.248258029769665711e+00 -2.413447222067309550e+00 -1.611667745838421428e+00 -1.132790836710190430e+00
2.900000000000000000e+01 6.951104940529011067e+00 -9.656770614828347199e-01 -1.411093733529674932e+00 -3.084317410497528500e-01
3.000000000000000000e+01 5.633077671042816092e+00 6.324070153952281170e-02 -1.137037966414610857e+00 2.433375417348705716e-01
3.100000000000000000e+01 4.382073408801289816e+00 2.113067608025213762e+00 -9.481990424445182475e-01 8.152060283866499057e-01
3.200000000000000000e+01 2.456866114237950871e+00 3.662640111409477761e+00 -8.904489191376265822e-01 1.389691590040143865e+00
3.300000000000000000e+01 7.950323212521126504e-01 5.290142457506424201e+00 -8.964046237741354339e-01 1.718816773077777027e+00
3.400000000000000000e+01 -1.236232618866615507e+00 4.461802410465689483e+00 -8.901636270562843789e-01 2.233781386859151397e+00
3.500000000000000000e+01 -2.076073468373970332e+00 2.787297909564085074e+00 -8.811583853717234183e-01 2.774645683966843634e+00
3.600000000000000000e+01 -2.147489224243596340e+00 1.622374454182092141e+00 -9.068030373785349596e-01 3.230650128420589073e+00
3.700000000000000000e+01 -1.578520495816145841e+00 1.061388304716602171e+00 -9.325459121293340203e-01 3.899390820803343871e+00
3.800000000000000000e+01 -2.817516113345559070e+00 9.894978650902779282e-01 -1.002781712384289481e+00 4.228151519056952523e+00
3.900000000000000000e+01 -4.234161169394734081e+00 2.613346882554600237e-01 -1.102097514006764145e+00 3.934946627997752078e+00
4.000000000000000000e+01 -5.208500113309359136e+00 -1.051393970881148832e+00 -1.241124317119246978e+00 3.784899180085935289e+00
4.100000000000000000e+01 -6.452227048775465157e+00 -2.864217370667524687e+00 -1.489029443535894393e+00 3.261149050871989363e+00
4.200000000000000000e+01 -7.308653744372175076e+00 -5.569473337726107864e+00 -1.730095763216473737e+00 3.087066024653580154e+00
4.300000000000000000e+01 -6.581304852734386479e+00 -7.173337278682816454e+00 -1.892477962268798608e+00 2.771585370899941392e+00
4.400000000000000000e+01 -6.301776817232354055e+00 -8.077205255136469475e+00 -2.027851639637195724e+00 2.641896875534684774e+00
4.500000000000000000e+01 -5.011765595562701847e+00 -7.421754752980289638e+00 -1.979028824106593198e+00 2.390906064517086982e+00
4.600000000000000000e+01 -5.530283986382404926e+00 -6.940733731054360867e+00 -2.022162058091164116e+00 2.528452470800810037e+00
4.700000000000000000e+01 -5.688596015207206591e+00 -6.095784902412437312e+00 -2.008783456599404715e+00 2.319410000654129611e+00
4.800000000000000000e+01 -5.943864617743819245e+00 -6.355328749074632633e+00 -2.033410302917864509e+00 2.032548073204160755e+00
4.900000000000000000e+01 -6.613902241574525220e+00 -6.253846456624208905e+00 -1.983570687107345520e+00 1.860054245838113962e+00
5.000000000000000000e+01 -6.558783909867164752e+00 -5.262772861520532253e+00 -1.881234432837864512e+00 1.353423223779568252e+00
5.100000000000000000e+01 -6.890388507072583657e+00 -4.437392714374718494e+00 -1.737832751310813606e+00 1.003110886837305982e+00
5.200000000000000000e+01 -6.464766119168873004e+00 -2.993970947829282192e+00 -1.501399014760724571e+00 3.635991302093702360e-01
5.300000000000000000e+01 -6.164100022948610480e+00 -6.033103418775309645e-01 -1.262149165241710724e+00 1.655248461788350889e-01
5.400000000000000000e+01 -5.021342656360017642e+00 2.019828828249504493e+00 -1.087282496360000517e+00 -3.724603655029464222e-01
5.500000000000000000e+01 -3.275399403680555821e+00 3.935455122622809832e+00 -9.634615025905177710e-01 -3.998793957412358213e-01
5.600000000000000000e+01 -1.051029152760384999e+00 5.921126721561150497e+00 -1.000953811680723726e+00 -4.772768368377950376e-01
5.700000000000000000e+01 1.545902422720021319e+00 7.226531817422867654e+00 -1.144406485593325584e+00 -1.214528206875599592e+00
5.800000000000000000e+01 2.927969508318267522e+00 5.602247581230533235e+00 -1.082456358366430171e+00 -2.100171263552024215e+00
5.900000000000000000e+01 2.784966722038283216e+00 3.029574456163548035e+00 -8.818480322321967657e-01 -2.647783796446098847e+00
6.000000000000000000e+01 2.699811926571681120e+00 1.789721077602219435e+00 -8.484705479351771773e-01 -3.039539738282603043e+00
6.100000000000000000e+01 3.469432000642056924e+00 1.388375626644702487e+00 -8.828319690034948097e-01 -3.406979227488616147e+00
6.200000000000000000e+01 4.564996843388383851e+00 5.714993842482772868e-01 -9.622287208745483600e-01 -3.494006196023292432e+00
6.300000000000000000e+01 5.697024190861762705e+00 -7.825479675307360772e-01 -1.075398369494015682e+00 -3.321487028598528291e+00
6.400000000000000000e+01 6.722854779935039105e+00 -3.273741222556054264e+00 -1.231807616554238205e+00 -2.843063983580014664e+00
6.500000000000000000e+01 7.544602806007731921e+00 -6.250091818291511281e+00 -1.513409192126305092e+00 -2.314282235254351061e+00
6.600000000000000000e+01 6.643670984263374990e+00 -7.681975852425647844e+00 -1.706462616152820244e+00 -1.998525706087676879e+00
6.700000000000000000e+01 6.053115925007164222e+00 -7.897848580251365824e+00 -1.855836183016332130e+00 -2.191827050850726266e+00
6.800000000000000000e+01 4.991545637675240954e+00 -8.382481063702673652e+00 -1.883429962730643448e+00 -1.954759676175867211e+00
6.900000000000000000e+01 4.264776946542644609e+00 -8.537289878474922489e+00 -1.978393362221539942e+00 -1.651920640752262859e+00
7.000000000000000000e+01 4.295131110072388125e+00 -8.739948769861374700e+00 -2.094078920153495282e+00 -1.646416524170269957e+00
7.100000000000000000e+01 4.640769745654286460e+00 -7.681111808126864560e+00 -2.063543240168027815e+00 -1.760099480017632168e+00
7.200000000000000000e+01 5.200989178137810143e+00 -7.613830833258560915e+00 -2.125517852295989663e+00 -1.451384471003447363e+00
7.300000000000000000e+01 5.735121151317150279e+00 -7.036795148602307926e+00 -2.064135046216402092e+00 -1.486459115369750172e+00
7.400000000000000000e+01 5.921158188070943851e+00 -6.237553638683071888e+00 -1.960970076207782631e+00 -7.003322894845397384e-01
7.500000000000000000e+01 6.598252503756719456e+00 -5.449042106143144437e+00 -1.816716274890385785e+00 -9.198138244532374497e-01
7.600000000000000000e+01 7.495924199064716298e+00 -3.062576230469472804e+00 -1.610784351760934818e+00 -6.929242086286219182e-01
7.700000000000000000e+01 6.636394668800482677e+00 -1.885334019204191192e+00 -1.394464366014547263e+00 -9.896471024680796036e-02
7.800000000000000000e+01 5.026275538474556548e+00 -7.165151523275825607e-01 -1.184105592140168195e+00 9.524925127099980182e-01
7.900000000000000000e+01 3.560402857042336944e+00 1.302097049339620671e+00 -1.023386287956500329e+00 1.338323098976484715e+00
8.000000000000000000e+01 1.989932612794436562e+00 4.653633575125976307e+00 -9.588208615602650253e-01 1.166160733655181803e+00
8.100000000000000000e+01 1.633443487457974241e-01 5.771760650431533968e+00 -1.007691885572711055e+00 8.606087515559680545e-01
8.200000000000000000e+01 -1.549255546677428486e+00 4.654337728435551824e+00 -9.546180844031718626e-01 1.827991924204124485e+00
8.300000000000000000e+01 -2.530973177750382774e+00 3.111435944052186375e+00 -8.456167062326308548e-01 2.027086960374553826e+00
8.400000000000000000e+01 -2.208351081489781542e+00 1.522298559026340481e+00 -7.745978864576842371e-01 3.082403044268943848e+00
8.500000000000000000e+01 -2.370457794073194790e+00 9.210010218411966987e-01 -7.668526981619728788e-01 3.244366834163006086e+00
8.600000000000000000e+01 -3.415011694100824613e+00 8.270798333413864611e-01 -8.660557579764851521e-01 4.203334556874066763e+00
8.700000000000000000e+01 -5.836526342683773905e+00 -7.490996887449051789e-01 -1.085334168564107360e+00 3.383938541165453895e+00
8.800000000000000000e+01 -6.676623042339197234e+00 -2.614174189775112289e+00 -1.244513206833848917e+00 2.961355105754179373e+00
8.900000000000000000e+01 -7.201083948551142200e+00 -4.998717470856512080e+00 -1.437240964820973632e+00 2.636879484332801837e+00
9.000000000000000000e+01 -6.296712464726970993e+00 -6.637964846406182673e+00 -1.625088380385867559e+00 2.052702849624600479e+00
9.100000000000000000e+01 -5.905848530809922003e+00 -7.694519466507054872e+00 -1.797515118783642674e+00 1.791959542592562071e+00
9.200000000000000000e+01 -5.306935724454411307e+00 -8.419438930229818041e+00 -1.934148455285873647e+00 1.550346092655667363e+00
9.300000000000000000e+01 -4.888912819263924625e+00 -8.916981416216460232e+00 -2.038655878476409278e+00 1.104710247145340940e+00
9.400000000000000000e+01 -5.122182167449523149e+00 -7.939692023999040948e+00 -2.101603008463517330e+00 1.470351594672296702e+00
9.500000000000000000e+01 -5.233853224550428784e+00 -8.356334136209625285e+00 -2.187682328626065598e+00 9.526968115185825425e-01
9.600000000000000000e+01 -5.372572800685564864e+00 -8.204397524943619402e+00 -2.170525200093684770e+00 4.627131288634471207e-01
9.700000000000000000e+01 -5.710528093214393586e+00 -8.032819604529334967e+00 -2.144407563472497280e+00 -7.472030823585548709e-02
9.800000000000000000e+01 -6.079221630246555819e+00 -7.426926202932236265e+00 -2.078071018020833272e+00 -6.416487374091505158e-01
9.900000000000000000e+01 -6.210000455716315315e+00 -6.305344403925245089e+00 -1.912084893614248049e+00 -9.662803702827830188e-01
1.000000000000000000e+02 -5.790146681458320010e+00 -4.557576553986886658e+00 -1.662932821780605419e+00 -1.314318757668756055e+00
1.010000000000000000e+02 -4.522583271524512227e+00 -1.960814486186387651e+00 -1.512714714209347333e+00 -2.010486268783664876e+00
1.020000000000000000e+02 -4.109249703680713850e+00 9.760926613145662900e-01 -1.350973615283170171e+00 -9.704447641089531951e-01
1.030000000000000000e+02 -1.998166041810968352e+00 3.612872221454247246e+00 -1.292402175817731536e+00 -1.105228198421152497e+00
1.040000000000000000e+02 5.726369427959145109e-02 7.296564547509627019e+00 -1.427892944324664626e+00 4.475170805742239577e-01
1.050000000000000000e+02 2.483502120713958927e+00 7.502293177260576762e+00 -1.361398528775440431e+00 -3.230296558259676543e-01
1.060000000000000000e+02 3.756393825619160687e+00 5.797570056420044970e+00 -1.138398742415882126e+00 -1.363158905318698544e+00
1.070000000000000000e+02 3.525161568982272620e+00 3.224313408418173932e+00 -8.289728433185390433e-01 -2.125864185282334340e+00
1.080000000000000000e+02 2.884394416583235810e+00 1.520087678616844684e+00 -6.592458995572475500e-01 -2.670982585499909412e+00
1.090000000000000000e+02 4.109175916719202348e+00 7.419193508783650248e-01 -6.973726028400519805e-01 -2.611063335311442302e+00
1.100000000000000000e+02 4.412084314982867461e+00 6.043017690751004839e-02 -7.095625136326891846e-01 -3.056340109995264953e+00
1.110000000000000000e+02 6.171780277165270334e+00 -2.188704827661599239e+00 -9.906340883502864347e-01 -2.421929723247118194e+00
1.120000000000000000e+02 7.184310042841185684e+00 -4.755200793908873180e+00 -1.207464376914281434e+00 -1.773216569158205136e+00
1.130000000000000000e+02 8.158106628716021547e+00 -9.285565253464111990e+00 -1.713598768943742634e+00 -1.226815721758904187e+00
1.140000000000000000e+02 6.848995043753149936e+00 -1.150613958349738475e+01 -1.976189480867741155e+00 -8.150537546011212831e-01
1.150000000000000000e+02 4.834002211987940889e+00 -1.075802675539344833e+01 -1.902690677034708289e+00 -1.020638020865483941e+00
1.160000000000000000e+02 3.573048416192402321e+00 -1.147889322171945459e+01 -2.029426263786765272e+00 -6.046637712380023011e-01
1.170000000000000000e+02 2.196249211035468996e+00 -1.103788269359218610e+01 -2.070556725967473088e+00 -4.869419590520971952e-01
1.180000000000000000e+02 2.008232212822915308e+00 -1.066681296426298076e+01 -2.116806256073778592e+00 -1.088042856429719318e+00
1.190000000000000000e+02 1.203306608886987261e+00 -1.033068446343642321e+01 -2.164598448210972581e+00 -7.452591940891947209e-01
1.200000000000000000e+02 9.656356398310859124e-01 -1.025454920250654567e+01 -2.213813837053206779e+00 -7.351806610157175514e-01
1.210000000000000000e+02 8.569395017850793828e-01 -1.001449854554574870e+01 -2.186606659605075276e+00 -7.751141385605446743e-01
1.220000000000000000e+02 5.592729979202172297e-01 -1.014491103872522082e+01 -2.251822790966215848e+00 -4.909757759394902665e-01
1.230000000000000000e+02 3.417623907534151906e-01 -1.008497306478837885e+01 -2.271283541411891260e+00 -2.911514752073641188e-01
1.240000000000000000e+02 3.941606793648168017e-01 -1.003331240038879280e+01 -2.238250997610194748e+00 -3.736839205486101601e-01
1.250000000000000000e+02 -2.327945534969647623e-01 -9.814744898587635547e+00 -2.263543677410345456e+00 2.556511951412301920e-01
1.260000000000000000e+02 -1.117979905751815689e-01 -9.935212045842993334e+00 -2.251679442854787716e+00 1.460770844223231169e-01
1.270000000000000000e+02 -7.561456611651408422e-02 -9.760184267032329331e+00 -2.201544436625457291e+00 1.600237557091076790e-01
1.280000000000000000e+02 -3.608052749784482760e-01 -9.356989130977662938e+00 -2.215547914808223329e+00 4.253044036205542722e-01
1.290000000000000000e+02 -4.469232550386795788e-01 -8.795061168899190207e+00 -2.160680415600428006e+00 4.539262777788292125e-01
1.300000000000000000e+02 -3.721367272484710775e-01 -8.989102741960932619e+00 -2.143632137778453295e+00 3.972006061633724383e-01
1.310000000000000000e+02 -3.841445894285397400e-01 -8.751273643858089812e+00 -2.070552418904363368e+00 4.705966479194138574e-01
1.320000000000000000e+02 -4.041211424531530594e-01 -8.311255203943664682e+00 -2.006294425478166499e+00 4.781580517668910790e-01
1.330000000000000000e+02 -3.482919956744872647e-01 -7.523979945632065736e+00 -1.925169312757442519e+00 3.558621752927794146e-01
1.340000000000000000e+02 -2.332710789217966874e-01 -6.844141117282314113e+00 -1.788825739073681476e+00 2.706736235399906376e-01
1.350000000000000000e+02 -2.316634870236185251e-01 -6.077435963850951417e+00 -1.672656393856574608e+00 3.060403610178293321e-01
1.360000000000000000e+02 -3.031633798552490489e-01 -5.255929858699112778e+00 -1.454359158526447038e+00 3.779782238532064520e-01
1.370000000000000000e+02 -2.142375545429303918e-01 -4.749402724704800072e+00 -1.309567638723676763e+00 2.584205720647791971e-01
1.380000000000000000e+02 -1.473185531357886768e-01 -3.907495499521406845e+00 -1.094587354669326107e+00 1.877088465977782006e-01
1.390000000000000000e+02 1.496476821271544022e-01 -2.851573332858179821e+00 -9.735159273707475469e-01 -1.788928438390219311e-01
1.400000000000000000e+02 6.671541070089609393e-02 -2.197847088476894584e+00 -8.044480559783414586e-01 -6.969134559309064780e-02
1.410000000000000000e+02 1.074992180487780308e-01 -2.000522697180338927e+00 -6.055199110997115941e-01 -1.574201131314703350e-01
1.420000000000000000e+02 2.278305916691122646e-01 -1.316334387708120168e+00 -5.347700887981129414e-01 -3.224138761936305442e-01
1.430000000000000000e+02 2.423942568094621386e-01 -9.235205871140206302e-01 -4.236880491450465969e-01 -2.985107378890624052e-01
1.440000000000000000e+02 -1.244641748077371379e-01 -6.952463534261010825e-01 -3.336058860825222294e-01 1.253945074746807276e-01
1.450000000000000000e+02 -2.202716493749151683e-01 -5.171020738978432396e-01 -2.390839531336041990e-01 2.312136873898148481e-01
1.460000000000000000e+02 4.605984607804441966e-02 -2.555857138343700652e-01 -1.950931288948657694e-01 -2.176694811742410293e-02
1.470000000000000000e+02 7.698460483403096744e-02 -1.556106772606941080e-01 -1.363035766242306768e-01 -8.655670944544460732e-02
1.480000000000000000e+02 -1.176063494847579341e-02 -9.919093623125622983e-02 -8.280980139459515055e-02 5.604538255324286074e-03
1.490000000000000000e+02 3.070568725272645669e-02 -3.417790436014391670e-02 -4.006984076033905801e-02 -3.396403848207306397e-02
1.500000000000000000e+02 -0.000000000000000000e+00 -0.000000000000000000e+00 -0.000000000000000000e+00 -0.000000000000000000e+00
0.000000000000000000e+00 -7.071776332050231595e+00 -3.230698643682336613e+00 -1.764063808499248376e+00 1.910228847674989128e+00
1.000000000000000000e+00 -7.149182759471389481e+00 -2.054036459217152277e+00 -1.586659728844822315e+00 1.411388108851316492e+00
2.000000000000000000e+00 -7.175240093664388752e+00 -3.509512527100157597e-01 -1.377895935371965752e+00 8.793660144018469182e-01
3.000000000000000000e+00 -6.848313957621201098e+00 1.725773372347225942e+00 -1.166845553063705854e+00 3.692219771398648764e-01
4.000000000000000000e+00 -5.326710365919191226e+00 3.155088359946043752e+00 -9.689597531587383905e-01 -3.121186789207323620e-01
5.000000000000000000e+00 -3.516419313625617882e+00 4.225707403184262745e+00 -7.858218512612874518e-01 -9.464078355929328445e-01
6.000000000000000000e+00 -1.553814442891545022e+00 5.138261128216384144e+00 -7.111207467457307807e-01 -1.375856278195521254e+00
7.000000000000000000e+00 2.695703815648415880e-01 4.144768748228114141e+00 -6.581269788081415273e-01 -1.931914131541144553e+00
8.000000000000000000e+00 1.355003703591397546e+00 2.955090358054375255e+00 -6.707569957459059706e-01 -2.367880830322701247e+00
9.000000000000000000e+00 2.606807508078767377e+00 2.624580641068823716e+00 -7.331330132839147806e-01 -2.425360746242896326e+00
1.000000000000000000e+01 3.080669122388697279e+00 1.886252490762621470e+00 -8.510710914813387484e-01 -2.731238580814785433e+00
1.100000000000000000e+01 4.899736736173914586e+00 1.432088867794340858e+00 -1.003014884192700462e+00 -3.271949893228834672e+00
1.200000000000000000e+01 5.992406738465169802e+00 4.350170768044903102e-01 -1.145438261009713576e+00 -3.324073685825386981e+00
1.300000000000000000e+01 7.652114080169000410e+00 -1.655404973404944746e+00 -1.329861776329036571e+00 -3.105853555048303072e+00
1.400000000000000000e+01 8.463413696137893183e+00 -3.963925706992465603e+00 -1.608807719775598111e+00 -2.930560937701138791e+00
1.500000000000000000e+01 8.908109842512063281e+00 -7.603168824205012832e+00 -1.918349638707236071e+00 -2.493400133578875799e+00
1.600000000000000000e+01 7.339518309683558783e+00 -9.584556907752935118e+00 -2.026382633771393049e+00 -2.275001673244952283e+00
1.700000000000000000e+01 5.637404267561762161e+00 -9.518324396340769766e+00 -2.044582765218203146e+00 -2.282201537868516539e+00
1.800000000000000000e+01 4.636153957222621358e+00 -9.002810422786401645e+00 -2.065586127695461016e+00 -2.321032176325156460e+00
1.900000000000000000e+01 4.086785560586701394e+00 -8.849178411159082103e+00 -2.105468404359841728e+00 -2.238224350269714336e+00
2.000000000000000000e+01 3.694968558158790994e+00 -8.649308849741101923e+00 -2.115531372664347209e+00 -2.162989072293165727e+00
2.100000000000000000e+01 4.729680289800510806e+00 -7.777740442947536970e+00 -2.156512730515564247e+00 -2.424697724463090953e+00
2.200000000000000000e+01 5.212829243328957141e+00 -7.483080108011591847e+00 -2.170441893891823959e+00 -2.429483433372765067e+00
2.300000000000000000e+01 5.696345452910432705e+00 -7.231129928446652144e+00 -2.163344183813022514e+00 -2.370040257783753379e+00
2.400000000000000000e+01 6.114416365615844562e+00 -6.935051557676321643e+00 -2.130507481816426463e+00 -2.224721183339009922e+00
2.500000000000000000e+01 6.505151348724214522e+00 -6.469988217016658716e+00 -2.067265811642529982e+00 -1.999676223009378084e+00
2.600000000000000000e+01 6.665036422182505582e+00 -5.899721703168234299e+00 -1.957876631381856081e+00 -1.670980412614695654e+00
2.700000000000000000e+01 7.229488243506074774e+00 -4.650434726962385135e+00 -1.801212311738649374e+00 -1.367793015532159151e+00
2.800000000000000000e+01 8.248258029769665711e+00 -2.413447222067309550e+00 -1.611667745838421428e+00 -1.132790836710190430e+00
2.900000000000000000e+01 6.951104940529011067e+00 -9.656770614828347199e-01 -1.411093733529674932e+00 -3.084317410497528500e-01
3.000000000000000000e+01 5.633077671042816092e+00 6.324070153952281170e-02 -1.137037966414610857e+00 2.433375417348705716e-01
3.100000000000000000e+01 4.382073408801289816e+00 2.113067608025213762e+00 -9.481990424445182475e-01 8.152060283866499057e-01
3.200000000000000000e+01 2.456866114237950871e+00 3.662640111409477761e+00 -8.904489191376265822e-01 1.389691590040143865e+00
3.300000000000000000e+01 7.950323212521126504e-01 5.290142457506424201e+00 -8.964046237741354339e-01 1.718816773077777027e+00
3.400000000000000000e+01 -1.236232618866615507e+00 4.461802410465689483e+00 -8.901636270562843789e-01 2.233781386859151397e+00
3.500000000000000000e+01 -2.076073468373970332e+00 2.787297909564085074e+00 -8.811583853717234183e-01 2.774645683966843634e+00
3.600000000000000000e+01 -2.147489224243596340e+00 1.622374454182092141e+00 -9.068030373785349596e-01 3.230650128420589073e+00
3.700000000000000000e+01 -1.578520495816145841e+00 1.061388304716602171e+00 -9.325459121293340203e-01 3.899390820803343871e+00
3.800000000000000000e+01 -2.817516113345559070e+00 9.894978650902779282e-01 -1.002781712384289481e+00 4.228151519056952523e+00
3.900000000000000000e+01 -4.234161169394734081e+00 2.613346882554600237e-01 -1.102097514006764145e+00 3.934946627997752078e+00
4.000000000000000000e+01 -5.208500113309359136e+00 -1.051393970881148832e+00 -1.241124317119246978e+00 3.784899180085935289e+00
4.100000000000000000e+01 -6.452227048775465157e+00 -2.864217370667524687e+00 -1.489029443535894393e+00 3.261149050871989363e+00
4.200000000000000000e+01 -7.308653744372175076e+00 -5.569473337726107864e+00 -1.730095763216473737e+00 3.087066024653580154e+00
4.300000000000000000e+01 -6.581304852734386479e+00 -7.173337278682816454e+00 -1.892477962268798608e+00 2.771585370899941392e+00
4.400000000000000000e+01 -6.301776817232354055e+00 -8.077205255136469475e+00 -2.027851639637195724e+00 2.641896875534684774e+00
4.500000000000000000e+01 -5.011765595562701847e+00 -7.421754752980289638e+00 -1.979028824106593198e+00 2.390906064517086982e+00
4.600000000000000000e+01 -5.530283986382404926e+00 -6.940733731054360867e+00 -2.022162058091164116e+00 2.528452470800810037e+00
4.700000000000000000e+01 -5.688596015207206591e+00 -6.095784902412437312e+00 -2.008783456599404715e+00 2.319410000654129611e+00
4.800000000000000000e+01 -5.943864617743819245e+00 -6.355328749074632633e+00 -2.033410302917864509e+00 2.032548073204160755e+00
4.900000000000000000e+01 -6.613902241574525220e+00 -6.253846456624208905e+00 -1.983570687107345520e+00 1.860054245838113962e+00
5.000000000000000000e+01 -6.558783909867164752e+00 -5.262772861520532253e+00 -1.881234432837864512e+00 1.353423223779568252e+00
5.100000000000000000e+01 -6.890388507072583657e+00 -4.437392714374718494e+00 -1.737832751310813606e+00 1.003110886837305982e+00
5.200000000000000000e+01 -6.464766119168873004e+00 -2.993970947829282192e+00 -1.501399014760724571e+00 3.635991302093702360e-01
5.300000000000000000e+01 -6.164100022948610480e+00 -6.033103418775309645e-01 -1.262149165241710724e+00 1.655248461788350889e-01
5.400000000000000000e+01 -5.021342656360017642e+00 2.019828828249504493e+00 -1.087282496360000517e+00 -3.724603655029464222e-01
5.500000000000000000e+01 -3.275399403680555821e+00 3.935455122622809832e+00 -9.634615025905177710e-01 -3.998793957412358213e-01
5.600000000000000000e+01 -1.051029152760384999e+00 5.921126721561150497e+00 -1.000953811680723726e+00 -4.772768368377950376e-01
5.700000000000000000e+01 1.545902422720021319e+00 7.226531817422867654e+00 -1.144406485593325584e+00 -1.214528206875599592e+00
5.800000000000000000e+01 2.927969508318267522e+00 5.602247581230533235e+00 -1.082456358366430171e+00 -2.100171263552024215e+00
5.900000000000000000e+01 2.784966722038283216e+00 3.029574456163548035e+00 -8.818480322321967657e-01 -2.647783796446098847e+00
6.000000000000000000e+01 2.699811926571681120e+00 1.789721077602219435e+00 -8.484705479351771773e-01 -3.039539738282603043e+00
6.100000000000000000e+01 3.469432000642056924e+00 1.388375626644702487e+00 -8.828319690034948097e-01 -3.406979227488616147e+00
6.200000000000000000e+01 4.564996843388383851e+00 5.714993842482772868e-01 -9.622287208745483600e-01 -3.494006196023292432e+00
6.300000000000000000e+01 5.697024190861762705e+00 -7.825479675307360772e-01 -1.075398369494015682e+00 -3.321487028598528291e+00
6.400000000000000000e+01 6.722854779935039105e+00 -3.273741222556054264e+00 -1.231807616554238205e+00 -2.843063983580014664e+00
6.500000000000000000e+01 7.544602806007731921e+00 -6.250091818291511281e+00 -1.513409192126305092e+00 -2.314282235254351061e+00
6.600000000000000000e+01 6.643670984263374990e+00 -7.681975852425647844e+00 -1.706462616152820244e+00 -1.998525706087676879e+00
6.700000000000000000e+01 6.053115925007164222e+00 -7.897848580251365824e+00 -1.855836183016332130e+00 -2.191827050850726266e+00
6.800000000000000000e+01 4.991545637675240954e+00 -8.382481063702673652e+00 -1.883429962730643448e+00 -1.954759676175867211e+00
6.900000000000000000e+01 4.264776946542644609e+00 -8.537289878474922489e+00 -1.978393362221539942e+00 -1.651920640752262859e+00
7.000000000000000000e+01 4.295131110072388125e+00 -8.739948769861374700e+00 -2.094078920153495282e+00 -1.646416524170269957e+00
7.100000000000000000e+01 4.640769745654286460e+00 -7.681111808126864560e+00 -2.063543240168027815e+00 -1.760099480017632168e+00
7.200000000000000000e+01 5.200989178137810143e+00 -7.613830833258560915e+00 -2.125517852295989663e+00 -1.451384471003447363e+00
7.300000000000000000e+01 5.735121151317150279e+00 -7.036795148602307926e+00 -2.064135046216402092e+00 -1.486459115369750172e+00
7.400000000000000000e+01 5.921158188070943851e+00 -6.237553638683071888e+00 -1.960970076207782631e+00 -7.003322894845397384e-01
7.500000000000000000e+01 6.598252503756719456e+00 -5.449042106143144437e+00 -1.816716274890385785e+00 -9.198138244532374497e-01
7.600000000000000000e+01 7.495924199064716298e+00 -3.062576230469472804e+00 -1.610784351760934818e+00 -6.929242086286219182e-01
7.700000000000000000e+01 6.636394668800482677e+00 -1.885334019204191192e+00 -1.394464366014547263e+00 -9.896471024680796036e-02
7.800000000000000000e+01 5.026275538474556548e+00 -7.165151523275825607e-01 -1.184105592140168195e+00 9.524925127099980182e-01
7.900000000000000000e+01 3.560402857042336944e+00 1.302097049339620671e+00 -1.023386287956500329e+00 1.338323098976484715e+00
8.000000000000000000e+01 1.989932612794436562e+00 4.653633575125976307e+00 -9.588208615602650253e-01 1.166160733655181803e+00
8.100000000000000000e+01 1.633443487457974241e-01 5.771760650431533968e+00 -1.007691885572711055e+00 8.606087515559680545e-01
8.200000000000000000e+01 -1.549255546677428486e+00 4.654337728435551824e+00 -9.546180844031718626e-01 1.827991924204124485e+00
8.300000000000000000e+01 -2.530973177750382774e+00 3.111435944052186375e+00 -8.456167062326308548e-01 2.027086960374553826e+00
8.400000000000000000e+01 -2.208351081489781542e+00 1.522298559026340481e+00 -7.745978864576842371e-01 3.082403044268943848e+00
8.500000000000000000e+01 -2.370457794073194790e+00 9.210010218411966987e-01 -7.668526981619728788e-01 3.244366834163006086e+00
8.600000000000000000e+01 -3.415011694100824613e+00 8.270798333413864611e-01 -8.660557579764851521e-01 4.203334556874066763e+00
8.700000000000000000e+01 -5.836526342683773905e+00 -7.490996887449051789e-01 -1.085334168564107360e+00 3.383938541165453895e+00
8.800000000000000000e+01 -6.676623042339197234e+00 -2.614174189775112289e+00 -1.244513206833848917e+00 2.961355105754179373e+00
8.900000000000000000e+01 -7.201083948551142200e+00 -4.998717470856512080e+00 -1.437240964820973632e+00 2.636879484332801837e+00
9.000000000000000000e+01 -6.296712464726970993e+00 -6.637964846406182673e+00 -1.625088380385867559e+00 2.052702849624600479e+00
9.100000000000000000e+01 -5.905848530809922003e+00 -7.694519466507054872e+00 -1.797515118783642674e+00 1.791959542592562071e+00
9.200000000000000000e+01 -5.306935724454411307e+00 -8.419438930229818041e+00 -1.934148455285873647e+00 1.550346092655667363e+00
9.300000000000000000e+01 -4.888912819263924625e+00 -8.916981416216460232e+00 -2.038655878476409278e+00 1.104710247145340940e+00
9.400000000000000000e+01 -5.122182167449523149e+00 -7.939692023999040948e+00 -2.101603008463517330e+00 1.470351594672296702e+00
9.500000000000000000e+01 -5.233853224550428784e+00 -8.356334136209625285e+00 -2.187682328626065598e+00 9.526968115185825425e-01
9.600000000000000000e+01 -5.372572800685564864e+00 -8.204397524943619402e+00 -2.170525200093684770e+00 4.627131288634471207e-01
9.700000000000000000e+01 -5.710528093214393586e+00 -8.032819604529334967e+00 -2.144407563472497280e+00 -7.472030823585548709e-02
9.800000000000000000e+01 -6.079221630246555819e+00 -7.426926202932236265e+00 -2.078071018020833272e+00 -6.416487374091505158e-01
9.900000000000000000e+01 -6.210000455716315315e+00 -6.305344403925245089e+00 -1.912084893614248049e+00 -9.662803702827830188e-01
1.000000000000000000e+02 -5.790146681458320010e+00 -4.557576553986886658e+00 -1.662932821780605419e+00 -1.314318757668756055e+00
1.010000000000000000e+02 -4.522583271524512227e+00 -1.960814486186387651e+00 -1.512714714209347333e+00 -2.010486268783664876e+00
1.020000000000000000e+02 -4.109249703680713850e+00 9.760926613145662900e-01 -1.350973615283170171e+00 -9.704447641089531951e-01
1.030000000000000000e+02 -1.998166041810968352e+00 3.612872221454247246e+00 -1.292402175817731536e+00 -1.105228198421152497e+00
1.040000000000000000e+02 5.726369427959145109e-02 7.296564547509627019e+00 -1.427892944324664626e+00 4.475170805742239577e-01
1.050000000000000000e+02 2.483502120713958927e+00 7.502293177260576762e+00 -1.361398528775440431e+00 -3.230296558259676543e-01
1.060000000000000000e+02 3.756393825619160687e+00 5.797570056420044970e+00 -1.138398742415882126e+00 -1.363158905318698544e+00
1.070000000000000000e+02 3.525161568982272620e+00 3.224313408418173932e+00 -8.289728433185390433e-01 -2.125864185282334340e+00
1.080000000000000000e+02 2.884394416583235810e+00 1.520087678616844684e+00 -6.592458995572475500e-01 -2.670982585499909412e+00
1.090000000000000000e+02 4.109175916719202348e+00 7.419193508783650248e-01 -6.973726028400519805e-01 -2.611063335311442302e+00
1.100000000000000000e+02 4.412084314982867461e+00 6.043017690751004839e-02 -7.095625136326891846e-01 -3.056340109995264953e+00
1.110000000000000000e+02 6.171780277165270334e+00 -2.188704827661599239e+00 -9.906340883502864347e-01 -2.421929723247118194e+00
1.120000000000000000e+02 7.184310042841185684e+00 -4.755200793908873180e+00 -1.207464376914281434e+00 -1.773216569158205136e+00
1.130000000000000000e+02 8.158106628716021547e+00 -9.285565253464111990e+00 -1.713598768943742634e+00 -1.226815721758904187e+00
1.140000000000000000e+02 6.848995043753149936e+00 -1.150613958349738475e+01 -1.976189480867741155e+00 -8.150537546011212831e-01
1.150000000000000000e+02 4.834002211987940889e+00 -1.075802675539344833e+01 -1.902690677034708289e+00 -1.020638020865483941e+00
1.160000000000000000e+02 3.573048416192402321e+00 -1.147889322171945459e+01 -2.029426263786765272e+00 -6.046637712380023011e-01
1.170000000000000000e+02 2.196249211035468996e+00 -1.103788269359218610e+01 -2.070556725967473088e+00 -4.869419590520971952e-01
1.180000000000000000e+02 2.008232212822915308e+00 -1.066681296426298076e+01 -2.116806256073778592e+00 -1.088042856429719318e+00
1.190000000000000000e+02 1.203306608886987261e+00 -1.033068446343642321e+01 -2.164598448210972581e+00 -7.452591940891947209e-01
1.200000000000000000e+02 9.656356398310859124e-01 -1.025454920250654567e+01 -2.213813837053206779e+00 -7.351806610157175514e-01
1.210000000000000000e+02 8.569395017850793828e-01 -1.001449854554574870e+01 -2.186606659605075276e+00 -7.751141385605446743e-01
1.220000000000000000e+02 5.592729979202172297e-01 -1.014491103872522082e+01 -2.251822790966215848e+00 -4.909757759394902665e-01
1.230000000000000000e+02 3.417623907534151906e-01 -1.008497306478837885e+01 -2.271283541411891260e+00 -2.911514752073641188e-01
1.240000000000000000e+02 3.941606793648168017e-01 -1.003331240038879280e+01 -2.238250997610194748e+00 -3.736839205486101601e-01
1.250000000000000000e+02 -2.327945534969647623e-01 -9.814744898587635547e+00 -2.263543677410345456e+00 2.556511951412301920e-01
1.260000000000000000e+02 -1.117979905751815689e-01 -9.935212045842993334e+00 -2.251679442854787716e+00 1.460770844223231169e-01
1.270000000000000000e+02 -7.561456611651408422e-02 -9.760184267032329331e+00 -2.201544436625457291e+00 1.600237557091076790e-01
1.280000000000000000e+02 -3.608052749784482760e-01 -9.356989130977662938e+00 -2.215547914808223329e+00 4.253044036205542722e-01
1.290000000000000000e+02 -4.469232550386795788e-01 -8.795061168899190207e+00 -2.160680415600428006e+00 4.539262777788292125e-01
1.300000000000000000e+02 -3.721367272484710775e-01 -8.989102741960932619e+00 -2.143632137778453295e+00 3.972006061633724383e-01
1.310000000000000000e+02 -3.841445894285397400e-01 -8.751273643858089812e+00 -2.070552418904363368e+00 4.705966479194138574e-01
1.320000000000000000e+02 -4.041211424531530594e-01 -8.311255203943664682e+00 -2.006294425478166499e+00 4.781580517668910790e-01
1.330000000000000000e+02 -3.482919956744872647e-01 -7.523979945632065736e+00 -1.925169312757442519e+00 3.558621752927794146e-01
1.340000000000000000e+02 -2.332710789217966874e-01 -6.844141117282314113e+00 -1.788825739073681476e+00 2.706736235399906376e-01
1.350000000000000000e+02 -2.316634870236185251e-01 -6.077435963850951417e+00 -1.672656393856574608e+00 3.060403610178293321e-01
1.360000000000000000e+02 -3.031633798552490489e-01 -5.255929858699112778e+00 -1.454359158526447038e+00 3.779782238532064520e-01
1.370000000000000000e+02 -2.142375545429303918e-01 -4.749402724704800072e+00 -1.309567638723676763e+00 2.584205720647791971e-01
1.380000000000000000e+02 -1.473185531357886768e-01 -3.907495499521406845e+00 -1.094587354669326107e+00 1.877088465977782006e-01
1.390000000000000000e+02 1.496476821271544022e-01 -2.851573332858179821e+00 -9.735159273707475469e-01 -1.788928438390219311e-01
1.400000000000000000e+02 6.671541070089609393e-02 -2.197847088476894584e+00 -8.044480559783414586e-01 -6.969134559309064780e-02
1.410000000000000000e+02 1.074992180487780308e-01 -2.000522697180338927e+00 -6.055199110997115941e-01 -1.574201131314703350e-01
1.420000000000000000e+02 2.278305916691122646e-01 -1.316334387708120168e+00 -5.347700887981129414e-01 -3.224138761936305442e-01
1.430000000000000000e+02 2.423942568094621386e-01 -9.235205871140206302e-01 -4.236880491450465969e-01 -2.985107378890624052e-01
1.440000000000000000e+02 -1.244641748077371379e-01 -6.952463534261010825e-01 -3.336058860825222294e-01 1.253945074746807276e-01
1.450000000000000000e+02 -2.202716493749151683e-01 -5.171020738978432396e-01 -2.390839531336041990e-01 2.312136873898148481e-01
1.460000000000000000e+02 4.605984607804441966e-02 -2.555857138343700652e-01 -1.950931288948657694e-01 -2.176694811742410293e-02
1.470000000000000000e+02 7.698460483403096744e-02 -1.556106772606941080e-01 -1.363035766242306768e-01 -8.655670944544460732e-02
1.480000000000000000e+02 -1.176063494847579341e-02 -9.919093623125622983e-02 -8.280980139459515055e-02 5.604538255324286074e-03
1.490000000000000000e+02 3.070568725272645669e-02 -3.417790436014391670e-02 -4.006984076033905801e-02 -3.396403848207306397e-02
1.500000000000000000e+02 -0.000000000000000000e+00 -0.000000000000000000e+00 -0.000000000000000000e+00 -0.000000000000000000e+00
