0.000000000000000000e+00 -4.000839685361627573e+01 -2.610755950155452254e-02 -4.223768720382670150e-01
1.000000000000000000e+00 -4.164602193546562603e+01 -5.716389918302579032e-01 -3.085195671860747613e-01
2.000000000000000000e+00 -4.484402001304325580e+01 -1.116311918523571478e+00 -3.270590322367498137e-01
3.000000000000000000e+00 -4.969770347183601444e+01 -1.694255144110404787e+00 -7.656928895268731994e-01
4.000000000000000000e+00 -5.651902637744461089e+01 -2.381090880891528094e+00 -1.892566019901056773e+00
5.000000000000000000e+00 -6.594569350824805554e+01 -3.290527578440941348e+00 -2.000000000000000000e+00
6.000000000000000000e+00 -7.819380435054353029e+01 -4.275397226945434781e+00 -2.000000000000000000e+00
7.000000000000000000e+00 -9.340449073923335277e+01 -5.309531179418469193e+00 -2.000000000000000000e+00
8.000000000000000000e+00 -1.116194136672479544e+02 -6.358207561817213360e+00 -1.951096241408521337e+00
9.000000000000000000e+00 -1.326702004016781871e+02 -7.348110773019057795e+00 -6.633581914626756060e-01
1.000000000000000000e+01 -1.555858333634687369e+02 -7.999064907235688082e+00 3.150390306845376465e-01
1.100000000000000000e+01 -1.792541648087541262e+02 -8.000000000000000000e+00 1.021946677966100392e+00
1.200000000000000000e+01 1.582387045927301585e+02 -7.856470682409221418e+00 4.801016277458636239e-01
1.300000000000000000e+01 1.367344525257444445e+02 -7.506400034953952805e+00 5.038806605840271402e-01
1.400000000000000000e+01 1.169193303388540812e+02 -6.916782476924312917e+00 2.182326397808118656e-01
1.500000000000000000e+01 9.911376744614364043e+01 -6.215313952974458545e+00 1.808779903611719142e-01
1.600000000000000000e+01 8.350739857036205649e+01 -5.447650423263089792e+00 -7.200998381932013359e-01
1.700000000000000000e+01 6.972640124692807717e+01 -4.810475550048979976e+00 3.155598648957167462e-01
1.800000000000000000e+01 5.809648946558099425e+01 -4.059605046019704844e+00 3.913328004089979828e-01
1.900000000000000000e+01 4.845876454690935731e+01 -3.364200644646455629e+00 1.851238651942297864e+00
2.000000000000000000e+01 4.122472586398910721e+01 -2.525155864671847272e+00 2.000000000000000000e+00
2.100000000000000000e+01 3.626607612383151746e+01 -1.730895288378228702e+00 2.000000000000000000e+00
2.200000000000000000e+01 3.343783221660081750e+01 -9.872433646128950802e-01 2.000000000000000000e+00
2.300000000000000000e+01 3.265296751621757920e+01 -2.739694640873262532e-01 2.000000000000000000e+00
2.400000000000000000e+01 3.388681081551951024e+01 4.306925605297722282e-01 1.282977671242832685e+00
2.500000000000000000e+01 3.686992913649206116e+01 1.041304733550712847e+00 8.656530752178723809e-01
2.600000000000000000e+01 4.151419044922195667e+01 1.621153024602620896e+00 1.917366843784195973e+00
2.700000000000000000e+01 4.840647793529782206e+01 2.405862192520535903e+00 1.329685500525852770e+00
2.800000000000000000e+01 5.747702974247405905e+01 3.166219880158938516e+00 1.091688624559543630e+00
2.900000000000000000e+01 6.882834109996461791e+01 3.962355152144737325e+00 2.000000000000000000e+00
3.000000000000000000e+01 8.304265644709710159e+01 4.961732074484452859e+00 1.838148449136210338e+00
3.100000000000000000e+01 1.001796287141339548e+02 5.981931797655005489e+00 1.065781440811589320e+00
3.200000000000000000e+01 1.198893565106665733e+02 6.879992894426826489e+00 4.297590250862648453e-01
3.300000000000000000e+01 1.416465657615197813e+02 7.594698749455144338e+00 -6.330714015980056786e-01
3.400000000000000000e+01 1.644649566627398656e+02 7.965121024668124328e+00 -1.000357644123537781e+00
3.500000000000000000e+01 -1.725710720798478235e+02 8.000000000000000000e+00 -1.475510650276215419e+00
3.600000000000000000e+01 -1.505646191517529644e+02 7.681701205608042926e+00 -1.069959822235614144e+00
3.700000000000000000e+01 -1.300738550446894237e+02 7.152625998354691816e+00 -6.694424174709974196e-01
3.800000000000000000e+01 -1.115148977744330807e+02 6.478298202058241806e+00 -3.821534873145919775e-01
3.900000000000000000e+01 -9.511904154288166069e+01 5.723233498484044723e+00 -2.000000000000000000e+00
4.000000000000000000e+01 -8.172264400778767879e+01 4.676224897868848984e+00 -6.591298867612152002e-01
4.100000000000000000e+01 -7.073569602046620730e+01 3.835168342482474291e+00 -6.167624768803330326e-01
4.200000000000000000e+01 -6.204206713902225090e+01 3.034648958553379128e+00 -5.849081923675192307e-01
4.300000000000000000e+01 -5.549761802465661731e+01 2.284443695498144411e+00 -9.320024597760148133e-01
4.400000000000000000e+01 -5.112432758563887347e+01 1.526566346136957186e+00 -1.239550082786656127e+00
4.500000000000000000e+01 -4.895639408281400051e+01 7.567515517717589013e-01 -8.312111032378157738e-01
4.600000000000000000e+01 -4.876613673306303554e+01 6.641234358545133887e-02 -8.168785239611247029e-01
4.700000000000000000e+01 -5.054270278994436438e+01 -6.201385414350412129e-01 -9.199573080587226670e-01
4.800000000000000000e+01 -5.437351570606887208e+01 -1.337205968285962498e+00 -1.556351757619535814e+00
4.900000000000000000e+01 -6.061956476960975948e+01 -2.180282427997937589e+00 -2.000000000000000000e+00
5.000000000000000000e+01 -6.959729337356523615e+01 -3.133818469789940941e+00 -2.000000000000000000e+00
5.100000000000000000e+01 -8.144825962136467012e+01 -4.136767611336368944e+00 -2.000000000000000000e+00
5.200000000000000000e+01 -9.628336621272519835e+01 -5.178429098071086756e+00 -2.000000000000000000e+00
5.300000000000000000e+01 -1.141135941459920673e+02 -6.223923676331407862e+00 -1.629876433772363242e+00
5.400000000000000000e+01 -1.346053096366860302e+02 -7.152958093890699587e+00 -1.153731044220307034e+00
5.500000000000000000e+01 -1.571225179858037961e+02 -7.859988480993235882e+00 -1.558107842666349718e-01
5.600000000000000000e+01 1.794580283466716253e+02 -8.000000000000000000e+00 2.183601562315939937e-01
5.700000000000000000e+01 1.566538735405989939e+02 -7.960151690009124259e+00 -1.600786772786784162e-01
5.800000000000000000e+01 1.346323841862852362e+02 -7.686949908513093455e+00 3.521310245843340958e-01
5.900000000000000000e+01 1.142912123248609788e+02 -7.100408453917555818e+00 5.042238651610957412e-01
6.000000000000000000e+01 9.612508383993402106e+01 -6.341175088046089314e+00 1.074030549263115475e+00
6.100000000000000000e+01 8.055681211048759849e+01 -5.434352010479839734e+00 1.532108869287641451e+00
6.200000000000000000e+01 6.776639134392343067e+01 -4.464699101840035489e+00 1.474171437128168893e+00
6.300000000000000000e+01 5.759829042848753033e+01 -3.549336792988112332e+00 1.385020527731290585e+00
6.400000000000000000e+01 4.983943989140690434e+01 -2.708349760843746790e+00 1.433141656498891914e+00
6.500000000000000000e+01 4.433847668931549180e+01 -1.920198398150902097e+00 1.262232777828987240e+00
6.600000000000000000e+01 4.088155969413401891e+01 -1.206691670681306228e+00 1.606590761409182111e+00
6.700000000000000000e+01 3.952127216879594584e+01 -4.748299218191002202e-01 1.344996629688742118e+00
6.800000000000000000e+01 4.010624221144919943e+01 2.041930653966085307e-01 1.424069514818675053e+00
6.900000000000000000e+01 4.268729880304756819e+01 9.009587140738858357e-01 1.778281936175101441e+00
7.000000000000000000e+01 4.748925395521668946e+01 1.676198558769122826e+00 1.778121237240849251e+00
7.100000000000000000e+01 5.463913613997078755e+01 2.495779705072899368e+00 1.434600215295357417e+00
7.200000000000000000e+01 6.415771894658541896e+01 3.322612201982955593e+00 1.520593356308103328e+00
7.300000000000000000e+01 7.626345548116402995e+01 4.225699218147299874e+00 1.779377012311526229e+00
7.400000000000000000e+01 9.122096037702067406e+01 5.221154166317407253e+00 9.731619801591016028e-01
7.500000000000000000e+01 1.087447547350091384e+02 6.116958179786087690e+00 4.087009756714659048e-01
7.600000000000000000e+01 1.284788048649764391e+02 6.888482990430884634e+00 7.924475755099797958e-01
7.700000000000000000e+01 1.502353843421683735e+02 7.594478916976509453e+00 8.136234638403800901e-01
7.800000000000000000e+01 1.734082352396779356e+02 8.000000000000000000e+00 -1.110297753190736980e+00
7.900000000000000000e+01 -1.639039220357308864e+02 7.919551114375152245e+00 -6.312619745495733348e-01
8.000000000000000000e+01 -1.420830388248542988e+02 7.616925154458986214e+00 2.561625078331286609e-01
8.100000000000000000e+01 -1.214724278209913990e+02 7.194460457303624601e+00 -3.879434020446770326e-01
8.200000000000000000e+01 -1.028610388503680895e+02 6.496600318134698959e+00 -7.855915958686807699e-01
8.300000000000000000e+01 -8.668192253728884111e+01 5.647576994527174321e+00 -1.219971288466231263e+00
8.400000000000000000e+01 -7.317204011181077306e+01 4.715838597638193797e+00 -1.252572825713517357e+00
8.500000000000000000e+01 -6.225699667318524178e+01 3.810068920044381358e+00 -1.349108597754704375e+00
8.600000000000000000e+01 -5.382328922232242263e+01 2.943919263350680104e+00 -1.366187360522438388e+00
8.700000000000000000e+01 -4.771100145909471735e+01 2.133590925953659845e+00 -1.108481669061157859e+00
8.800000000000000000e+01 -4.366449148605209984e+01 1.412498444887613003e+00 -1.111167854211264405e+00
8.900000000000000000e+01 -4.157893199603824996e+01 7.279975969391094814e-01 -8.457051584698082047e-01
9.000000000000000000e+01 -4.128270300479404398e+01 1.034034247414568064e-01 -7.787167945374016131e-01
9.100000000000000000e+01 -4.273868967092116833e+01 -5.082352237810782158e-01 -8.068326717034763895e-01
9.200000000000000000e+01 -4.599954132585308031e+01 -1.138251955953349714e+00 -6.737547406316517495e-01
9.300000000000000000e+01 -5.109547335272459634e+01 -1.778815846534725242e+00 -6.421218899923912815e-01
9.400000000000000000e+01 -5.813935712903354158e+01 -2.458779280488057495e+00 -9.072298994413570128e-01
9.500000000000000000e+01 -6.739796727369133578e+01 -3.231864623656541369e+00 -1.083202730993499951e+00
9.600000000000000000e+01 -7.910562204880000081e+01 -4.086742470249644654e+00 -1.003697062904725490e+00
9.700000000000000000e+01 -9.335445209326059057e+01 -4.973779976658547319e+00 -1.313483478630283363e+00
9.800000000000000000e+01 -1.103126205469981471e+02 -5.919517492511116252e+00 -1.572110126281238696e+00
9.900000000000000000e+01 -1.299613297313780151e+02 -6.858693380685567220e+00 -1.337215375246851412e+00
1.000000000000000000e+02 -1.518315134060628111e+02 -7.634134262783244473e+00 -1.430783885970972058e+00
1.010000000000000000e+02 -1.753308081961543223e+02 -8.000000000000000000e+00 -7.656112005160777834e-01
1.020000000000000000e+02 1.612469818653270011e+02 -8.000000000000000000e+00 -1.659066167124361613e+00
1.030000000000000000e+02 1.383064882403221247e+02 -8.000000000000000000e+00 -1.134601326357248752e+00
1.040000000000000000e+02 1.163297441961132819e+02 -7.671330848789978063e+00 -2.931054052436699031e-02
1.050000000000000000e+02 9.626609374244321771e+01 -7.003535207715921196e+00 4.446415911843446533e-01
1.060000000000000000e+02 7.852926938015846758e+01 -6.191319679396253051e+00 1.309183846778221749e+00
1.070000000000000000e+02 6.346070200551382356e+01 -5.259922284922944336e+00 1.358980978003788920e+00
1.080000000000000000e+02 5.089830425654238155e+01 -4.385104053293508386e+00 1.388708775707021115e+00
1.090000000000000000e+02 4.060002693425275311e+01 -3.594776931148381482e+00 1.179115901050995507e+00
1.100000000000000000e+02 3.220668621645294394e+01 -2.929828615346218523e+00 9.703441075809950966e-01
1.110000000000000000e+02 2.537546588561152561e+01 -2.384545734047189391e+00 7.004630683135201208e-01
1.120000000000000000e+02 1.976602268785332228e+01 -1.958065060089610121e+00 7.227438154881458132e-01
1.130000000000000000e+02 1.519376631159840052e+01 -1.596018560219052640e+00 5.884651655443515761e-01
1.140000000000000000e+02 1.143749612575575902e+01 -1.311185646749059686e+00 6.324845678052495312e-01
1.150000000000000000e+02 8.379079362618600868e+00 -1.067588848298612003e+00 6.248303034298653413e-01
1.160000000000000000e+02 5.902260302839779094e+00 -8.645729513858078086e-01 4.971933696754095022e-01
1.170000000000000000e+02 3.860037862507038398e+00 -7.128701128383870822e-01 6.470209330788401214e-01
1.180000000000000000e+02 2.240494133458563741e+00 -5.653274090384629025e-01 5.543548755267201367e-01
1.190000000000000000e+02 9.431639840118840601e-01 -4.528536518647019449e-01 5.117976023579100531e-01
1.200000000000000000e+02 -9.887029399891290871e-02 -3.637385813986098171e-01 6.012114640114156749e-01
1.210000000000000000e+02 -8.862606100741035053e-01 -2.748510702766170377e-01 6.476052774603148210e-01
1.220000000000000000e+02 -1.428596504811424861e+00 -1.893109402983114420e-01 6.259041207915698735e-01
1.230000000000000000e+02 -1.755536733991449383e+00 -1.141236691283177423e-01 5.529484409840436099e-01
1.240000000000000000e+02 -1.910687200856927337e+00 -5.415772965617314527e-02 3.479035494439510767e-01
1.250000000000000000e+02 -1.987974620370237755e+00 -2.697839881755369554e-02 3.188243208245274407e-01
1.260000000000000000e+02 -2.002791471343427165e+00 -5.172056685191248754e-03 3.320964102837214993e-01
1.270000000000000000e+02 -1.949989788436248705e+00 1.843126434648011125e-02 3.795229327003568631e-01
1.280000000000000000e+02 -1.807210639718028089e+00 4.983932496655782418e-02 2.283925628009211284e-01
1.290000000000000000e+02 -1.634046178866410681e+00 6.044579978602792475e-02 3.479861369911105839e-01
1.300000000000000000e+02 -1.372614116035446363e+00 9.125700533362096634e-02 1.648667102991007993e-01
1.310000000000000000e+02 -1.091803909009295248e+00 9.802125371626248251e-02 1.191547529180926462e-01
1.320000000000000000e+02 -8.007308874185952163e-01 1.016036518097262198e-01 2.980831499698864684e-02
1.330000000000000000e+02 -5.268751168378423833e-01 9.559369744441227612e-02 -1.417637090449705428e-02
1.340000000000000000e+02 -2.788687313451618244e-01 8.657055985634636019e-02 -1.221292272523303302e-01
1.350000000000000000e+02 -9.380105156465104455e-02 6.460080702393014573e-02 -2.441147266025853191e-01
1.360000000000000000e+02 -1.715148628140890016e-02 2.675574568830069166e-02 -5.627243601301118447e-02
1.370000000000000000e+02 3.467360012740396819e-02 1.809036785928611057e-02 -5.570164060947790929e-02
1.380000000000000000e+02 6.386292957004408022e-02 1.018899810446790254e-02 -2.572342458090998152e-02
1.390000000000000000e+02 8.439329090233538277e-02 7.166448037459575982e-03 -2.506618967474999460e-02
1.400000000000000000e+02 9.731699792287835937e-02 4.511224781423194691e-03 -6.982588951836898872e-03
1.410000000000000000e+02 1.108895440332022531e-01 4.737712350077681947e-03 -2.540750010008047122e-02
1.420000000000000000e+02 1.177023765209117001e-01 2.378127165947823904e-03 -5.553146385574292410e-02
1.430000000000000000e+02 1.050661562052730008e-01 -4.410872990301391815e-03 1.876394157132288409e-02
1.440000000000000000e+02 1.044331244822331445e-01 -2.209697567357822232e-04 -3.501421568574220045e-02
1.450000000000000000e+02 9.267008189565069387e-02 -4.106076463759141502e-03 -3.474816639324918022e-02
1.460000000000000000e+02 6.945024126387379371e-02 -8.105253416252020462e-03 7.411787153331836353e-03
1.470000000000000000e+02 5.201976496078326850e-02 -6.084384033602648414e-03 -3.192853345522078667e-03
1.480000000000000000e+02 3.516800191590438440e-02 -5.882374997972362844e-03 -5.312686349821668652e-03
1.490000000000000000e+02 1.735208006715658127e-02 -6.218929910766364012e-03 4.234190719618585730e-03
1.500000000000000000e+02 2.006370645158126517e-03 -5.356663109364633024e-03 0.000000000000000000e+00
0.000000000000000000e+00 -4.929576717792236451e+01 -1.909327350842282556e-02 7.544987245051550939e-01
1.000000000000000000e+00 -5.065506108690067322e+01 -4.744830842795138004e-01 5.933130228012504226e-01
2.000000000000000000e+00 -5.342099629055361731e+01 -9.654935240112758610e-01 3.422421553408142580e-01
3.000000000000000000e+00 -5.776526007877728119e+01 -1.516434133593293598e+00 -2.901851052045868462e-01
4.000000000000000000e+00 -6.405165083358997435e+01 -2.194364334768259539e+00 -1.582447020441020591e+00
5.000000000000000000e+00 -7.295003786064779661e+01 -3.106123034778174308e+00 -1.962588989497241698e+00
6.000000000000000000e+00 -8.474594531155410948e+01 -4.117548465576934547e+00 -2.000000000000000000e+00
7.000000000000000000e+00 -9.954085377071672269e+01 -5.164397302870969320e+00 -2.000000000000000000e+00
8.000000000000000000e+00 -1.173140706168570944e+02 -6.204023052721440834e+00 -2.000000000000000000e+00
9.000000000000000000e+00 -1.378557577313069373e+02 -7.170401481232858032e+00 -8.425176704610448652e-01
1.000000000000000000e+01 -1.602011938075900730e+02 -7.800028646501274032e+00 1.705487371157130561e-01
1.100000000000000000e+01 1.767988906640514699e+02 -8.000000000000000000e+00 1.106898133059103007e+00
1.200000000000000000e+01 1.544762124534253758e+02 -7.792084652772434339e+00 5.756187933552396885e-01
1.300000000000000000e+01 1.333266858379452628e+02 -7.382577493566004456e+00 5.811861513327523099e-01
1.400000000000000000e+01 1.139899056230419632e+02 -6.749809629691183588e+00 2.412745148755721658e-01
1.500000000000000000e+01 9.671979564582096600e+01 -6.028405625680584912e+00 1.362397817124105792e-01
1.600000000000000000e+01 8.164206191177714800e+01 -5.263121947961683311e+00 -8.079663095125795280e-01
1.700000000000000000e+01 6.834290243349785499e+01 -4.642282412875705866e+00 1.880662688018523987e-01
1.800000000000000000e+01 5.712147934626804613e+01 -3.917015592629348397e+00 2.516259655029902120e-01
1.900000000000000000e+01 4.781262223850330884e+01 -3.249404122563429365e+00 1.711975982172880606e+00
2.000000000000000000e+01 4.083143715873204371e+01 -2.436893306662223146e+00 2.000000000000000000e+00
2.100000000000000000e+01 3.611451508388051224e+01 -1.646516415323235005e+00 2.000000000000000000e+00
2.200000000000000000e+01 3.352341188441326381e+01 -9.044656417932612769e-01 2.000000000000000000e+00
2.300000000000000000e+01 3.297836462814687053e+01 -1.902573840161906338e-01 1.960614276302456549e+00
2.400000000000000000e+01 3.444535570491349574e+01 5.120764877390955316e-01 1.063742142576989735e+00
2.500000000000000000e+01 3.758474273307631819e+01 1.095852802716831942e+00 6.949933542309874035e-01
2.600000000000000000e+01 4.233328065744108670e+01 1.657552428719654802e+00 1.786193465913746836e+00
2.700000000000000000e+01 4.929633063996927689e+01 2.430562963521008424e+00 1.232661028532620495e+00
2.800000000000000000e+01 5.841790911485557558e+01 3.184031547316174660e+00 1.025639092938253949e+00
2.900000000000000000e+01 6.981058878834762993e+01 3.976795418549384564e+00 2.000000000000000000e+00
3.000000000000000000e+01 8.407928057995539461e+01 4.980713034316875287e+00 1.811364385813100775e+00
3.100000000000000000e+01 1.012634791211598042e+02 5.998416877208467390e+00 1.056783912281247240e+00
3.200000000000000000e+01 1.210090055716425184e+02 6.892488982011040655e+00 4.277057481691994845e-01
3.300000000000000000e+01 1.427798536482499401e+02 7.599459597765475749e+00 -6.430162475289842305e-01
3.400000000000000000e+01 1.655740241941349780e+02 7.956666525736152629e+00 -1.007026083115962756e+00
3.500000000000000000e+01 -1.715292663729554477e+02 7.992459349534322577e+00 -1.491546559523988069e+00
3.600000000000000000e+01 -1.495899984643322682e+02 7.658249209652101541e+00 -1.086357006274207837e+00
3.700000000000000000e+01 -1.292051415292905574e+02 7.115657421289549589e+00 -6.832888905388143641e-01
3.800000000000000000e+01 -1.107788238207591860e+02 6.431998260648185806e+00 -3.863538202160432533e-01
3.900000000000000000e+01 -9.452737001151457719e+01 5.672827544141857636e+00 -2.000000000000000000e+00
4.000000000000000000e+01 -8.127724046257645796e+01 4.625167738895226144e+00 -6.254132704659141062e-01
4.100000000000000000e+01 -7.041960299603402973e+01 3.790030455581221425e+00 -5.746320593977123359e-01
4.200000000000000000e+01 -6.183323879781738697e+01 2.997206520684869702e+00 -5.412755386218410791e-01
4.300000000000000000e+01 -5.537362063379327992e+01 2.254832107677033015e+00 -8.913010035687425336e-01
4.400000000000000000e+01 -5.106503294529309755e+01 1.503980825504402485e+00 -1.203903942165756913e+00
4.500000000000000000e+01 -4.894508792514779572e+01 7.400004112558590252e-01 -8.014080593574886002e-01
4.600000000000000000e+01 -4.878973371184250851e+01 5.422885058045689988e-02 -7.934935244535989973e-01
4.700000000000000000e+01 -5.059173706375224100e+01 -6.290178324559790868e-01 -9.011217876835444507e-01
4.800000000000000000e+01 -5.444106125204744728e+01 -1.343667621248188837e+00 -1.542061567591418214e+00
4.900000000000000000e+01 -6.070095506186189738e+01 -2.185115156129479264e+00 -2.000000000000000000e+00
5.000000000000000000e+01 -6.969402391950929143e+01 -3.139173228490245382e+00 -2.000000000000000000e+00
5.100000000000000000e+01 -8.156159211976314793e+01 -4.142562785988149088e+00 -2.000000000000000000e+00
5.200000000000000000e+01 -9.641392848747507571e+01 -5.184443424605371220e+00 -2.000000000000000000e+00
5.300000000000000000e+01 -1.142608447969087564e+02 -6.229749018549855855e+00 -1.625192876791164309e+00
5.400000000000000000e+01 -1.347649736238125513e+02 -7.157291165651072262e+00 -1.149390945048132551e+00
5.500000000000000000e+01 -1.572885198889571257e+02 -7.862200831040892623e+00 -1.508942372966681766e-01
5.600000000000000000e+01 1.792935401521643541e+02 -8.000000000000000000e+00 2.222760708273150421e-01
5.700000000000000000e+01 1.564972360255491139e+02 -7.957411285908133181e+00 -1.555977231141389971e-01
5.800000000000000000e+01 1.344909127065948837e+02 -7.681655963483142280e+00 3.553066480545434835e-01
5.900000000000000000e+01 1.141699940226313572e+02 -7.093338761303925821e+00 5.062867233248566912e-01
6.000000000000000000e+01 9.602687075868318800e+01 -6.333144751021513308e+00 1.073772345868853506e+00
6.100000000000000000e+01 8.048188312952468948e+01 -5.426224326212069293e+00 1.528953286415466462e+00
6.200000000000000000e+01 6.771292763043202001e+01 -4.457206309996053051e+00 1.468908287796760970e+00
6.300000000000000000e+01 5.756327082724319411e+01 -3.542898583261735013e+00 1.378340209834333585e+00
6.400000000000000000e+01 4.981928970883662089e+01 -2.703159354569343087e+00 1.426006413670429795e+00
6.500000000000000000e+01 4.432964234814831173e+01 -1.916248424348551360e+00 1.255719744069662580e+00
6.600000000000000000e+01 4.088100546159043347e+01 -1.203801367523217092e+00 1.600941834272034736e+00
6.700000000000000000e+01 3.952655488335617662e+01 -4.727924429145771157e-01 1.340400779672886511e+00
6.800000000000000000e+01 4.011553975965472318e+01 2.055945067172313401e-01 1.420424611737854725e+00
6.900000000000000000e+01 4.269931155649005206e+01 9.019064994989242079e-01 1.775457240742168041e+00
7.000000000000000000e+01 4.750309918918276963e+01 1.676838215141442934e+00 1.776027844853798943e+00
7.100000000000000000e+01 5.465426507480666629e+01 2.496227801208660058e+00 1.433051356537824672e+00
7.200000000000000000e+01 6.417379427873956388e+01 3.322942556967682481e+00 1.519708593693492649e+00
7.300000000000000000e+01 7.628035970440001279e+01 4.225988555717665740e+00 1.778920961941500511e+00
7.400000000000000000e+01 9.123864795375818915e+01 5.221427608273565113e+00 9.731217676969983188e-01
7.500000000000000000e+01 1.087631941494906300e+02 6.117220620667560560e+00 4.087425486758542448e-01
7.600000000000000000e+01 1.284977916681333738e+02 6.888674065124389401e+00 7.924936619284985717e-01
7.700000000000000000e+01 1.502544952183874045e+02 7.594522226645443297e+00 8.135536336221251830e-01
7.800000000000000000e+01 1.734268180115427924e+02 8.000000000000000000e+00 -1.110385313612388902e+00
7.900000000000000000e+01 -1.638860691503813314e+02 7.919296335917980656e+00 -6.314320243189466275e-01
8.000000000000000000e+01 -1.420666321088079371e+02 7.616420346141334896e+00 2.558021960995646715e-01
8.100000000000000000e+01 -1.214581074262136866e+02 7.193732193795779217e+00 -3.880985985998699483e-01
8.200000000000000000e+01 -1.028491517795137327e+02 6.495750927850099998e+00 -7.855490464944878681e-01
8.300000000000000000e+01 -8.667254968265930870e+01 5.646699367502565181e+00 -1.219675785020222447e+00
8.400000000000000000e+01 -7.316503411801946299e+01 4.715012407346924839e+00 -1.252043900296974765e+00
8.500000000000000000e+01 -6.225205417736398772e+01 3.809348623370666598e+00 -1.348447985913230118e+00
8.600000000000000000e+01 -5.382004006173056609e+01 2.943328177848822058e+00 -1.365490880159967668e+00
8.700000000000000000e+01 -4.770907441905079338e+01 2.133129418820265855e+00 -1.107841734868864503e+00
8.800000000000000000e+01 -4.366356294988054287e+01 1.412149901284280418e+00 -1.110602422255676291e+00
8.900000000000000000e+01 -4.157873379836233596e+01 7.277426607110467627e-01 -8.452221319693430379e-01
9.000000000000000000e+01 -4.128302202049800229e+01 1.032228832131769636e-01 -7.783169892729736583e-01
9.100000000000000000e+01 -4.273936308614875657e+01 -5.083589325521721269e-01 -8.065165035957400086e-01
9.200000000000000000e+01 -4.600045182454910275e+01 -1.138334713695878797e+00 -6.735099390437015998e-01
9.300000000000000000e+01 -5.109653945736474867e+01 -1.778870163255938941e+00 -6.419427186957360476e-01
9.400000000000000000e+01 -5.814052695388044611e+01 -2.458815485670232004e+00 -9.071210830015259408e-01
9.500000000000000000e+01 -6.739921721411694477e+01 -3.231892589269145244e+00 -1.083133099619412176e+00
9.600000000000000000e+01 -7.910694019697329793e+01 -4.086766279245098943e+00 -1.003696455733611215e+00
9.700000000000000000e+01 -9.335584753004081904e+01 -4.973806955471851587e+00 -1.313511132004000492e+00
9.800000000000000000e+01 -1.103141020930022762e+02 -5.919547550300591432e+00 -1.572121692376555746e+00
9.900000000000000000e+01 -1.299628830695762929e+02 -6.858718440888865508e+00 -1.337222413383229558e+00
1.000000000000000000e+02 -1.518331041478959378e+02 -7.634147319114846120e+00 -1.430787243548937493e+00
1.010000000000000000e+02 -1.753323851963127709e+02 -8.000000000000000000e+00 -7.656139888709452279e-01
1.020000000000000000e+02 1.612454626082739253e+02 -8.000000000000000000e+00 -1.659034655262759728e+00
1.030000000000000000e+02 1.383050364719219374e+02 -8.000000000000000000e+00 -1.134542223610780276e+00
1.040000000000000000e+02 1.163283584768541914e+02 -7.671307793290383259e+00 -2.924364913550525635e-02
1.050000000000000000e+02 9.626482586436061695e+01 -7.003494073385451379e+00 4.447225237190985947e-01
1.060000000000000000e+02 7.852815931032198193e+01 -6.191264593926627313e+00 1.309249884721022994e+00
1.070000000000000000e+02 6.345976984287091938e+01 -5.259860183597114158e+00 1.359011989206221571e+00
1.080000000000000000e+02 5.089754770813340201e+01 -4.385042752361612450e+00 1.388712790320011603e+00
1.090000000000000000e+02 4.059942983180434339e+01 -3.594721274008557899e+00 1.179101844408305677e+00
1.100000000000000000e+02 3.220622551839540648e+01 -2.929781001231518189e+00 9.703217851557055518e-01
1.110000000000000000e+02 2.537511738164353048e+01 -2.384506570921912427e+00 7.004386565549877153e-01
1.120000000000000000e+02 1.976576407978047101e+01 -1.958033680502507812e+00 7.227193572584722503e-01
1.130000000000000000e+02 1.519357796284082873e+01 -1.595994035091434338e+00 5.884435255124358388e-01
1.140000000000000000e+02 1.143736192100307747e+01 -1.311166746925962912e+00 6.324657300955192074e-01
1.150000000000000000e+02 8.378986274222807396e+00 -1.067574495982539506e+00 6.248140426319833685e-01
1.160000000000000000e+02 5.902197889684767773e+00 -8.645622437068064547e-01 4.971800812254313362e-01
1.170000000000000000e+02 3.859998086216104962e+00 -7.128622110821773994e-01 6.470095203697381336e-01
1.180000000000000000e+02 2.240470601554034769e+00 -5.653217386779074705e-01 5.543458694497557238e-01
1.190000000000000000e+02 9.431519446454246225e-01 -4.528496402121243714e-01 5.117905360055237107e-01
1.200000000000000000e+02 -9.887432878366296529e-02 -3.637357872724772401e-01 6.012057912384874969e-01
1.210000000000000000e+02 -8.862592292759310375e-01 -2.748491798815539400e-01 6.476007769808783676e-01
1.220000000000000000e+02 -1.428591590595163385e+00 -1.893097069027202539e-01 6.259005430071563625e-01
1.230000000000000000e+02 -1.755529639570854838e+00 -1.141229080934427209e-01 5.529455747534277599e-01
1.240000000000000000e+02 -1.910678891987988459e+00 -5.415730573372981582e-02 3.479012617515251926e-01
1.250000000000000000e+02 -1.987965768707022685e+00 -2.697820934660450851e-02 3.188224586938899208e-01
1.260000000000000000e+02 -2.002782545340065390e+00 -5.172030735574355970e-03 3.320949122760457617e-01
1.270000000000000000e+02 -1.949981097293440824e+00 1.843118236468149415e-02 3.795217221892766557e-01
1.280000000000000000e+02 -1.807202377885473332e+00 4.983917510900935655e-02 2.283915638655406588e-01
1.290000000000000000e+02 -1.634038465940343965e+00 6.044560818151542558e-02 3.479853894105473522e-01
1.300000000000000000e+02 -1.372606984147866527e+00 9.125680251293381839e-02 1.648660737965478296e-01
1.310000000000000000e+02 -1.091797364307985907e+00 9.802104874959441383e-02 1.191542332406879123e-01
1.320000000000000000e+02 -8.007249078367147943e-01 1.016034545458338045e-01 2.980788137429743467e-02
1.330000000000000000e+02 -5.268696644985979560e-01 9.559351340201636960e-02 -1.417672053464186233e-02
1.340000000000000000e+02 -2.788637520369911527e-01 8.657039473736499735e-02 -1.221295265778665207e-01
1.350000000000000000e+02 -9.379648719133874823e-02 6.460066218433788143e-02 -2.441149917865257368e-01
1.360000000000000000e+02 -1.714727963358009949e-02 2.675562081854424012e-02 -5.627263480603766910e-02
1.370000000000000000e+02 3.467752137398519979e-02 1.809026823546453291e-02 -5.570185630823154543e-02
1.380000000000000000e+02 6.386661977243127120e-02 1.018891745482159751e-02 -2.572356670739062157e-02
1.390000000000000000e+02 8.439682736866815915e-02 7.166394373447457396e-03 -2.506632951439080603e-02
1.400000000000000000e+02 9.732045317881077295e-02 4.511196433650779651e-03 -6.982716843286496111e-03
1.410000000000000000e+02 1.108929926933766991e-01 4.737710047716973613e-03 -2.540761928883927823e-02
1.420000000000000000e+02 1.177058966922195637e-01 2.378152128044865640e-03 -5.553155730593450912e-02
1.430000000000000000e+02 1.050698397366375408e-01 -4.410815966895654042e-03 1.876385599394528314e-02
1.440000000000000000e+02 1.044370727316218522e-01 -2.208773527049472454e-04 -3.501428517341861890e-02
1.450000000000000000e+02 9.267441306209348029e-02 -4.105942800501981987e-03 -3.474822675988162302e-02
1.460000000000000000e+02 6.945509182522650871e-02 -8.105072113227727165e-03 7.411734997246167272e-03
1.470000000000000000e+02 5.202529440048987014e-02 -6.084147060338222085e-03 -3.192895957787073025e-03
1.480000000000000000e+02 3.517439927666979327e-02 -5.882072036381017464e-03 -5.312719451510898583e-03
1.490000000000000000e+02 1.735957102556899903e-02 -6.218548173187584890e-03 4.234172018738442678e-03
1.500000000000000000e+02 2.015228076015894085e-03 -5.356186120506054547e-03 0.000000000000000000e+00
0.000000000000000000e+00 -4.316452313840719057e+01 9.407950521007122369e-01 -1.762694496693587798e+00
1.000000000000000000e+00 -4.269664817196608908e+01 1.633191730411035492e-01 -1.394803833422056050e+00
2.000000000000000000e+00 -4.428514188526300899e+01 -5.544889088852392733e-01 -1.198698004946112228e+00
3.000000000000000000e+00 -4.788894861098384581e+01 -1.257965859386896756e+00 -1.455246091005268916e+00
4.000000000000000000e+00 -5.371202656492744865e+01 -2.032637657932215625e+00 -2.000000000000000000e+00
5.000000000000000000e+00 -6.212641901271855716e+01 -2.937177055377998780e+00 -2.000000000000000000e+00
6.000000000000000000e+00 -7.329956306107447972e+01 -3.900163028868385062e+00 -2.000000000000000000e+00
7.000000000000000000e+00 -8.739010858650418356e+01 -4.918528256418058575e+00 -2.000000000000000000e+00
8.000000000000000000e+00 -1.044864538527468767e+02 -5.967750299073628639e+00 -2.000000000000000000e+00
9.000000000000000000e+00 -1.245225169569334156e+02 -6.993905406108222422e+00 -8.927484300914558801e-01
1.000000000000000000e+01 -1.467124427528297872e+02 -7.745745318232295951e+00 9.476239394965135787e-02
1.100000000000000000e+01 -1.700408832785609832e+02 -8.000000000000000000e+00 9.130824349081705371e-01
1.200000000000000000e+01 1.670615840776645769e+02 -7.992746704334914298e+00 3.467158571489648011e-01
1.300000000000000000e+01 1.447941190822619717e+02 -7.772811604847193578e+00 3.973865716511983948e-01
1.400000000000000000e+01 1.239361162977686206e+02 -7.280816479591073254e+00 1.943893317706493207e-01
1.500000000000000000e+01 1.049442479659054754e+02 -6.629412669925089929e+00 2.790745313881566325e-01
1.600000000000000000e+01 8.814822345471539222e+01 -5.862918579318765033e+00 -5.435384713673840906e-01
1.700000000000000000e+01 7.326610015723093738e+01 -5.194841024577193878e+00 5.696631942801348991e-01
1.800000000000000000e+01 6.068637541290978277e+01 -4.391152315660127314e+00 6.752821311537138271e-01
1.900000000000000000e+01 5.027030252831701773e+01 -3.635895339276943083e+00 2.000000000000000000e+00
2.000000000000000000e+01 4.236608026967743967e+01 -2.759094064453673667e+00 2.000000000000000000e+00
2.100000000000000000e+01 3.676915567683329300e+01 -1.953695242619464256e+00 2.000000000000000000e+00
2.200000000000000000e+01 3.331779856547664309e+01 -1.204750905105890002e+00 2.000000000000000000e+00
2.300000000000000000e+01 3.190606183363008341e+01 -4.927890828413310498e-01 2.000000000000000000e+00
2.400000000000000000e+01 3.248935301203638204e+01 2.036070312205506827e-01 1.872702465126825366e+00
2.500000000000000000e+01 3.503147953879405208e+01 8.873695578841787057e-01 1.323966189058071841e+00
2.600000000000000000e+01 3.937588702436600130e+01 1.516484293430371055e+00 2.000000000000000000e+00
2.700000000000000000e+01 4.594280908046314238e+01 2.292288232014612070e+00 1.643751004718402076e+00
2.800000000000000000e+01 5.476015807206376707e+01 3.077835424016662991e+00 1.311052755448864016e+00
2.900000000000000000e+01 6.589573960194114477e+01 3.887051236412551791e+00 2.000000000000000000e+00
3.000000000000000000e+01 7.985200054785956070e+01 4.871654095475483892e+00 1.935082658824988755e+00
3.100000000000000000e+01 9.675478100759241329e+01 5.900183435281988409e+00 1.108692842795635070e+00
3.200000000000000000e+01 1.162676647175571389e+02 6.811281345953016597e+00 4.505514742154992369e-01
3.300000000000000000e+01 1.379008789433374034e+02 7.551416320582825747e+00 -5.843389382043042701e-01
3.400000000000000000e+01 1.607234406411478176e+02 7.966576907326768264e+00 -9.609537235865293070e-01
3.500000000000000000e+01 -1.761576262977890792e+02 8.000000000000000000e+00 -1.401317815596569094e+00
3.600000000000000000e+01 -1.539854675026615496e+02 7.739543464999878886e+00 -9.936184454808976163e-01
3.700000000000000000e+01 -1.331826551885275762e+02 7.261551371121171883e+00 -5.995730500314477851e-01
3.800000000000000000e+01 -1.142041915580384597e+02 6.624733546440632281e+00 -3.426464425265391966e-01
3.900000000000000000e+01 -9.733267869182471088e+01 5.889268986160309360e+00 -2.000000000000000000e+00
4.000000000000000000e+01 -8.345162265834375148e+01 4.845402628761346087e+00 -7.380437487988262824e-01
4.100000000000000000e+01 -7.202229170954473148e+01 3.989589127132605828e+00 -7.361970311393037925e-01
4.200000000000000000e+01 -6.295300846360939317e+01 3.165777068750603274e+00 -7.129679939845412484e-01
4.300000000000000000e+01 -5.610370923789922415e+01 2.390856458858813038e+00 -1.055791445699135522e+00
4.400000000000000000e+01 -5.149153807593388166e+01 1.609951448836560495e+00 -1.350481909949598602e+00
4.500000000000000000e+01 -4.914100162606882805e+01 8.204920047656737436e-01 -9.259771972938586337e-01
4.600000000000000000e+01 -4.881340136844920607e+01 1.143540625168809610e-01 -8.930945045641136559e-01
4.700000000000000000e+01 -5.048654363758613073e+01 -5.840368290145706576e-01 -9.809277440423533889e-01
4.800000000000000000e+01 -5.423879373521936742e+01 -1.309782371239572640e+00 -1.603627449421979101e+00
4.900000000000000000e+01 -6.042364756045461149e+01 -2.158921260098419559e+00 -2.000000000000000000e+00
5.000000000000000000e+01 -6.933656555508694908e+01 -3.111195299331689590e+00 -2.000000000000000000e+00
5.100000000000000000e+01 -8.111929183087586637e+01 -4.112947367475322302e+00 -2.000000000000000000e+00
5.200000000000000000e+01 -9.588428900216284489e+01 -5.153956293732139926e+00 -2.000000000000000000e+00
5.300000000000000000e+01 -1.136459935956931417e+02 -6.200004518474091064e+00 -1.648749968680152556e+00
5.400000000000000000e+01 -1.340843945430930262e+02 -7.134347807497118055e+00 -1.171191739398437015e+00
5.500000000000000000e+01 -1.565694454878804720e+02 -7.848763429304053574e+00 -1.753962265732647019e-01
5.600000000000000000e+01 -1.799842275197504478e+02 -8.000000000000000000e+00 2.052698070743179670e-01
5.700000000000000000e+01 1.571850774090659399e+02 -7.969415990219915535e+00 -1.750784773128049032e-01
5.800000000000000000e+01 1.351122765328581181e+02 -7.704861008538300915e+00 3.415005102187191888e-01
5.900000000000000000e+01 1.147025283783994212e+02 -7.124346095962817316e+00 4.973222339240979117e-01
6.000000000000000000e+01 9.645846224872862251e+01 -6.368380458286681645e+00 1.074936960154664334e+00
6.100000000000000000e+01 8.081127229774421039e+01 -5.461899666592961999e+00 1.542801102325015439e+00
6.200000000000000000e+01 6.794807264494787091e+01 -4.490103725653748157e+00 1.491984913194899232e+00
6.300000000000000000e+01 5.771741556513471494e+01 -3.571173013704162180e+00 1.407633255571637765e+00
6.400000000000000000e+01 4.990811579909015450e+01 -2.725959863854015452e+00 1.457304573589654817e+00
6.500000000000000000e+01 4.436874635966438518e+01 -1.933604704046648415e+00 1.284294369800302649e+00
6.600000000000000000e+01 4.088371504766793407e+01 -1.216505418588714083e+00 1.625731504932127702e+00
6.700000000000000000e+01 3.950359944263245637e+01 -4.817512273204616058e-01 1.360571252874639647e+00
6.800000000000000000e+01 4.007492282179399723e+01 1.994294811997719963e-01 1.436422342096828952e+00
6.900000000000000000e+01 4.264674247941243124e+01 8.977344158591022971e-01 1.787855392583821201e+00
7.000000000000000000e+01 4.744245629022083222e+01 1.674019919639416543e+00 1.785216753976727411e+00
7.100000000000000000e+01 5.458795983485618564e+01 2.494251271336256792e+00 1.439850693846812080e+00
7.200000000000000000e+01 6.410330889314951719e+01 3.321483410875213149e+00 1.523595292756182662e+00
7.300000000000000000e+01 7.620621140390439052e+01 4.224709957211229217e+00 1.780926312120339805e+00
7.400000000000000000e+01 9.116103725747062470e+01 5.220219004142041541e+00 9.733032219819559572e-01
7.500000000000000000e+01 1.086822599744905773e+02 6.116060507744505159e+00 4.085644531693555237e-01
7.600000000000000000e+01 1.284144316942317801e+02 6.887827301567924998e+00 7.922951405352063325e-01
7.700000000000000000e+01 1.501705682427455599e+02 7.594324305700803635e+00 8.138641048618424634e-01
7.800000000000000000e+01 1.733451888760178861e+02 8.000000000000000000e+00 -1.110002776944138514e+00
7.900000000000000000e+01 -1.639644931831734880e+02 7.920415127829018687e+00 -6.306871388014951840e-01
8.000000000000000000e+01 -1.421387050319390823e+02 7.618637301636129955e+00 2.573823091706919364e-01
8.100000000000000000e+01 -1.215210174740519591e+02 7.196930640651988398e+00 -3.874185008298591804e-01
8.200000000000000000e+01 -1.029013744277202278e+02 6.499481534091112955e+00 -7.857366895747119884e-01
8.300000000000000000e+01 -8.671372918741280955e+01 5.650554151763067523e+00 -1.220973601772959105e+00
8.400000000000000000e+01 -7.319581725176462328e+01 4.718641425434013215e+00 -1.254366491312965959e+00
8.500000000000000000e+01 -6.227377302650698709e+01 3.812512655583577992e+00 -1.351348889094715622e+00
8.600000000000000000e+01 -5.383432025805591081e+01 2.945924757520436366e+00 -1.368549453005785788e+00
8.700000000000000000e+01 -4.771754635607399564e+01 2.135156883792906690e+00 -1.110652145549259728e+00
8.800000000000000000e+01 -4.366764807252390312e+01 1.413681188376321174e+00 -1.113085722292836088e+00
8.900000000000000000e+01 -4.157961004258009297e+01 7.288627705875083684e-01 -8.473435628816082810e-01
9.000000000000000000e+01 -4.128162558401830040e+01 1.040161984335170597e-01 -7.800729491686750894e-01
9.100000000000000000e+01 -4.273640918551944168e+01 -5.078152750043165575e-01 -8.079051900489284677e-01
9.200000000000000000e+01 -4.599645584608111193e+01 -1.137970959908941815e+00 -6.745851986124336008e-01
9.300000000000000000e+01 -5.109185936291716246e+01 -1.778631361729747340e+00 -6.427297559206679445e-01
9.400000000000000000e+01 -5.813539072422021547e+01 -2.458656264444332606e+00 -9.075991496527071600e-01
9.500000000000000000e+01 -6.739372860983550595e+01 -3.231769587322336434e+00 -1.083439051507408379e+00
9.600000000000000000e+01 -7.910115158282710013e+01 -4.086661556046532695e+00 -1.003699297887663766e+00
9.700000000000000000e+01 -9.334971909488675124e+01 -4.973688335562753693e+00 -1.313389823767096010e+00
9.800000000000000000e+01 -1.103075951489779811e+02 -5.919415425779920525e+00 -1.572070974335349813e+00
9.900000000000000000e+01 -1.299560605214471423e+02 -6.858608274273609418e+00 -1.337191560029102888e+00
1.000000000000000000e+02 -1.518261170530880122e+02 -7.634089881488497653e+00 -1.430772536783117221e+00
1.010000000000000000e+02 -1.753254582146704479e+02 -8.000000000000000000e+00 -7.656017218620987386e-01
1.020000000000000000e+02 1.612521359622310797e+02 -8.000000000000000000e+00 -1.659173048557877728e+00
1.030000000000000000e+02 1.383114133874298943e+02 -8.000000000000000000e+00 -1.134801803949112120e+00
1.040000000000000000e+02 1.163344452762714809e+02 -7.671409062910267807e+00 -2.953743323355673134e-02
1.050000000000000000e+02 9.627039505793132435e+01 -7.003674751910447860e+00 4.443670545343800793e-01
1.060000000000000000e+02 7.853303534633164418e+01 -6.191506551560131300e+00 1.308959823887086316e+00
1.070000000000000000e+02 6.346386443586172987e+01 -5.260132958669028191e+00 1.358875767866141615e+00
1.080000000000000000e+02 5.090087092529798696e+01 -4.385312013320367797e+00 1.388695144623051103e+00
1.090000000000000000e+02 4.060205268702271297e+01 -3.594965746446917354e+00 1.179163575095655059e+00
1.100000000000000000e+02 3.220824921734996593e+01 -2.929990146222278380e+00 9.704198243109325439e-01
1.110000000000000000e+02 2.537664826495770143e+01 -2.384678596032505205e+00 7.005458750091863029e-01
1.120000000000000000e+02 1.976690009033631412e+01 -1.958171517097708758e+00 7.228267812005748638e-01
1.130000000000000000e+02 1.519440535304281426e+01 -1.596101763917691096e+00 5.885385722896676608e-01
1.140000000000000000e+02 1.143795147674278567e+01 -1.311249766814785556e+00 6.325484693155163374e-01
1.150000000000000000e+02 8.379395219353011015e+00 -1.067637540978541910e+00 6.248854643298894507e-01
1.160000000000000000e+02 5.902472087160844261e+00 -8.646092795112749751e-01 4.972384475250660740e-01
1.170000000000000000e+02 3.860172845002334263e+00 -7.128969217330133334e-01 6.470596486524502478e-01
1.180000000000000000e+02 2.240574001280574379e+00 -5.653466476887512027e-01 5.543854270974448717e-01
1.190000000000000000e+02 9.432048584846877137e-01 -4.528672631112867775e-01 5.118215735287325874e-01
1.200000000000000000e+02 -9.885657943832266981e-02 -3.637480619964669204e-01 6.012307078015063366e-01
1.210000000000000000e+02 -8.862652717208387987e-01 -2.748574847830494994e-01 6.476205446655205478e-01
1.220000000000000000e+02 -1.428613156858122846e+00 -1.893151257374761642e-01 6.259162578722665682e-01
1.230000000000000000e+02 -1.755560785169518745e+00 -1.141262519124058572e-01 5.529581641807806980e-01
1.240000000000000000e+02 -1.910715374426165791e+00 -5.415916864216362842e-02 3.479113099955989941e-01
1.250000000000000000e+02 -1.988004637400725416e+00 -2.697904230691027666e-02 3.188306376800377762e-01
1.260000000000000000e+02 -2.002821742327568710e+00 -5.172145331739926716e-03 3.321014919569539314e-01
1.270000000000000000e+02 -1.950019264154293497e+00 1.843154194672086757e-02 3.795270390699228558e-01
1.280000000000000000e+02 -1.807238660286913046e+00 4.983983290942455013e-02 2.283959514221848841e-01
1.290000000000000000e+02 -1.634072338382119405e+00 6.044644941613880329e-02 3.479886729854071437e-01
1.300000000000000000e+02 -1.372638305317627649e+00 9.125769307486775173e-02 1.648688694747236783e-01
1.310000000000000000e+02 -1.091826107058349704e+00 9.802194878774884990e-02 1.191565157887098797e-01
1.320000000000000000e+02 -8.007511689723665338e-01 1.016043207927774805e-01 2.980978594263633541e-02
1.330000000000000000e+02 -5.268936102879958616e-01 9.559432161031899966e-02 -1.417518487921731740e-02
1.340000000000000000e+02 -2.788856205099465302e-01 8.657111985758411676e-02 -1.221282118765902314e-01
1.350000000000000000e+02 -9.381653345464667504e-02 6.460129825549763838e-02 -2.441138270484495276e-01
1.360000000000000000e+02 -1.716575491182509641e-02 2.675616919579403008e-02 -5.627176166353736741e-02
1.370000000000000000e+02 3.466029946328463840e-02 1.809070574327351077e-02 -5.570090892779389069e-02
1.380000000000000000e+02 6.385041251449918853e-02 1.018927163545358706e-02 -2.572294245885978214e-02
1.390000000000000000e+02 8.438129524275274351e-02 7.166630038980614965e-03 -2.506571531527679308e-02
1.400000000000000000e+02 9.730527766345448137e-02 4.511320914218774555e-03 -6.982155125050848454e-03
1.410000000000000000e+02 1.108778460881937877e-01 4.737720139275339477e-03 -2.540709579598654511e-02
1.420000000000000000e+02 1.176904359551008000e-01 2.378042475304237291e-03 -5.553114685968418840e-02
1.430000000000000000e+02 1.050536614674003888e-01 -4.411066432847359463e-03 1.876423186109008046e-02
1.440000000000000000e+02 1.044197317632433591e-01 -2.212832112780012406e-04 -3.501397997455918398e-02
1.450000000000000000e+02 9.265539025884074464e-02 -4.106529871614358201e-03 -3.474796162229787377e-02
1.460000000000000000e+02 6.943378776744915659e-02 -8.105868421289168929e-03 7.411964072867590486e-03
1.470000000000000000e+02 5.200100862460529244e-02 -6.085187876315804358e-03 -3.192708799935994879e-03
1.480000000000000000e+02 3.514630149160128531e-02 -5.883402678612887488e-03 -5.312574065307808235e-03
1.490000000000000000e+02 1.732667003964252772e-02 -6.220224806566210414e-03 4.234254154989840202e-03
1.500000000000000000e+02 1.976325397807052620e-03 -5.358281106325917149e-03 0.000000000000000000e+00
0.000000000000000000e+00 1.612361004896362147e+02 -6.021283278112812276e-01 2.000000000000000000e+00
1.000000000000000000e+00 1.610617023139108710e+02 -6.087644751757437245e-02 2.000000000000000000e+00
2.000000000000000000e+00 1.624440656948170272e+02 4.825358491162624608e-01 2.000000000000000000e+00
3.000000000000000000e+00 1.653339599107880815e+02 1.008763382060686054e+00 2.000000000000000000e+00
4.000000000000000000e+00 1.696272811331081982e+02 1.498651823504679736e+00 2.000000000000000000e+00
5.000000000000000000e+00 1.751668947116937431e+02 1.933689924690059181e+00 7.046638600024577315e-01
6.000000000000000000e+00 -1.788096581344580898e+02 2.102579703090653229e+00 -1.285451544878380314e+00
7.000000000000000000e+00 -1.733832277017419869e+02 1.894181553626328451e+00 -2.000000000000000000e+00
8.000000000000000000e+00 -1.690638117552625204e+02 1.507760600584270083e+00 -2.000000000000000000e+00
9.000000000000000000e+00 -1.660114539017526170e+02 1.065473889857084799e+00 -2.000000000000000000e+00
1.000000000000000000e+01 -1.643379073524709213e+02 5.841779494071062118e-01 -2.000000000000000000e+00
1.100000000000000000e+01 -1.641038387584897293e+02 8.170535280971513714e-02 -2.000000000000000000e+00
1.200000000000000000e+01 -1.653176949220272718e+02 -4.237157339871365780e-01 -2.000000000000000000e+00
1.300000000000000000e+01 -1.679355681340883848e+02 -9.138101390045240136e-01 -2.000000000000000000e+00
1.400000000000000000e+01 -1.718619584910240405e+02 -1.370568788941648242e+00 -2.000000000000000000e+00
1.500000000000000000e+01 -1.769519370205269979e+02 -1.776737683912917642e+00 -2.000000000000000000e+00
1.600000000000000000e+01 1.769843993025364739e+02 -2.116617917922572367e+00 -2.000000000000000000e+00
1.700000000000000000e+01 1.701743317559813136e+02 -2.377162019412005112e+00 -2.000000000000000000e+00
1.800000000000000000e+01 1.628714867159608275e+02 -2.549173814225893064e+00 -2.000000000000000000e+00
1.900000000000000000e+01 1.553419994964773991e+02 -2.628286859336368853e+00 -2.000000000000000000e+00
2.000000000000000000e+01 1.478494701997211394e+02 -2.615386110610650405e+00 -2.000000000000000000e+00
2.100000000000000000e+01 1.406408675440665377e+02 -2.516277016183587012e+00 -2.000000000000000000e+00
2.200000000000000000e+01 1.339354203418231748e+02 -2.340642629955783427e+00 -2.000000000000000000e+00
2.300000000000000000e+01 1.279177852920938108e+02 -2.100550896023800629e+00 -2.000000000000000000e+00
2.400000000000000000e+01 1.227357233117529205e+02 -1.808880871987319061e+00 -2.000000000000000000e+00
2.500000000000000000e+01 1.185015636765864429e+02 -1.478000533773929481e+00 -2.000000000000000000e+00
2.600000000000000000e+01 1.152961585504239252e+02 -1.118897466236811189e+00 -2.000000000000000000e+00
2.700000000000000000e+01 1.131738825809743929e+02 -7.408140660569806357e-01 -1.469484757512334205e+00
2.800000000000000000e+01 1.123953742646038165e+02 -2.717506674964798585e-01 4.121998983137273309e-01
2.900000000000000000e+01 1.137805338662627719e+02 4.835119142912336909e-01 2.000000000000000000e+00
3.000000000000000000e+01 1.179912994043727821e+02 1.469834453390616247e+00 2.000000000000000000e+00
3.100000000000000000e+01 1.249587486864657251e+02 2.432098608764742487e+00 2.000000000000000000e+00
3.200000000000000000e+01 1.345465447937173451e+02 3.346772201628721799e+00 2.000000000000000000e+00
3.300000000000000000e+01 1.465250377179556551e+02 4.181282819096039383e+00 2.000000000000000000e+00
3.400000000000000000e+01 1.605480715173436579e+02 4.894962218355420447e+00 1.877371829672479286e+00
3.500000000000000000e+01 1.760933615576169018e+02 5.426329887604996571e+00 1.200996124818755728e+00
3.600000000000000000e+01 -1.676988728780983706e+02 5.657577469762511413e+00 1.661819448560313273e+00
3.700000000000000000e+01 -1.512347496317754860e+02 5.747063182049442887e+00 2.000000000000000000e+00
3.800000000000000000e+01 -1.349451395383224792e+02 5.686146599937122126e+00 2.000000000000000000e+00
3.900000000000000000e+01 -1.193168305466956127e+02 5.455308968458463248e+00 -5.690300502933034466e-01
4.000000000000000000e+01 -1.058064560831876548e+02 4.716010351311531679e+00 2.000000000000000000e+00
4.100000000000000000e+01 -9.350399261899070780e+01 4.294369871130887084e+00 1.084428839398330791e+00
4.200000000000000000e+01 -8.288010521665665919e+01 3.708436290637520116e+00 7.872909492101367590e-01
4.300000000000000000e+01 -7.404992830446259688e+01 3.082313213027446874e+00 2.360266408292854834e-02
4.400000000000000000e+01 -6.727548312114785745e+01 2.364727468894264106e+00 -6.095890554059324451e-01
4.500000000000000000e+01 -6.274479227300287931e+01 1.581509453802094622e+00 -5.317572894534854377e-01
4.600000000000000000e+01 -6.035265274153418602e+01 8.350142198248680092e-01 -7.821025464773674329e-01
4.700000000000000000e+01 -6.016390899681694293e+01 6.588399575719816603e-02 -8.783386941650677127e-01
4.800000000000000000e+01 -6.221640420080723999e+01 -7.164559838204613840e-01 -1.636656860460905971e+00
4.900000000000000000e+01 -6.687309107716809820e+01 -1.625490364538151766e+00 -2.000000000000000000e+00
5.000000000000000000e+01 -7.436513939075868507e+01 -2.615218215812892488e+00 -2.000000000000000000e+00
5.100000000000000000e+01 -8.478571558978777034e+01 -3.637467292560262244e+00 -2.000000000000000000e+00
5.200000000000000000e+01 -9.820542885091496998e+01 -4.684363621604300754e+00 -2.000000000000000000e+00
5.300000000000000000e+01 -1.146111747845234419e+02 -5.726685655742765668e+00 -2.000000000000000000e+00
5.400000000000000000e+01 -1.338297601154654899e+02 -6.708551832008470939e+00 -1.507877421502117343e+00
5.500000000000000000e+01 -1.552463034529283163e+02 -7.475783912695613154e+00 -5.312034811762615938e-01
5.600000000000000000e+01 -1.777907694077845520e+02 -7.869503180320171154e+00 4.729701197275648639e-02
5.700000000000000000e+01 1.596022634109295097e+02 -7.891320224074839018e+00 -3.511092993685687169e-01
5.800000000000000000e+01 1.375932775858024115e+02 -7.682585353464580713e+00 1.726119945278843382e-01
5.900000000000000000e+01 1.171074529838064961e+02 -7.150901785817707079e+00 3.280622686851386582e-01
6.000000000000000000e+01 9.867517929387395270e+01 -6.434077290360942669e+00 9.296673100970211934e-01
6.100000000000000000e+01 8.276641108588498241e+01 -5.553207703320115485e+00 1.438322647561044665e+00
6.200000000000000000e+01 6.960720771764567871e+01 -4.593428514306067356e+00 1.434513210539578143e+00
6.300000000000000000e+01 5.907837152638427369e+01 -3.675257158813018066e+00 1.391310661946306926e+00
6.400000000000000000e+01 5.099062156566597537e+01 -2.823157317851531012e+00 1.481926622168530328e+00
6.500000000000000000e+01 4.520923070071084737e+01 -2.018086118763796399e+00 1.323454070039296271e+00
6.600000000000000000e+01 4.152137403805308935e+01 -1.287304822099752943e+00 1.673600265436559376e+00
6.700000000000000000e+01 3.997699427951320672e+01 -5.390902337535197208e-01 1.404640170388004261e+00
6.800000000000000000e+01 4.041664132666800668e+01 1.534657703904394044e-01 1.474040804780864633e+00
6.900000000000000000e+01 4.288273099055069792e+01 8.608276856830652246e-01 1.819398603276489057e+00
7.000000000000000000e+01 4.759276639194017378e+01 1.644112512794781100e+00 1.810697933572196217e+00
7.100000000000000000e+01 5.466734803009490662e+01 2.469494855738681771e+00 1.459922082753775330e+00
7.200000000000000000e+01 6.412212360763079744e+01 3.300339277302997587e+00 1.542011629268978279e+00
7.300000000000000000e+01 7.617267452071418177e+01 4.206435802250275913e+00 1.795972346562571875e+00
7.400000000000000000e+01 9.108131412104509650e+01 5.204096960379726688e+00 9.877286616036240474e-01
7.500000000000000000e+01 1.085626079586083677e+02 6.102122699481473234e+00 4.197791961404755412e-01
7.600000000000000000e+01 1.282611027990769514e+02 6.876071853065839790e+00 8.010350622857091984e-01
7.700000000000000000e+01 1.499908847718456002e+02 7.585124823306436781e+00 8.224885028650410490e-01
7.800000000000000000e+01 1.731486970219475552e+02 8.000000000000000000e+00 -1.109104188030574978e+00
7.900000000000000000e+01 -1.641532815770703735e+02 7.923104142705469144e+00 -6.289163841891487472e-01
8.000000000000000000e+01 -1.423122217265548386e+02 7.623968130332734461e+00 2.611578005283115012e-01
8.100000000000000000e+01 -1.216724968608375121e+02 7.204623112250246209e+00 -3.857988228304809475e-01
8.200000000000000000e+01 -1.030271442861399294e+02 6.508455852473502112e+00 -7.861961602196103627e-01
8.300000000000000000e+01 -8.681292887514547374e+01 5.659828890989174965e+00 -1.224094918084940309e+00
8.400000000000000000e+01 -7.326999808815880044e+01 4.727374652052486859e+00 -1.259948339197368927e+00
8.500000000000000000e+01 -6.232613612756577481e+01 3.820128481922195007e+00 -1.358321206327441244e+00
8.600000000000000000e+01 -5.386877452917046583e+01 2.952176118474570732e+00 -1.375902463227808736e+00
8.700000000000000000e+01 -4.773801366559294479e+01 2.140039254436769678e+00 -1.117410249305126779e+00
8.800000000000000000e+01 -4.367754877963920990e+01 1.417369628430179107e+00 -1.119058109875275431e+00
8.900000000000000000e+01 -4.158177913517464930e+01 7.315616131851483406e-01 -8.524461210971471248e-01
9.000000000000000000e+01 -4.127831656978736419e+01 1.059284184511383176e-01 -7.842968118419046952e-01
9.100000000000000000e+01 -4.272934388423350782e+01 -5.065040834691250105e-01 -8.112462807413818311e-01
9.200000000000000000e+01 -4.598687537410064863e+01 -1.137092999711548647e+00 -6.771725458608486292e-01
9.300000000000000000e+01 -5.108062594491887154e+01 -1.778054374722369158e+00 -6.446241031898480855e-01
9.400000000000000000e+01 -5.812305378583892690e+01 -2.458271063163408598e+00 -9.087506122848667545e-01
9.500000000000000000e+01 -6.738053868187202511e+01 -3.231471837788443491e+00 -1.084176368949946845e+00
9.600000000000000000e+01 -7.908723532053966210e+01 -4.086408017538063930e+00 -1.003708005594273756e+00
9.700000000000000000e+01 -9.333498150688768646e+01 -4.973401638804762825e+00 -1.313099585713350725e+00
9.800000000000000000e+01 -1.102919437357733301e+02 -5.919096440607417797e+00 -1.571949835724069988e+00
9.900000000000000000e+01 -1.299396468515839160e+02 -6.858342196504852772e+00 -1.337117967024829213e+00
1.000000000000000000e+02 -1.518093047168896135e+02 -7.633950720685179547e+00 -1.430737585476935081e+00
1.010000000000000000e+02 -1.753087879138558947e+02 -8.000000000000000000e+00 -7.655719971653898170e-01
1.020000000000000000e+02 1.612681959868260151e+02 -8.000000000000000000e+00 -1.659505861163122376e+00
1.030000000000000000e+02 1.383267600724612976e+02 -8.000000000000000000e+00 -1.135426197861703734e+00
1.040000000000000000e+02 1.163490938294860939e+02 -7.671652756886588875e+00 -3.024405726596213206e-02
1.050000000000000000e+02 9.628379808287667174e+01 -7.004109523294967943e+00 4.435118822299946029e-01
1.060000000000000000e+02 7.854477040554611733e+01 -6.192088781436408063e+00 1.308261889457499549e+00
1.070000000000000000e+02 6.347371905609225706e+01 -5.260789355702087278e+00 1.358547893568639253e+00
1.080000000000000000e+02 5.090886928468339789e+01 -4.385959970590832313e+00 1.388652556969489194e+00
1.090000000000000000e+02 4.060836562902222369e+01 -3.595554068099992229e+00 1.179311994580752643e+00
1.100000000000000000e+02 3.221312025287135583e+01 -2.930493466533247826e+00 9.706556331805731297e-01
1.110000000000000000e+02 2.538033327613036150e+01 -2.385092596630391970e+00 7.008037946301234333e-01
1.120000000000000000e+02 1.976963476222038452e+01 -1.958503248089638937e+00 7.230852098144651130e-01
1.130000000000000000e+02 1.519639724388609991e+01 -1.596361043413357939e+00 5.887672332673512532e-01
1.140000000000000000e+02 1.143937093071609468e+01 -1.311449584977602223e+00 6.327475288367108153e-01
1.150000000000000000e+02 8.380379948241388988e+00 -1.067789288659995339e+00 6.250573041289885223e-01
1.160000000000000000e+02 5.903132466759168473e+00 -8.647224987720401046e-01 4.973788754921851796e-01
1.170000000000000000e+02 3.860593852714141239e+00 -7.129804782841483446e-01 6.471802637945480718e-01
1.180000000000000000e+02 2.240823219613053308e+00 -5.654066134945406885e-01 5.544806086233207143e-01
1.190000000000000000e+02 9.433325272274701856e-01 -4.529096919221868855e-01 5.118962520749807954e-01
1.200000000000000000e+02 -9.881358261480591154e-02 -3.637776180719640151e-01 6.012906594613180999e-01
1.210000000000000000e+02 -8.862795721099545609e-01 -2.748774852833084648e-01 6.476681096975869245e-01
1.220000000000000000e+02 -1.428664851093411903e+00 -1.893281786521865961e-01 6.259540707993738184e-01
1.230000000000000000e+02 -1.755635562273687000e+00 -1.141343093536646980e-01 5.529884562095943590e-01
1.240000000000000000e+02 -1.910803020183858836e+00 -5.416366064964438232e-02 3.479354869947082762e-01
1.250000000000000000e+02 -1.988098047400242541e+00 -2.698105440689033824e-02 3.188503164298611137e-01
1.260000000000000000e+02 -2.002915961015644175e+00 -5.172427617297047087e-03 3.321173229927941173e-01
1.270000000000000000e+02 -1.950111019686675107e+00 1.843240175025870689e-02 3.795398314015482888e-01
1.280000000000000000e+02 -1.807325894403776223e+00 4.984141118118369518e-02 2.284065075143896228e-01
1.290000000000000000e+02 -1.634153784589082337e+00 6.044846977783184527e-02 3.479965732776887366e-01
1.300000000000000000e+02 -1.372713621704781284e+00 9.125983278562668777e-02 1.648755957563311225e-01
1.310000000000000000e+02 -1.091895226773107019e+00 9.802411183446936571e-02 1.191620074488033698e-01
1.320000000000000000e+02 -8.008143236663149978e-01 1.016064029778422639e-01 2.981436813733501223e-02
1.330000000000000000e+02 -5.269511989777101446e-01 9.559626451231850730e-02 -1.417149023783911832e-02
1.340000000000000000e+02 -2.789382150248003733e-01 8.657286315348274031e-02 -1.221250488812866131e-01
1.350000000000000000e+02 -9.386474686846239812e-02 6.460282754825953655e-02 -2.441110249088893069e-01
1.360000000000000000e+02 -1.721019109438577319e-02 2.675748769822534900e-02 -5.626966098523977777e-02
1.370000000000000000e+02 3.461887685520995822e-02 1.809175767920623984e-02 -5.569862980871898017e-02
1.380000000000000000e+02 6.381142951262647189e-02 1.019012321867476638e-02 -2.572144061243158975e-02
1.390000000000000000e+02 8.434393535641375450e-02 7.167196613181291143e-03 -2.506423770084242886e-02
1.400000000000000000e+02 9.726877485644193355e-02 4.511620091346188466e-03 -6.980803792660417173e-03
1.410000000000000000e+02 1.108414121995389134e-01 4.737744196323545424e-03 -2.540583644272514929e-02
1.420000000000000000e+02 1.176532458837281220e-01 2.377778517747153840e-03 -5.553015945332606673e-02
1.430000000000000000e+02 1.050147448952213763e-01 -4.411669095320022715e-03 1.876513607438418108e-02
1.440000000000000000e+02 1.043780178782838797e-01 -2.222596576392206827e-04 -3.501324576807587907e-02
1.450000000000000000e+02 9.260963029502437827e-02 -4.107942219573933532e-03 -3.474732379485651057e-02
1.460000000000000000e+02 6.938253981450108465e-02 -8.107784090875258531e-03 7.412515145376257636e-03
1.470000000000000000e+02 5.194258769167785922e-02 -6.087691718668797325e-03 -3.192258568388381401e-03
1.480000000000000000e+02 3.507871026735720488e-02 -5.886603714142728261e-03 -5.312224322063956172e-03
1.490000000000000000e+02 1.724752414477444956e-02 -6.224258147499802177e-03 4.234451742783210126e-03
1.500000000000000000e+02 1.882741768452165891e-03 -5.363320826384447397e-03 0.000000000000000000e+00
0.000000000000000000e+00 -1.775312542324957974e+02 8.758898090649547274e-01 2.000000000000000000e+00
1.000000000000000000e+00 -1.742551273938514953e+02 1.143584000945924162e+00 2.000000000000000000e+00
2.000000000000000000e+00 -1.703346357926182009e+02 1.368509734766108599e+00 2.000000000000000000e+00
3.000000000000000000e+00 -1.659154420471552385e+02 1.542589622837370333e+00 2.000000000000000000e+00
4.000000000000000000e+00 -1.611596791596914784e+02 1.660074416607913994e+00 1.763356217806255621e+00
5.000000000000000000e+00 -1.563400183544231083e+02 1.682378997625086914e+00 -4.810505493008789824e-01
6.000000000000000000e+00 -1.525893211305516672e+02 1.309240316039357976e+00 -2.000000000000000000e+00
7.000000000000000000e+00 -1.506871975671577673e+02 6.639663792198009507e-01 -2.000000000000000000e+00
8.000000000000000000e+00 -1.506964124325052694e+02 -3.216594808823636242e-03 -2.000000000000000000e+00
9.000000000000000000e+00 -1.526166644007507216e+02 -6.702943862756964855e-01 -2.000000000000000000e+00
1.000000000000000000e+01 -1.563845796632372753e+02 -1.315250545330727494e+00 -2.000000000000000000e+00
1.100000000000000000e+01 -1.618726481067430996e+02 -1.915697278279543170e+00 -2.000000000000000000e+00
1.200000000000000000e+01 -1.688886449149796078e+02 -2.449044892262806083e+00 -2.000000000000000000e+00
1.300000000000000000e+01 -1.771781473630533128e+02 -2.893582221420321066e+00 -2.000000000000000000e+00
1.400000000000000000e+01 1.735671367968040784e+02 -3.230505254939248339e+00 -2.000000000000000000e+00
1.500000000000000000e+01 1.636937101404761279e+02 -3.446476072141945401e+00 -2.000000000000000000e+00
1.600000000000000000e+01 1.535641113469969241e+02 -3.535897017045134927e+00 -2.000000000000000000e+00
1.700000000000000000e+01 1.435316206137894994e+02 -3.501999909405804079e+00 -2.000000000000000000e+00
1.800000000000000000e+01 1.339167711229953852e+02 -3.356215613961141653e+00 -2.000000000000000000e+00
1.900000000000000000e+01 1.249902189417650646e+02 -3.115954528271011270e+00 -2.000000000000000000e+00
2.000000000000000000e+01 1.169644637335092341e+02 -2.801517066862948990e+00 -2.000000000000000000e+00
2.100000000000000000e+01 1.099942857073768891e+02 -2.433051120123368882e+00 -2.000000000000000000e+00
2.200000000000000000e+01 1.041837600640245114e+02 -2.028256074961222843e+00 -2.000000000000000000e+00
2.300000000000000000e+01 9.959688929907179045e+01 -1.601119944237911152e+00 -2.000000000000000000e+00
2.400000000000000000e+01 9.626910422486781727e+01 -1.161616126871662491e+00 -2.000000000000000000e+00
2.500000000000000000e+01 9.421762557528397508e+01 -7.161011393921041801e-01 -2.000000000000000000e+00
2.600000000000000000e+01 9.344948336387287213e+01 -2.681322142534745545e-01 -1.825609948621170320e+00
2.700000000000000000e+01 9.404154205449802362e+01 2.066674703290987125e-01 -5.909237201888887236e-01
2.800000000000000000e+01 9.652291861965174746e+01 8.661638208751993862e-01 5.772544468581032318e-01
2.900000000000000000e+01 1.013870348220413717e+02 1.697896858626043670e+00 2.000000000000000000e+00
3.000000000000000000e+01 1.092168863037055644e+02 2.733133765943930538e+00 2.000000000000000000e+00
3.100000000000000000e+01 1.199350454003608633e+02 3.741343319784323995e+00 2.000000000000000000e+00
3.200000000000000000e+01 1.333745929145245270e+02 4.691287082007509213e+00 2.000000000000000000e+00
3.300000000000000000e+01 1.492353439318342794e+02 5.536446541821907985e+00 1.459182020383233080e+00
3.400000000000000000e+01 1.668221646272203031e+02 6.138958521847293959e+00 6.540874697678997762e-01
3.500000000000000000e+01 -1.748201177497582819e+02 6.408052313462235361e+00 1.028381396044535379e-01
3.600000000000000000e+01 -1.566121897811532904e+02 6.355765860362389219e+00 5.830952601276990777e-01
3.700000000000000000e+01 -1.390065842153388189e+02 6.145515678618038713e+00 1.123879384299045547e+00
3.800000000000000000e+01 -1.223274437110345474e+02 5.822118364057133455e+00 1.430169644025478526e+00
3.900000000000000000e+01 -1.068493055270779593e+02 5.402889467773962728e+00 -1.705383316752000056e+00
4.000000000000000000e+01 -9.416035542994258378e+01 4.429279156325330646e+00 1.428224813756302058e+00
4.100000000000000000e+01 -8.300060093550516171e+01 3.895489192843367032e+00 7.250460796242950146e-01
4.200000000000000000e+01 -7.366186003971115781e+01 3.259835532444999462e+00 5.391157118437694962e-01
4.300000000000000000e+01 -6.615327906613815401e+01 2.620989202829006715e+00 -1.178842954587646652e-01
4.400000000000000000e+01 -6.066052223528811993e+01 1.917333834194846265e+00 -6.633979580861133485e-01
4.500000000000000000e+01 -5.732583557180021216e+01 1.164025236004164743e+00 -4.786380691620211181e-01
4.600000000000000000e+01 -5.600541479547969459e+01 4.609138011706520599e-01 -6.563178489614531763e-01
4.700000000000000000e+01 -5.674840265245317283e+01 -2.593516881304794852e-01 -7.763529828417703449e-01
4.800000000000000000e+01 -5.962180830546449783e+01 -1.003007787809305107e+00 -1.512098171938252245e+00
4.900000000000000000e+01 -6.499859372856595030e+01 -1.876852176127134619e+00 -2.000000000000000000e+00
5.000000000000000000e+01 -7.318207897456656497e+01 -2.856575236621780256e+00 -2.000000000000000000e+00
5.100000000000000000e+01 -8.428169532920148299e+01 -3.874497021931797569e+00 -2.000000000000000000e+00
5.200000000000000000e+01 -9.837864826209400348e+01 -4.920764863552912871e+00 -2.000000000000000000e+00
5.300000000000000000e+01 -1.154606970623778608e+02 -5.962759891026014003e+00 -1.829219808794237068e+00
5.400000000000000000e+01 -1.352687165099887352e+02 -6.914303153197563390e+00 -1.337683147915876170e+00
5.500000000000000000e+01 -1.571637046259636747e+02 -7.642792646175855076e+00 -3.499495967208914315e-01
5.600000000000000000e+01 1.799570601519286583e+02 -7.986359699280699331e+00 1.952069216457266165e-01
5.700000000000000000e+01 1.571633191695382266e+02 -7.956516579789593813e+00 -1.861512669081313298e-01
5.800000000000000000e+01 1.351234662382940144e+02 -7.693360006110697924e+00 3.289427632253798528e-01
5.900000000000000000e+01 1.147409724128749104e+02 -7.114832540419552487e+00 4.828162266598581276e-01
6.000000000000000000e+01 9.651732419903476057e+01 -6.361253261133889225e+00 1.059022388886555532e+00
6.100000000000000000e+01 8.088346396799255444e+01 -5.457246716565764544e+00 1.526183923647421725e+00
6.200000000000000000e+01 6.802688394747178791e+01 -4.487793038084140207e+00 1.476710025073193489e+00
6.300000000000000000e+01 5.779739032027619317e+01 -3.570766892126800762e+00 1.394236103251729642e+00
6.400000000000000000e+01 4.998509701523448001e+01 -2.727004806089749600e+00 1.447418648205175407e+00
6.500000000000000000e+01 4.444034352960754575e+01 -1.935484090712451088e+00 1.277025198593203070e+00
6.600000000000000000e+01 4.094872260935620290e+01 -1.218805625798008663e+00 1.620867203943695323e+00
6.700000000000000000e+01 3.956176927186388070e+01 -4.841380462152974351e-01 1.357138679808027160e+00
6.800000000000000000e+01 4.012646228472398491e+01 1.971150467483012703e-01 1.433971182829002711e+00
6.900000000000000000e+01 4.269207663926810170e+01 8.955683564644817407e-01 1.786200742969117128e+00
7.000000000000000000e+01 4.748212410661917460e+01 1.672041992641834174e+00 1.784206156649106312e+00
7.100000000000000000e+01 5.462253272673405746e+01 2.492472807175797556e+00 1.439227980663347894e+00
7.200000000000000000e+01 6.413327020089737118e+01 3.319873664339184849e+00 1.523958450124615727e+00
7.300000000000000000e+01 7.623220762847822130e+01 4.223325882081171656e+00 1.781688293160878622e+00
7.400000000000000000e+01 9.118362805503234370e+01 5.219030285866081087e+00 9.747263664772427560e-01
7.500000000000000000e+01 1.087020395638573973e+02 6.115079210965303602e+00 4.097981768982519313e-01
7.600000000000000000e+01 1.284316925156410321e+02 6.886948085688841203e+00 7.932807235927445966e-01
7.700000000000000000e+01 1.501853315581380457e+02 7.593452511639200431e+00 8.146353004595190406e-01
7.800000000000000000e+01 1.733573057721477255e+02 8.000000000000000000e+00 -1.110059217544576260e+00
7.900000000000000000e+01 -1.639528518683006268e+02 7.920249118653106102e+00 -6.307973650864746595e-01
8.000000000000000000e+01 -1.421280062158045610e+02 7.618308307512521083e+00 2.571481918290410285e-01
8.100000000000000000e+01 -1.215116784895536597e+02 7.196455969865485081e+00 -3.875191851799830722e-01
8.200000000000000000e+01 -1.028936216111875552e+02 6.498927857021319809e+00 -7.857087158846187691e-01
8.300000000000000000e+01 -8.670761541130725902e+01 5.649982018722526256e+00 -1.220780997093726006e+00
8.400000000000000000e+01 -7.319124659544716849e+01 4.718102775012916084e+00 -1.254021866728023848e+00
8.500000000000000000e+01 -6.227054784001004606e+01 3.812042998016497375e+00 -1.350918445502651499e+00
8.600000000000000000e+01 -5.383219929976068840e+01 2.945539309164170838e+00 -1.368095587350412368e+00
8.700000000000000000e+01 -4.771628765447226783e+01 2.134855899426930215e+00 -1.110235079010705839e+00
8.800000000000000000e+01 -4.366704064970934951e+01 1.413453849192626066e+00 -1.112717185694810595e+00
8.900000000000000000e+01 -4.157947905464585858e+01 7.286964634408510388e-01 -8.470287225562124211e-01
9.000000000000000000e+01 -4.128183206391654636e+01 1.038983999375898692e-01 -7.798123427859594559e-01
9.100000000000000000e+01 -4.273684696457101495e+01 -5.078960136399736092e-01 -8.076990811286641758e-01
9.200000000000000000e+01 -4.599704841326501281e+01 -1.138024991159984012e+00 -6.744256032776774212e-01
9.300000000000000000e+01 -5.109255357428693145e+01 -1.778666842243922463e+00 -6.426129317319495549e-01
9.400000000000000000e+01 -5.813615272875035345e+01 -2.458679928721509533e+00 -9.075281755389505989e-01
9.500000000000000000e+01 -6.739454299371341506e+01 -3.231787871163910530e+00 -1.083393623416407880e+00
9.600000000000000000e+01 -7.910201056380107332e+01 -4.086677123369794273e+00 -1.003698847336089051e+00
9.700000000000000000e+01 -9.335062856957570432e+01 -4.973705961194311520e+00 -1.313407803434998966e+00
9.800000000000000000e+01 -1.103085608505209336e+02 -5.919435052654526075e+00 -1.572078488306901445e+00
9.900000000000000000e+01 -1.299570731100860428e+02 -6.858624640957628138e+00 -1.337196129483470664e+00
1.000000000000000000e+02 -1.518271541064800374e+02 -7.634098421298350701e+00 -1.430774712923358560e+00
1.010000000000000000e+02 -1.753264863859509433e+02 -8.000000000000000000e+00 -7.656035457863801241e-01
1.020000000000000000e+02 1.612511454353776514e+02 -8.000000000000000000e+00 -1.659152510572413419e+00
1.030000000000000000e+02 1.383104668599570743e+02 -8.000000000000000000e+00 -1.134763279174225481e+00
1.040000000000000000e+02 1.163335418098674836e+02 -7.671394031761665566e+00 -2.949383288946605397e-02
1.050000000000000000e+02 9.626956841772911844e+01 -7.003647934506998851e+00 4.444198123089202479e-01
1.060000000000000000e+02 7.853231158882623220e+01 -6.191470638724074327e+00 1.309002875761061446e+00
1.070000000000000000e+02 6.346325666537431687e+01 -5.260092471561961247e+00 1.358895987918886661e+00
1.080000000000000000e+02 5.090037764831627243e+01 -4.385272047547434937e+00 1.388697765652439298e+00
1.090000000000000000e+02 4.060166336383781527e+01 -3.594929459726425858e+00 1.179154414573983178e+00
1.100000000000000000e+02 3.220794882675360782e+01 -2.929959102892617295e+00 9.704052743672240133e-01
1.110000000000000000e+02 2.537642102335313865e+01 -2.384653062217472197e+00 7.005299622733710541e-01
1.120000000000000000e+02 1.976673146040664264e+01 -1.958151057763563685e+00 7.228108377411164298e-01
1.130000000000000000e+02 1.519428253257672701e+01 -1.596085773398329799e+00 5.885244656797492535e-01
1.140000000000000000e+02 1.143786395911039833e+01 -1.311237443801111180e+00 6.325361892438927658e-01
1.150000000000000000e+02 8.379334510849156814e+00 -1.067628182827276451e+00 6.248748638589852744e-01
1.160000000000000000e+02 5.902431380302507691e+00 -8.646022976198790566e-01 4.972297847584475905e-01
1.170000000000000000e+02 3.860146898825510764e+00 -7.128917692831835407e-01 6.470522084600265345e-01
1.180000000000000000e+02 2.240558647823768457e+00 -5.653429501319269246e-01 5.543795558200678153e-01
1.190000000000000000e+02 9.431969994378831545e-01 -4.528646470686996661e-01 5.118169668720444765e-01
1.200000000000000000e+02 -9.885921831441567276e-02 -3.637462398131261487e-01 6.012270096219419768e-01
1.210000000000000000e+02 -8.862643785594578327e-01 -2.748562518693992152e-01 6.476176106636230001e-01
1.220000000000000000e+02 -1.428609958964228044e+00 -1.893143212340540615e-01 6.259139254098420313e-01
1.230000000000000000e+02 -1.755556164961238341e+00 -1.141257554310259187e-01 5.529562956159879139e-01
1.240000000000000000e+02 -1.910709961683606295e+00 -5.415889199550476957e-02 3.479098186104298551e-01
1.250000000000000000e+02 -1.987998870134406459e+00 -2.697891855478647127e-02 3.188294237446440693e-01
1.260000000000000000e+02 -2.002815926045543371e+00 -5.172128222024032634e-03 3.321005153888203498e-01
1.270000000000000000e+02 -1.950013600528460733e+00 1.843148865966023203e-02 3.795262499342015872e-01
1.280000000000000000e+02 -1.807233276160388868e+00 4.983973534576138092e-02 2.283953002221133788e-01
1.290000000000000000e+02 -1.634067311783222731e+00 6.044632461545949853e-02 3.479881856336116686e-01
1.300000000000000000e+02 -1.372633657249520134e+00 9.125756094268708263e-02 1.648684545390849687e-01
1.310000000000000000e+02 -1.091821841573973773e+00 9.802181524083236619e-02 1.191561770128547609e-01
1.320000000000000000e+02 -8.007472717232994031e-01 1.016041922544053122e-01 2.980950326763545655e-02
1.330000000000000000e+02 -5.268900566123179141e-01 9.559420168058566092e-02 -1.417541280056333619e-02
1.340000000000000000e+02 -2.788823750924577793e-01 8.657101225518781806e-02 -1.221284070032179758e-01
1.350000000000000000e+02 -9.381355844308250647e-02 6.460120386601951592e-02 -2.441139999167007968e-01
1.360000000000000000e+02 -1.716301302804907822e-02 2.675608781883632992e-02 -5.627189125468345932e-02
1.370000000000000000e+02 3.466285535219221919e-02 1.809064081881698455e-02 -5.570104953470400577e-02
1.380000000000000000e+02 6.385281783294570468e-02 1.018921907646198541e-02 -2.572303510900697532e-02
1.390000000000000000e+02 8.438360037672924807e-02 7.166595067992220791e-03 -2.506580647306239085e-02
1.400000000000000000e+02 9.730752988317885321e-02 4.511302443663009129e-03 -6.982238493367931564e-03
1.410000000000000000e+02 1.108800940268915569e-01 4.737718644916746880e-03 -2.540717349071552889e-02
1.420000000000000000e+02 1.176927305234273108e-01 2.378058752129942263e-03 -5.553120777658326901e-02
1.430000000000000000e+02 1.050560625344376248e-01 -4.411029257790724870e-03 1.876417607639196961e-02
1.440000000000000000e+02 1.044223053971016224e-01 -2.212229740848952950e-04 -3.501402527092115080e-02
1.450000000000000000e+02 9.265821350598907324e-02 -4.106442740143070175e-03 -3.474800097285274392e-02
1.460000000000000000e+02 6.943694958983398502e-02 -8.105750236230682693e-03 7.411930074510481720e-03
1.470000000000000000e+02 5.200461298076828470e-02 -6.085033402883043008e-03 -3.192736577017157851e-03
1.480000000000000000e+02 3.515047160849501390e-02 -5.883205190849889570e-03 -5.312595642817385944e-03
1.490000000000000000e+02 1.733155302443478707e-02 -6.219975968737428799e-03 4.234241964735263597e-03
1.500000000000000000e+02 1.982099124010739798e-03 -5.357970178916783392e-03 0.000000000000000000e+00
