0.000000000000000000e+00 -5.023568375191501900e+01 -7.687412539050408888e-02 1.483366667590121146e+00
1.000000000000000000e+00 -5.147006589049063763e+01 -4.308806509190696854e-01 1.590547529636437973e+00
2.000000000000000000e+00 -5.370176696959578777e+01 -7.790106350139066604e-01 1.447688566766759166e+00
3.000000000000000000e+00 -5.704301978215273294e+01 -1.166317254412791771e+00 1.278720280319927349e+00
4.000000000000000000e+00 -6.163762180480888020e+01 -1.603818662282819663e+00 1.028461367043660868e+00
5.000000000000000000e+00 -6.768095137158665864e+01 -2.109519974467894077e+00 9.481014764864463817e-01
6.000000000000000000e+00 -7.530449112643468368e+01 -2.661117387575588022e+00 6.846907478342389997e-01
7.000000000000000000e+00 -8.471211293218537719e+01 -3.283879505855281877e+00 6.982099025363783795e-01
8.000000000000000000e+00 -9.595914889696328487e+01 -3.925956173511833125e+00 5.042921544458727201e-01
9.000000000000000000e+00 -1.091264623782034988e+02 -4.596259477797569382e+00 7.524095827112611268e-01
1.000000000000000000e+01 -1.240004361496893637e+02 -5.191996303354133424e+00 8.925282681667914275e-01
1.100000000000000000e+01 -1.402721282774091378e+02 -5.679892049991038583e+00 1.144773549404545676e+00
1.200000000000000000e+01 -1.574251454657447482e+02 -5.987532531752733256e+00 1.084527989216415467e+00
1.300000000000000000e+01 -1.749369442076514645e+02 -6.112770919857463348e+00 9.046931507389159854e-01
1.400000000000000000e+01 1.677504027065411663e+02 -6.043255972057896663e+00 8.206666625279732674e-01
1.500000000000000000e+01 1.512462735762514114e+02 -5.761027869957277225e+00 5.133685880549148095e-01
1.600000000000000000e+01 1.359963193510398582e+02 -5.323238240167269097e+00 4.877662549334038644e-02
1.700000000000000000e+01 1.222599618511468833e+02 -4.794893312082980863e+00 -4.444245868812288780e-01
1.800000000000000000e+01 1.101495513881902326e+02 -4.227330726931286975e+00 -7.043551698693328866e-01
1.900000000000000000e+01 9.975355739672117750e+01 -3.628886483373637617e+00 -9.318325620723911795e-01
2.000000000000000000e+01 9.107467286155618069e+01 -3.029502210780929516e+00 -8.747368096437819762e-01
2.100000000000000000e+01 8.416811166662020582e+01 -2.410844656842134448e+00 -8.955130583333825722e-01
2.200000000000000000e+01 7.901420337073949440e+01 -1.799053382179371940e+00 -8.624836466638499122e-01
2.300000000000000000e+01 7.559888764357235402e+01 -1.192170088684206597e+00 -9.021986835963335949e-01
2.400000000000000000e+01 7.387695998743241432e+01 -6.010661416158075143e-01 -8.729829335346228625e-01
2.500000000000000000e+01 7.384397792846658604e+01 -1.151291046082203451e-02 -8.109561271398483262e-01
2.600000000000000000e+01 7.552625171324906717e+01 5.872243292888178479e-01 -6.582017097289465379e-01
2.700000000000000000e+01 7.900608442853676650e+01 1.214690766007694656e+00 -7.525340314345212445e-01
2.800000000000000000e+01 8.427169903851945776e+01 1.838046241706300599e+00 -5.677915571624569946e-01
2.900000000000000000e+01 9.143118570225537667e+01 2.499132300696312647e+00 -5.049920660099040948e-01
3.000000000000000000e+01 1.005215894749012620e+02 3.173149523367694069e+00 -5.174638623739080678e-02
3.100000000000000000e+01 1.117022225517851268e+02 3.902777192980153576e+00 -6.803455533228808250e-02
3.200000000000000000e+01 1.248499156746447483e+02 4.589410680714306245e+00 -1.077350356090509553e-01
3.300000000000000000e+01 1.397145585247982922e+02 5.188739197364273359e+00 -1.056649701509648764e-04
3.400000000000000000e+01 1.559684267216316584e+02 5.673670324398715437e+00 1.298376199937196773e-01
3.500000000000000000e+01 1.731530810173273096e+02 5.998575965537524368e+00 -2.814434038741353561e-02
3.600000000000000000e+01 -1.694182100396425881e+02 6.083767108553137071e+00 5.726879611509481105e-01
3.700000000000000000e+01 -1.521379716805537043e+02 6.031941097910452854e+00 1.083605783994726401e+00
3.800000000000000000e+01 -1.353962195176487739e+02 5.843973955911464735e+00 1.690144766276709731e+00
3.900000000000000000e+01 -1.194369223240594948e+02 5.570845646648480809e+00 1.942606454666201188e+00
4.000000000000000000e+01 -1.045140542006633382e+02 5.209063651883406365e+00 2.000000000000000000e+00
4.100000000000000000e+01 -9.081177137880754913e+01 4.782999005616860089e+00 1.812125046977529408e+00
4.200000000000000000e+01 -7.847916126540130222e+01 4.304893036873804313e+00 1.608897326050827914e+00
4.300000000000000000e+01 -6.756048063584441365e+01 3.811338539189901287e+00 1.220803873593404143e+00
4.400000000000000000e+01 -5.810310493825042499e+01 3.301246890422214086e+00 1.370415783731498305e+00
4.500000000000000000e+01 -4.988099151092029615e+01 2.870059015586924112e+00 1.134888216980644238e+00
4.600000000000000000e+01 -4.281424035956937502e+01 2.466761500203474178e+00 1.427242778141411872e+00
4.700000000000000000e+01 -3.659441054684548789e+01 2.171130182914682738e+00 8.226219362920903500e-01
4.800000000000000000e+01 -3.130196055235208874e+01 1.847413558021313573e+00 1.031315335755838669e+00
4.900000000000000000e+01 -2.668263272524885110e+01 1.612449596238936467e+00 6.253136793225944068e-01
5.000000000000000000e+01 -2.275941735042857061e+01 1.369460511109546363e+00 7.759093818814258858e-01
5.100000000000000000e+01 -1.933398911849606350e+01 1.195700018759804362e+00 3.113733225303262353e-01
5.200000000000000000e+01 -1.648610138477888398e+01 9.941003536104860983e-01 2.963110072003182216e-01
5.300000000000000000e+01 -1.412061664341589839e+01 8.257099428494125704e-01 3.598804978662665244e-01
5.400000000000000000e+01 -1.212466364723234769e+01 6.967190299689749455e-01 6.839872903953853056e-02
5.500000000000000000e+01 -1.055060747041341607e+01 5.494492579368880358e-01 4.944119648825991975e-01
5.600000000000000000e+01 -9.157508993590411706e+00 4.862831045015868492e-01 2.517817438968503185e-02
5.700000000000000000e+01 -8.095537381418289158e+00 3.706980239023172641e-01 3.128892520235793118e-01
5.800000000000000000e+01 -7.201685059617614293e+00 3.120133208403527703e-01 3.726857117827508947e-01
5.900000000000000000e+01 -6.417035490739915637e+00 2.738943690253976548e-01 4.603097272447320143e-01
6.000000000000000000e+01 -5.674718452208443509e+00 2.591175283205560675e-01 1.265783827057773980e-01
6.100000000000000000e+01 -5.090462562295974713e+00 2.039437790628419733e-01 3.450314134426789026e-01
6.200000000000000000e+01 -4.548581654576929090e+00 1.891521198678577376e-01 -1.819959974267187919e-02
6.300000000000000000e+01 -4.184914148315515448e+00 1.269439073355754233e-01 3.655379826243437824e-01
6.400000000000000000e+01 -3.820963043795632785e+00 1.270429018028396417e-01 5.374248224298977528e-01
6.500000000000000000e+01 -3.369250564021539329e+00 1.576774008881241806e-01 2.190823880576512062e-01
6.600000000000000000e+01 -2.949668454158635544e+00 1.464617859914449094e-01 2.057780546268266342e-01
6.700000000000000000e+01 -2.552223452350767641e+00 1.387344775428421828e-01 1.695804342974409351e-01
6.800000000000000000e+01 -2.177583358098857946e+00 1.307740630935541881e-01 -1.251244838292348005e-02
6.900000000000000000e+01 -1.889959810927581252e+00 1.003995580880800015e-01 6.647828836532443386e-02
7.000000000000000000e+01 -1.644629964577443149e+00 8.563627144443411443e-02 1.107069084855792085e-01
7.100000000000000000e+01 -1.413392483463404181e+00 8.071710798916365004e-02 3.076716859861012288e-01
7.200000000000000000e+01 -1.102939676970500882e+00 1.083684729071598407e-01 -5.592929554262741909e-02
7.300000000000000000e+01 -8.578783983976795424e-01 8.554252360485528617e-02 -1.020256113695114514e-01
7.400000000000000000e+01 -6.888286347603996829e-01 5.900949950377437636e-02 1.503032668313772358e-01
7.500000000000000000e+01 -4.810212514027255581e-01 7.253846099090961730e-02 9.048898131163533864e-02
7.600000000000000000e+01 -2.523671776631045138e-01 7.981532869708579669e-02 -1.953582317461561788e-02
7.700000000000000000e+01 -4.157174411418333021e-02 7.358148727195180927e-02 9.651803519647504659e-02
7.800000000000000000e+01 2.091403196446367796e-01 8.751501974122723182e-02 -2.913827860809142800e-02
7.900000000000000000e+01 4.551738750752573615e-01 8.588191225304603327e-02 -1.413653419646890841e-01
8.000000000000000000e+01 6.575289902994843061e-01 7.063526037830535065e-02 -2.970074531940882639e-02
8.100000000000000000e+01 8.717779462725246953e-01 7.478699401379844403e-02 -1.758829073456057990e-01
8.200000000000000000e+01 1.043137201751207943e+00 5.981566423738319399e-02 -1.382089480636727874e-02
8.300000000000000000e+01 1.247672849248797178e+00 7.139640973062859330e-02 -2.626715063275440465e-01
8.400000000000000000e+01 1.386117765604323315e+00 4.832639246104160347e-02 -2.395136586915056487e-01
8.500000000000000000e+01 1.473613614660339577e+00 3.054181295710910529e-02 -2.075643408126337242e-01
8.600000000000000000e+01 1.527169676811786614e+00 1.869459237890940678e-02 -8.904220577948694648e-02
8.700000000000000000e+01 1.599724751616756313e+00 2.532649888755020978e-02 -1.334043607156307765e-01
8.800000000000000000e+01 1.674935409446741907e+00 2.625347223448194767e-02 -1.808507613944719261e-01
8.900000000000000000e+01 1.735232309389949990e+00 2.104758865509124416e-02 -2.184879277771288875e-01
9.000000000000000000e+01 1.766702203014780093e+00 1.098506518011310717e-02 -2.957924526908034535e-01
9.100000000000000000e+01 1.737305487678377558e+00 -1.026138943783468094e-02 -3.359606173377384097e-01
9.200000000000000000e+01 1.628679304616507117e+00 -3.791769096607462697e-02 -2.295212922377639631e-01
9.300000000000000000e+01 1.482490860552288181e+00 -5.102939354576364189e-02 -1.459401705075938083e-01
9.400000000000000000e+01 1.329176452100939487e+00 -5.351682436446899421e-02 -1.571169631562669144e-01
9.500000000000000000e+01 1.158185648359422837e+00 -5.968705031841816527e-02 -1.128013644404340932e-01
9.600000000000000000e+01 9.821510328953548807e-01 -6.144767274660228179e-02 8.269142032038245826e-02
9.700000000000000000e+01 8.784792978666837726e-01 -3.618826235010897535e-02 -2.417889819938093265e-02
9.800000000000000000e+01 7.973591296604298773e-01 -2.831628049941503633e-02 -2.010666715499526414e-01
9.900000000000000000e+01 6.597369260675088887e-01 -4.803921153092885477e-02 -7.475673218262804398e-02
1.000000000000000000e+02 5.147299711762818308e-01 -5.061697602285612080e-02 -1.074243182443933714e-01
1.010000000000000000e+02 3.428629301707484256e-01 -5.999291482413329768e-02 1.711951587746662895e-02
1.020000000000000000e+02 1.912097423643963900e-01 -5.293694896732319133e-02 -4.649598841563559737e-02
1.030000000000000000e+02 2.674672733333451069e-02 -5.740842220097908122e-02 5.802081426732668551e-02
1.040000000000000000e+02 -1.117806770984301618e-01 -4.835518623152154638e-02 4.771554891479773408e-02
1.050000000000000000e+02 -2.339956074875250147e-01 -4.266105860770760122e-02 6.389452129111139467e-02
1.060000000000000000e+02 -3.375287007349145330e-01 -3.613986723882510466e-02 8.534379494123056631e-02
1.070000000000000000e+02 -4.170452526173679120e-01 -2.775651280363409384e-02 1.266732039393546894e-01
1.080000000000000000e+02 -4.577670636528836101e-01 -1.421459359889423214e-02 5.343478674481320911e-02
1.090000000000000000e+02 -4.926930487500937872e-01 -1.219146868897575710e-02 8.309649195663909582e-02
1.100000000000000000e+02 -5.103867083647996017e-01 -6.176252340075398528e-03 7.157457918924110818e-02
1.110000000000000000e+02 -5.164627066107215780e-01 -2.120923494734798520e-03 1.299296193854740378e-02
1.120000000000000000e+02 -5.363224799653809605e-01 -6.932368674772939297e-03 7.290148146685362929e-02
1.130000000000000000e+02 -5.449669485518079393e-01 -3.017488778367336325e-03 9.863399482488433012e-02
1.140000000000000000e+02 -5.316625324224749649e-01 4.644117330245981293e-03 7.913037871251196731e-02
1.150000000000000000e+02 -5.042913996574662772e-01 9.554327734998034269e-03 1.600009837957534209e-01
1.160000000000000000e+02 -4.270755920470089007e-01 2.695340154777948333e-02 7.171642004683589922e-02
1.170000000000000000e+02 -3.350571094075107115e-01 3.212050989496974263e-02 -1.161500212551104527e-03
1.180000000000000000e+02 -2.561023147086368690e-01 2.756042255463023519e-02 3.086218845385864384e-02
1.190000000000000000e+02 -1.734892762445280068e-01 2.883739052550839121e-02 7.632107603694285314e-02
1.200000000000000000e+02 -6.458550911197265265e-02 3.801458608576548798e-02 -6.802107869351581293e-02
1.210000000000000000e+02 1.266639648879892485e-02 2.696600212346624004e-02 -2.332519186847364923e-02
1.220000000000000000e+02 8.037002907605797497e-02 2.363302608416394460e-02 -6.555145639175863348e-02
1.230000000000000000e+02 1.229188733239271192e-01 1.485234850087133532e-02 -7.849688719256464609e-02
1.240000000000000000e+02 1.363456192277581469e-01 4.686818477010277345e-03 1.300617155114251744e-02
1.250000000000000000e+02 1.604743115582303314e-01 8.422502507348838402e-03 3.641688433400419589e-02
1.260000000000000000e+02 2.062697860195342459e-01 1.598563623725460583e-02 -7.667251829214820347e-02
1.270000000000000000e+02 2.268527729770739298e-01 7.184817846082365220e-03 -2.727864279589634067e-02
1.280000000000000000e+02 2.442205834221050920e-01 6.062509522561093135e-03 -6.355917915484368685e-02
1.290000000000000000e+02 2.434340926518041293e-01 -2.745370695659546043e-04 3.018957049909725202e-02
1.300000000000000000e+02 2.647493652028431455e-01 7.440433739512052058e-03 -1.370434359037297767e-01
1.310000000000000000e+02 2.371026249649452744e-01 -9.650532891898367521e-03 -6.148561428050258737e-02
1.320000000000000000e+02 1.919257112932307996e-01 -1.576971778921316264e-02 -1.523283738203989879e-02
1.330000000000000000e+02 1.474001686453556836e-01 -1.554234640885150502e-02 -2.910353027535646925e-02
1.340000000000000000e+02 9.589580532168946736e-02 -1.797841438282770515e-02 1.160604510443369840e-02
1.350000000000000000e+02 5.297486352857139896e-02 -1.498223504693498020e-02 2.568940820773163436e-03
1.360000000000000000e+02 1.314439983610523124e-02 -1.390345468059185283e-02 2.065771972980884330e-03
1.370000000000000000e+02 -2.530544875066886162e-02 -1.342152909464993174e-02 4.289425623828002632e-02
1.380000000000000000e+02 -4.627180277619595550e-02 -7.318638197684298324e-03 2.295690387889370160e-02
1.390000000000000000e+02 -5.910834644510096908e-02 -4.480799031968508289e-03 4.155868872797759822e-02
1.400000000000000000e+02 -5.630292171594432349e-02 9.792779688130789917e-04 -9.465428641740668975e-03
1.410000000000000000e+02 -5.967632455473761283e-02 -1.177539730661331802e-03 6.697765233295259468e-03
1.420000000000000000e+02 -6.240943655943990975e-02 -9.540360661567561917e-04 1.806022553171107714e-02
1.430000000000000000e+02 -5.972209172216849660e-02 9.380603109371487506e-04 5.413295266561882202e-03
1.440000000000000000e+02 -5.694813262869220793e-02 9.682943899359688997e-04 1.334900716951470390e-02
1.450000000000000000e+02 -5.057341487089921789e-02 2.225196275176760316e-03 1.454717559041685676e-03
1.460000000000000000e+02 -4.547008110062550346e-02 1.781399542389843459e-03 2.080712830242525957e-03
1.470000000000000000e+02 -4.117775471600554349e-02 1.498304559636858121e-03 -1.251238673401616763e-02
1.480000000000000000e+02 -4.380639613651560876e-02 -9.175689528440292720e-04 4.991535527806845174e-04
1.490000000000000000e+02 -4.786328181282369781e-02 -1.416120248571460603e-03 7.354996257721933134e-05
1.500000000000000000e+02 -5.368343458006236135e-02 -2.031616575147477798e-03 0.000000000000000000e+00
0.000000000000000000e+00 -6.146005605980131037e+01 3.629980395141818583e-02 2.000000000000000000e+00
1.000000000000000000e+00 -6.238413207706656749e+01 -3.225633807998973257e-01 2.000000000000000000e+00
2.000000000000000000e+00 -6.435258532862569325e+01 -6.871198082258980211e-01 2.000000000000000000e+00
3.000000000000000000e+00 -6.739850286359978782e+01 -1.063225794590547224e+00 1.796984101675046519e+00
4.000000000000000000e+00 -7.165580362511406065e+01 -1.486078310721724582e+00 1.399352874043471751e+00
5.000000000000000000e+00 -7.735118350814876464e+01 -1.988062622216098863e+00 1.174031257950322482e+00
6.000000000000000000e+00 -8.463850720796192206e+01 -2.543755844407086908e+00 7.807054010510390274e-01
7.000000000000000000e+00 -9.372953909064317202e+01 -3.173368775131333752e+00 6.584552772812246602e-01
8.000000000000000000e+00 -1.046816621384119514e+02 -3.823012145342425505e+00 3.122757618695433113e-01
9.000000000000000000e+00 -1.175780324534091505e+02 -4.501682471063190860e+00 4.560452843798148415e-01
1.000000000000000000e+01 -1.321829029413542003e+02 -5.098061536839833430e+00 4.817852103855653212e-01
1.100000000000000000e+01 -1.481728587116807887e+02 -5.581547508809308056e+00 6.266477282876694588e-01
1.200000000000000000e+01 -1.650266102139455029e+02 -5.883069100549197294e+00 4.741537884288269389e-01
1.300000000000000000e+01 1.777682583462679133e+02 -6.005723837253385433e+00 2.399329644801411199e-01
1.400000000000000000e+01 1.607498996543547776e+02 -5.940527849185574638e+00 1.975104492911461396e-01
1.500000000000000000e+01 1.445247889731111570e+02 -5.663632057764036887e+00 -3.979034087294053279e-03
1.600000000000000000e+01 1.295449050896174299e+02 -5.228965906668006092e+00 -2.855059646774233961e-01
1.700000000000000000e+01 1.160991686278033228e+02 -4.693447432282175313e+00 -6.427236448574380479e-01
1.800000000000000000e+01 1.043067503638582139e+02 -4.116330509563118412e+00 -7.869453415267249063e-01
1.900000000000000000e+01 9.425812389806823433e+01 -3.507632342621541444e+00 -9.309953654821486735e-01
2.000000000000000000e+01 8.595209254714048086e+01 -2.899351896951232188e+00 -8.065551859145172475e-01
2.100000000000000000e+01 7.944270143695796094e+01 -2.272206143454680749e+00 -7.989882998829658245e-01
2.200000000000000000e+01 7.470219113527406307e+01 -1.654750259781872401e+00 -7.642600238474475116e-01
2.300000000000000000e+01 7.170572605434253433e+01 -1.045963631665878246e+00 -8.192727122877934143e-01
2.400000000000000000e+01 7.039719960192654469e+01 -4.567618988819952541e-01 -8.145036071667652866e-01
2.500000000000000000e+01 7.076272763038767266e+01 1.275933520993998149e-01 -7.776560052179599669e-01
2.600000000000000000e+01 7.282270177622788765e+01 7.190666270173886598e-01 -6.550210523599004908e-01
2.700000000000000000e+01 7.665395612904710276e+01 1.337360058761199344e+00 -7.664792951673000676e-01
2.800000000000000000e+01 8.224640645679495776e+01 1.952133429468715597e+00 -5.979815771119221246e-01
2.900000000000000000e+01 8.971084122805729066e+01 2.605579271177553391e+00 -5.460375151374730063e-01
3.000000000000000000e+01 9.908919803084609157e+01 3.273664092709457574e+00 -1.121772915983563212e-01
3.100000000000000000e+01 1.105409633623750096e+02 3.997420204018396372e+00 -1.366924134258495904e-01
3.200000000000000000e+01 1.239459771002211568e+02 4.679232520009742657e+00 -1.736467353824477922e-01
3.300000000000000000e+01 1.390587669776605537e+02 5.275358850467758209e+00 -7.582886542220412807e-02
3.400000000000000000e+01 1.555469108644597611e+02 5.755447967344425209e+00 5.704981400331332608e-02
3.500000000000000000e+01 1.729489755117885466e+02 6.074466494815856876e+00 -9.628007037190711159e-02
3.600000000000000000e+01 -1.694265866380210639e+02 6.152089385978675828e+00 5.057515395409841741e-01
3.700000000000000000e+01 -1.519790743955621792e+02 6.090330698258539677e+00 1.013483925640342065e+00
3.800000000000000000e+01 -1.351054450252794368e+02 5.890007785453020617e+00 1.613301066495901992e+00
3.900000000000000000e+01 -1.190550357673108692e+02 5.602649756882629895e+00 1.863249251429381914e+00
4.000000000000000000e+01 -1.040821533564724888e+02 5.226521931661512355e+00 2.000000000000000000e+00
4.100000000000000000e+01 -9.033385618386839155e+01 4.799061044091380346e+00 1.738659877154201894e+00
4.200000000000000000e+01 -7.798698022065168800e+01 4.309872757869550597e+00 1.552908734334482510e+00
4.300000000000000000e+01 -6.707432916602266459e+01 3.809233820490163680e+00 1.167045980725944121e+00
4.400000000000000000e+01 -5.763905359698516406e+01 3.293532490253715306e+00 1.329254891383178094e+00
4.500000000000000000e+01 -4.944747311592002603e+01 2.859401006733755413e+00 1.098487219066494269e+00
4.600000000000000000e+01 -4.241637455206449658e+01 2.454316399430474416e+00 1.400203237450654559e+00
4.700000000000000000e+01 -3.623283688927188706e+01 2.158461832736117803e+00 7.970061759071431773e-01
4.800000000000000000e+01 -3.097677497374153432e+01 1.834711722293694613e+00 1.010402278523918840e+00
4.900000000000000000e+01 -2.639238458033736023e+01 1.600254131234017496e+00 6.075842930364383498e-01
5.000000000000000000e+01 -2.250198773467671742e+01 1.358004683319600447e+00 7.597947991190151518e-01
5.100000000000000000e+01 -1.910739244856054952e+01 1.184937290308118341e+00 3.004916712689934544e-01
5.200000000000000000e+01 -1.628699000048021972e+01 9.845061790062045182e-01 2.870744019163823380e-01
5.300000000000000000e+01 -1.394579630475984366e+01 8.172307683450970028e-01 3.506826235946985948e-01
5.400000000000000000e+01 -1.197172674372198387e+01 6.890802700701963435e-01 6.072000459321308385e-02
5.500000000000000000e+01 -1.041724489002939613e+01 5.426165301888081771e-01 4.870697236901956328e-01
5.600000000000000000e+01 -9.041958224764421459e+00 4.800656093529398483e-01 2.073642001190353912e-02
5.700000000000000000e+01 -7.995428509115746429e+00 3.653077851605880944e-01 3.087144240232304604e-01
5.800000000000000000e+01 -7.115094952179517485e+00 3.072943816866032241e-01 3.691794036401209178e-01
5.900000000000000000e+01 -6.342249054255899132e+00 2.697741105859827737e-01 4.576947085896047596e-01
6.000000000000000000e+01 -5.610072283918645653e+00 2.555779069800684922e-01 1.238746618072438521e-01
6.100000000000000000e+01 -5.034706015080376851e+00 2.008407159228528249e-01 3.430352644227975256e-01
6.200000000000000000e+01 -4.500489796540819043e+00 1.864766386213773386e-01 -2.007791707735950837e-02
6.300000000000000000e+01 -4.143496302430196288e+00 1.246142376085867531e-01 3.637524427722974019e-01
6.400000000000000000e+01 -3.785437420415681764e+00 1.249861281432637777e-01 5.362007687747794016e-01
6.500000000000000000e+01 -3.338813884445396507e+00 1.559010243916161831e-01 2.181848968367867958e-01
6.600000000000000000e+01 -2.923566966435211967e+00 1.449485185607329585e-01 2.048066499388216388e-01
6.700000000000000000e+01 -2.529897066463929534e+00 1.374167184099123751e-01 1.688465690623402737e-01
6.800000000000000000e+01 -2.158511013191132921e+00 1.296381885119470556e-01 -1.308746450943018558e-02
6.900000000000000000e+01 -1.873673901018681587e+00 9.942690878563398282e-02 6.600125465328063323e-02
7.000000000000000000e+01 -1.630725087555475739e+00 8.480513417492929751e-02 1.102694033715484190e-01
7.100000000000000000e+01 -1.401535423401108593e+00 8.000228502067478764e-02 3.073215129237928389e-01
7.200000000000000000e+01 -1.092836404054082555e+00 1.077562857056656165e-01 -5.620010702400086988e-02
7.300000000000000000e+01 -8.492664821090190053e-01 8.502194193533899047e-02 -1.022624226119379781e-01
7.400000000000000000e+01 -6.814869262112117632e-01 5.856611335901211468e-02 1.501215203788171249e-01
7.500000000000000000e+01 -4.747525559923694849e-01 7.216390874711417491e-02 9.031841848112538707e-02
7.600000000000000000e+01 -2.470097214680374020e-01 7.949724620548416498e-02 -1.965927957140313140e-02
7.700000000000000000e+01 -3.697767591354057803e-02 7.331501459249377406e-02 9.637659574255179329e-02
7.800000000000000000e+01 2.130824982396101186e-01 8.728746734165804266e-02 -2.925910215518903734e-02
7.900000000000000000e+01 4.585600746634889702e-01 8.568783896825388213e-02 -1.414784111710309378e-01
8.000000000000000000e+01 6.604376014162632869e-01 7.046855055237694065e-02 -2.980253434352660852e-02
8.100000000000000000e+01 8.742742940094382353e-01 7.464308694651752840e-02 -1.759683619354138751e-01
8.200000000000000000e+01 1.045278166876425940e+00 5.969161230381461042e-02 -1.388809832650522713e-02
8.300000000000000000e+01 1.249509826035983595e+00 7.129029778290235653e-02 -2.627311238911781976e-01
8.400000000000000000e+01 1.387694005565910826e+00 4.823537813928357315e-02 -2.395593747437441134e-01
8.500000000000000000e+01 1.474968564452374675e+00 3.046456811588937885e-02 -2.076061880852462516e-01
8.600000000000000000e+01 1.528336147690848135e+00 1.862880082687004210e-02 -8.908506290014603368e-02
8.700000000000000000e+01 1.600728054200505346e+00 2.526954240778864214e-02 -1.334396339481509763e-01
8.800000000000000000e+01 1.675797995353795145e+00 2.620435284806597181e-02 -1.808795767975539259e-01
8.900000000000000000e+01 1.735974129256848686e+00 2.100543335458526437e-02 -2.185096129690095590e-01
9.000000000000000000e+01 1.767341743799636822e+00 1.094936304536218812e-02 -2.958117403036535364e-01
9.100000000000000000e+01 1.737858432515091867e+00 -1.029161712611410644e-02 -3.359805555078450023e-01
9.200000000000000000e+01 1.629157811604531325e+00 -3.794367467702975533e-02 -2.295399298442422631e-01
9.300000000000000000e+01 1.482904857530971787e+00 -5.105191178703334665e-02 -1.459564688812663991e-01
9.400000000000000000e+01 1.329534455048824393e+00 -5.353636996844696183e-02 -1.571307532866000889e-01
9.500000000000000000e+01 1.158495152901741543e+00 -5.970397945560005498e-02 -1.128142830325635781e-01
9.600000000000000000e+01 9.824180917245827205e-01 -6.146248909553808648e-02 8.268133093333204786e-02
9.700000000000000000e+01 8.787095886224720598e-01 -3.620109682893166148e-02 -2.418833086609008254e-02
9.800000000000000000e+01 7.975572338408650763e-01 -2.832751573371217191e-02 -2.010739092929567928e-01
9.900000000000000000e+01 6.599071616688551023e-01 -4.804893950018788995e-02 -7.476300902145519012e-02
1.000000000000000000e+02 5.148760243374822521e-01 -5.062541728689036458e-02 -1.074294360155996358e-01
1.010000000000000000e+02 3.429880784640901292e-01 -6.000021199960985790e-02 1.711560752457810808e-02
1.020000000000000000e+02 1.913169992758816940e-01 -5.294319423774569711e-02 -4.649934828461733949e-02
1.030000000000000000e+02 2.683867117739112407e-02 -5.741376746988328950e-02 5.801784369096576327e-02
1.040000000000000000e+02 -1.117018749391885252e-01 -4.835977354490716973e-02 4.771291241472316869e-02
1.050000000000000000e+02 -2.339281248901993737e-01 -4.266500988021395407e-02 6.389264716369399966e-02
1.060000000000000000e+02 -3.374708124701376044e-01 -3.614321629267522318e-02 8.534205918716478156e-02
1.070000000000000000e+02 -4.169955337982383936e-01 -2.775936447812633531e-02 1.266716055863812695e-01
1.080000000000000000e+02 -4.577243367146658359e-01 -1.421703422575057787e-02 5.343359346512514818e-02
1.090000000000000000e+02 -4.926562242579117790e-01 -1.219352903132068025e-02 8.309517021079201871e-02
1.100000000000000000e+02 -5.103549734296883855e-01 -6.178028930642397686e-03 7.157340526369722344e-02
1.110000000000000000e+02 -5.164353756771706827e-01 -2.122460781284591334e-03 1.299192312335980745e-02
1.120000000000000000e+02 -5.362989745629617167e-01 -6.933704037050600170e-03 7.290068713827969893e-02
1.130000000000000000e+02 -5.449467286041054237e-01 -3.018635618412038139e-03 9.863325879990469947e-02
1.140000000000000000e+02 -5.316451559991839382e-01 4.643124752979186157e-03 7.912980863652918639e-02
1.150000000000000000e+02 -5.042764601428740834e-01 9.553477093390681796e-03 1.600004289241256650e-01
1.160000000000000000e+02 -4.270627676695352704e-01 2.695266322564254455e-02 7.171599860659824688e-02
1.170000000000000000e+02 -3.350461003669612525e-01 3.211987622284251387e-02 -1.161891675825622861e-03
1.180000000000000000e+02 -2.560928763920007345e-01 2.755987426855172409e-02 3.086188966255240529e-02
1.190000000000000000e+02 -1.734811831145731398e-01 2.883692096677553662e-02 7.632079250471497656e-02
1.200000000000000000e+02 -6.457857951671711061e-02 3.801417993553619923e-02 -6.802130912194101486e-02
1.210000000000000000e+02 1.267232338969081877e-02 2.696565211710550553e-02 -2.332534771762309611e-02
1.220000000000000000e+02 8.037510857012586385e-02 2.363273028338029255e-02 -6.555165152461508993e-02
1.230000000000000000e+02 1.229232120398426747e-01 1.485208992051563134e-02 -7.849701002466433208e-02
1.240000000000000000e+02 1.363493270837868032e-01 4.686598265367363653e-03 1.300605989318859290e-02
1.250000000000000000e+02 1.604774796171085927e-01 8.422314082597514087e-03 3.641677480237043296e-02
1.260000000000000000e+02 2.062724860152512496e-01 1.598547285238915983e-02 -7.667257285787196230e-02
1.270000000000000000e+02 2.268550827109202805e-01 7.184681618990622701e-03 -2.727872328644007083e-02
1.280000000000000000e+02 2.442225549201578194e-01 6.062391455996168216e-03 -6.355921867436326034e-02
1.290000000000000000e+02 2.434357828623065212e-01 -2.746352574439295258e-04 3.018952037656233087e-02
1.300000000000000000e+02 2.647508159695439178e-01 7.440350157857798970e-03 -1.370434754093370622e-01
1.310000000000000000e+02 2.371038737147300457e-01 -9.650603409104945019e-03 -6.148564009591200863e-02
1.320000000000000000e+02 1.919267937604605678e-01 -1.576977583277464068e-02 -1.523286488695496654e-02
1.330000000000000000e+02 1.474011136029572122e-01 -1.554239440876680270e-02 -2.910355586346900086e-02
1.340000000000000000e+02 9.589663720977431582e-02 -1.797845385153469880e-02 1.160601217005196965e-02
1.350000000000000000e+02 5.297559939039147431e-02 -1.498226856642476124e-02 2.568911090036041234e-03
1.360000000000000000e+02 1.314505449062426494e-02 -1.390348302728744954e-02 2.065744851887540978e-03
1.370000000000000000e+02 -2.530486240833871789e-02 -1.342155294010223716e-02 4.289423097806097096e-02
1.380000000000000000e+02 -4.627127361299905595e-02 -7.318658156967071740e-03 2.295688318278283485e-02
1.390000000000000000e+02 -5.910786351092300189e-02 -4.480815168940313967e-03 4.155866978088727098e-02
1.400000000000000000e+02 -5.630247504267563152e-02 9.792653113679427104e-04 -9.465444823374181277e-03
1.410000000000000000e+02 -5.967590434568299795e-02 -1.177548968414719125e-03 6.697750260292678615e-03
1.420000000000000000e+02 -6.240903349094213681e-02 -9.540420493398108805e-04 1.806021196699747478e-02
1.430000000000000000e+02 -5.972169650817450021e-02 9.380575691981039681e-04 5.413282487837740853e-03
1.440000000000000000e+02 -5.694773593993747440e-02 9.682949047245830885e-04 1.334899576915374309e-02
1.450000000000000000e+02 -5.057300673050708212e-02 2.225200272552313712e-03 1.454707404686172989e-03
1.460000000000000000e+02 -4.546965056685053908e-02 1.781407359155061853e-03 2.080704026684018770e-03
1.470000000000000000e+02 -4.117728942688689969e-02 1.498316691540453344e-03 -1.251239416203325794e-02
1.480000000000000000e+02 -4.380588183567100946e-02 -9.175518445242291515e-04 4.991480654224170893e-04
1.490000000000000000e+02 -4.786270157199515318e-02 -1.416097231174890270e-03 7.354688490242549531e-05
1.500000000000000000e+02 -5.368276796275969764e-02 -2.031586424070082157e-03 0.000000000000000000e+00
0.000000000000000000e+00 -5.621976633681338598e+01 3.635835843557111424e-02 1.862200293777019677e+00
1.000000000000000000e+00 -5.710124428245805461e+01 -3.076938487042975012e-01 1.885158302149067877e+00
2.000000000000000000e+00 -5.897666076305866767e+01 -6.546438486529013723e-01 1.670880412669339066e+00
3.000000000000000000e+00 -6.197532092566561346e+01 -1.046729859717596245e+00 1.440870354251157837e+00
4.000000000000000000e+00 -6.625147190431403033e+01 -1.492658277795852140e+00 1.136962164541182041e+00
5.000000000000000000e+00 -7.200570228728192035e+01 -2.008605322021676187e+00 1.002615465371616166e+00
6.000000000000000000e+00 -7.937258864654475587e+01 -2.571528451787886027e+00 6.891089081747776568e-01
7.000000000000000000e+00 -8.855508969933431729e+01 -3.205297538780468525e+00 6.500324092424976108e-01
8.000000000000000000e+00 -9.960616844834740391e+01 -3.857554201349089329e+00 3.945499034369215341e-01
9.000000000000000000e+00 -1.126061662093901390e+02 -4.537855273641733689e+00 6.047607240111640969e-01
1.000000000000000000e+01 -1.273298001581312917e+02 -5.139517805278943641e+00 7.021212474798148584e-01
1.100000000000000000e+01 -1.434601900424777341e+02 -5.630568262244652011e+00 9.146279090917577292e-01
1.200000000000000000e+01 -1.604767786036079258e+02 -5.939909956978525862e+00 8.196677904509326318e-01
1.300000000000000000e+01 -1.778591763305309712e+02 -6.067601444519703513e+00 6.198864154214862587e-01
1.400000000000000000e+01 1.649445402990203036e+02 -6.002635278405576535e+00 5.561887245468890573e-01
1.500000000000000000e+01 1.485453665004445725e+02 -5.724391547838621364e+00 2.945439932249627191e-01
1.600000000000000000e+01 1.333939488550339263e+02 -5.288842485143663730e+00 -9.314851081822483891e-02
1.700000000000000000e+01 1.197637718199033401e+02 -4.757829337854936114e+00 -5.294845180446448030e-01
1.800000000000000000e+01 1.077712140460339185e+02 -4.186192377793261699e+00 -7.404111460751541252e-01
1.900000000000000000e+01 9.750655509135813759e+01 -3.583041907068229559e+00 -9.323869062965338683e-01
2.000000000000000000e+01 8.897141050941840490e+01 -2.979327501772075504e+00 -8.460248180600109524e-01
2.100000000000000000e+01 8.222095905423887530e+01 -2.356352077778494980e+00 -8.543676949043230717e-01
2.200000000000000000e+01 7.723218926950822549e+01 -1.741409167351166687e+00 -8.204419901156303485e-01
2.300000000000000000e+01 7.398632544937811417e+01 -1.133020214652618929e+00 -8.666825107981765974e-01
2.400000000000000000e+01 7.243324978137286507e+01 -5.421256787860341264e-01 -8.478746956231777432e-01
2.500000000000000000e+01 7.256422105894901620e+01 4.571760038495464862e-02 -7.965912760042173080e-01
2.600000000000000000e+01 7.440275370479430705e+01 6.417689615080666155e-01 -6.566488081080483763e-01
2.700000000000000000e+01 7.802858320535881376e+01 1.265653258015848381e+00 -7.582801891943102834e-01
2.800000000000000000e+01 8.343042823712936240e+01 1.885599629737871208e+00 -5.804019551398984511e-01
2.900000000000000000e+01 9.071734726029200147e+01 2.543614585607937961e+00 -5.221732979057120971e-01
3.000000000000000000e+01 9.992830217307972873e+01 3.215229809617863310e+00 -7.701880484490164491e-02
3.100000000000000000e+01 1.112225757134600883e+02 3.942445198010276375e+00 -9.676049059001190500e-02
3.200000000000000000e+01 1.244781464034622331e+02 4.627067055427878550e+00 -1.353291377071164092e-01
3.300000000000000000e+01 1.394467384416700497e+02 5.225024309090701813e+00 -3.176123534305252960e-02
3.400000000000000000e+01 1.557985989633101553e+02 5.707876098589942160e+00 9.943720269383282684e-02
3.500000000000000000e+01 1.730739946379215723e+02 6.030250682135128493e+00 -5.660522135217727069e-02
3.600000000000000000e+01 -1.694158408595745016e+02 6.112200462690569047e+00 5.447307250318667027e-01
3.700000000000000000e+01 -1.520662480112943058e+02 6.056150381659012538e+00 1.054375736165079402e+00
3.800000000000000000e+01 -1.352700791024689977e+02 5.862968983602089956e+00 1.658177715750342784e+00
3.900000000000000000e+01 -1.192734661851102942e+02 5.583871291499304945e+00 1.909676015650470404e+00
4.000000000000000000e+01 -1.043304380199351158e+02 5.216100834011081488e+00 2.000000000000000000e+00
4.100000000000000000e+01 -9.060971012567802063e+01 4.789437550500293739e+00 1.781812035604295019e+00
4.200000000000000000e+01 -7.827177498912931242e+01 4.306751820605419390e+00 1.585821455712614458e+00
4.300000000000000000e+01 -6.735611842042338537e+01 3.810282942817296625e+00 1.198596983148526585e+00
4.400000000000000000e+01 -5.790837161491359808e+01 3.297885773018444322e+00 1.353459141919624908e+00
4.500000000000000000e+01 -4.969930454662721075e+01 2.865504977172712575e+00 1.119865933760577192e+00
4.600000000000000000e+01 -4.264765654032247966e+01 2.461489508034229612e+00 1.416088033733968299e+00
4.700000000000000000e+01 -3.644313462854486829e+01 2.165786717453050514e+00 8.120240341899642722e-01
4.800000000000000000e+01 -3.116598759818381836e+01 1.842071815832828419e+00 1.022657716673572859e+00
4.900000000000000000e+01 -2.656132315080814621e+01 1.607331111124612466e+00 6.179638014314607908e-01
5.000000000000000000e+01 -2.265186271035520704e+01 1.364659133247430045e+00 7.692189807504811183e-01
5.100000000000000000e+01 -1.923934368272339057e+01 1.191193856382612104e+00 3.068580266750494667e-01
5.200000000000000000e+01 -1.640295544429415031e+01 9.900862725086437832e-01 2.924748533781701409e-01
5.300000000000000000e+01 -1.404762823437890162e+01 8.221642954966547068e-01 3.560551748178443221e-01
5.400000000000000000e+01 -1.206082179356490514e+01 6.935262798406822693e-01 6.520373435187859501e-02
5.500000000000000000e+01 -1.049494417548723746e+01 5.465944023748312564e-01 4.913551190034096683e-01
5.600000000000000000e+01 -9.109285571319528430e+00 4.836860990263070481e-01 2.333007652720839320e-02
5.700000000000000000e+01 -8.053762542692995297e+00 3.684470436031067608e-01 3.111512001238967429e-01
5.800000000000000000e+01 -7.165554651803425656e+00 3.100430427643509068e-01 3.712258373166268388e-01
5.900000000000000000e+01 -6.385832593629765519e+00 2.721743433111429300e-01 4.592210404365151821e-01
6.000000000000000000e+01 -5.647748081346517957e+00 2.576400979463838170e-01 1.254520571961162123e-01
6.100000000000000000e+01 -5.067202264525974442e+00 2.026487192439671847e-01 3.441999872482637279e-01
6.200000000000000000e+01 -4.528519872465675000e+00 1.880356272794239114e-01 -1.898222236523472439e-02
6.300000000000000000e+01 -4.167637231363308103e+00 1.259718060105863291e-01 3.647939080011470825e-01
6.400000000000000000e+01 -3.806144570452071108e+00 1.261847430939297687e-01 5.369148207737078904e-01
6.500000000000000000e+01 -3.356555229041725763e+00 1.569362857896682284e-01 2.187084604451659253e-01
6.600000000000000000e+01 -2.938781685829977341e+00 1.458304771353564067e-01 2.053732116341259739e-01
6.700000000000000000e+01 -2.542911504214531604e+00 1.381847615931487971e-01 1.692745999854349537e-01
6.800000000000000000e+01 -2.169628799840114031e+00 1.303002446416446358e-01 -1.275210613148572425e-02
6.900000000000000000e+01 -1.883167546568939255e+00 9.999384097942747018e-02 6.627947520912444435e-02
7.000000000000000000e+01 -1.638830855928358421e+00 8.528959470209897253e-02 1.105245524015235070e-01
7.100000000000000000e+01 -1.408447514971574721e+00 8.041895682881151919e-02 3.075257300737924693e-01
7.200000000000000000e+01 -1.098726188472309850e+00 1.081131382211307362e-01 -5.604217392170780798e-02
7.300000000000000000e+01 -8.542869191475467305e-01 8.532540141772584907e-02 -1.021243223194363281e-01
7.400000000000000000e+01 -6.857669172258789025e-01 5.882457778000546589e-02 1.502275095321395637e-01
7.500000000000000000e+01 -4.784070437381279794e-01 7.238225057760305781e-02 9.041788082648798131e-02
7.600000000000000000e+01 -2.501330036999609985e-01 7.968267190990750704e-02 -1.958728511172767514e-02
7.700000000000000000e+01 -3.965593727293272724e-02 7.347035618180922101e-02 9.645906918950326869e-02
7.800000000000000000e+01 2.107842633274820410e-01 8.742012159664633297e-02 -2.918865080866581141e-02
7.900000000000000000e+01 4.565859572151407808e-01 8.580097730637729903e-02 -1.414124833624774702e-01
8.000000000000000000e+01 6.587419047769912384e-01 7.056573774886587547e-02 -2.974318474150849240e-02
8.100000000000000000e+01 8.728189373816485075e-01 7.472698143701039797e-02 -1.759185367011842360e-01
8.200000000000000000e+01 1.044029991546756797e+00 5.976393221982978510e-02 -1.384891445317970593e-02
8.300000000000000000e+01 1.248438871238553904e+00 7.135215941869663125e-02 -2.626963636065640095e-01
8.400000000000000000e+01 1.386775057169347791e+00 4.828843838286811518e-02 -2.395327197437744360e-01
8.500000000000000000e+01 1.474178626134416303e+00 3.050960112868771404e-02 -2.075817890543757149e-01
8.600000000000000000e+01 1.527656091285525042e+00 1.866715685014735601e-02 -8.906007558340206520e-02
8.700000000000000000e+01 1.600143124169219222e+00 2.530274777643734194e-02 -1.334190683315102099e-01
8.800000000000000000e+01 1.675295102799883251e+00 2.623298932987011556e-02 -1.808627763503415642e-01
8.900000000000000000e+01 1.735541643233240450e+00 2.103000986995953031e-02 -2.184969696527084837e-01
9.000000000000000000e+01 1.766968886587137799e+00 1.097017742702023971e-02 -2.958004949411472961e-01
9.100000000000000000e+01 1.737536060956689443e+00 -1.027399430833391900e-02 -3.359689309886408903e-01
9.200000000000000000e+01 1.628878837595350904e+00 -3.792852607460511782e-02 -2.295290636345072022e-01
9.300000000000000000e+01 1.482663493183421277e+00 -5.103878353851341865e-02 -1.459469665229773949e-01
9.400000000000000000e+01 1.329325735568385847e+00 -5.352497476014747568e-02 -1.571227133094670603e-01
9.500000000000000000e+01 1.158314708340410615e+00 -5.969410964691675842e-02 -1.128067512071978806e-01
9.600000000000000000e+01 9.822623933577990796e-01 -6.145385104409429450e-02 8.268721327452421832e-02
9.700000000000000000e+01 8.785753263695412763e-01 -3.619361421362030096e-02 -2.418283142171968880e-02
9.800000000000000000e+01 7.974417366714494637e-01 -2.832096548387716406e-02 -2.010696895352049596e-01
9.900000000000000000e+01 6.598079121659731205e-01 -4.804326799465238884e-02 -7.475934949353649217e-02
1.000000000000000000e+02 5.147908734578804379e-01 -5.062049593896560118e-02 -1.074264522485331164e-01
1.010000000000000000e+02 3.429151153581394551e-01 -5.999595766403587049e-02 1.711788617727499906e-02
1.020000000000000000e+02 1.912544670549919668e-01 -5.293955317198148491e-02 -4.649738941135340975e-02
1.030000000000000000e+02 2.678506666012740733e-02 -5.741065111342496391e-02 5.801957559628328348e-02
1.040000000000000000e+02 -1.117478176905137843e-01 -4.835709908406429780e-02 4.771444954538561767e-02
1.050000000000000000e+02 -2.339674681922387089e-01 -4.266270623783679355e-02 6.389373981755686049e-02
1.060000000000000000e+02 -3.375045621510069926e-01 -3.614126375054474427e-02 8.534307116512535041e-02
1.070000000000000000e+02 -4.170245205835192426e-01 -2.775770191392732886e-02 1.266725374558621831e-01
1.080000000000000000e+02 -4.577492471386028772e-01 -1.421561130721155260e-02 5.343428916959183650e-02
1.090000000000000000e+02 -4.926776934746187608e-01 -1.219232782339254272e-02 8.309594081186713610e-02
1.100000000000000000e+02 -5.103734753636089971e-01 -6.176993153553246921e-03 7.157408968256535886e-02
1.110000000000000000e+02 -5.164513100159574543e-01 -2.121564521505696528e-03 1.299252877030892747e-02
1.120000000000000000e+02 -5.363126785624400261e-01 -6.932925501763219020e-03 7.290115024544602251e-02
1.130000000000000000e+02 -5.449585171360979974e-01 -3.017966994125245196e-03 9.863368791486185061e-02
1.140000000000000000e+02 -5.316552867150761141e-01 4.643703439966035719e-03 7.913014100047234545e-02
1.150000000000000000e+02 -5.042851701052726288e-01 9.553973029917200988e-03 1.600007524234653700e-01
1.160000000000000000e+02 -4.270702444757781269e-01 2.695309367834468686e-02 7.171624431327620897e-02
1.170000000000000000e+02 -3.350525188048265601e-01 3.212024566310025392e-02 -1.161663446301669511e-03
1.180000000000000000e+02 -2.560983790743796562e-01 2.756019392751933236e-02 3.086206386281860337e-02
1.190000000000000000e+02 -1.734859015329436038e-01 2.883719472655858415e-02 7.632095780862553636e-02
1.200000000000000000e+02 -6.458261957683361643e-02 3.801441672723700205e-02 -6.802117477841307380e-02
1.210000000000000000e+02 1.266886791554872223e-02 2.696585617610579300e-02 -2.332525685500159290e-02
1.220000000000000000e+02 8.037214714701641782e-02 2.363290273972414035e-02 -6.555153775902752833e-02
1.230000000000000000e+02 1.229206825016684462e-01 1.485224067679782704e-02 -7.849693841155423735e-02
1.240000000000000000e+02 1.363471653465521682e-01 4.686726652115127956e-03 1.300612499157793867e-02
1.250000000000000000e+02 1.604756325898686886e-01 8.422423937109454334e-03 3.641683866106561196e-02
1.260000000000000000e+02 2.062709118760092941e-01 1.598556810827023167e-02 -7.667254104516331437e-02
1.270000000000000000e+02 2.268537361003422625e-01 7.184761041477166765e-03 -2.727867635917158307e-02
1.280000000000000000e+02 2.442214055062504052e-01 6.062460290619697996e-03 -6.355919563384207494e-02
1.290000000000000000e+02 2.434347974433741790e-01 -2.745780123984851648e-04 3.018954959879925973e-02
1.300000000000000000e+02 2.647499701500422020e-01 7.440398887251756417e-03 -1.370434523769387403e-01
1.310000000000000000e+02 2.371031456742109522e-01 -9.650562296484220537e-03 -6.148562504511485838e-02
1.320000000000000000e+02 1.919261626652420394e-01 -1.576974199248084435e-02 -1.523284885115250287e-02
1.330000000000000000e+02 1.474005626779796019e-01 -1.554236642407349350e-02 -2.910354094519381624e-02
1.340000000000000000e+02 9.589615220607516921e-02 -1.797843084066757038e-02 1.160603137131526429e-02
1.350000000000000000e+02 5.297517037149264418e-02 -1.498224902404282459e-02 2.568928423523325622e-03
1.360000000000000000e+02 1.314467281684181081e-02 -1.390346650072414245e-02 2.065760663910523598e-03
1.370000000000000000e+02 -2.530520425505510679e-02 -1.342153903783355369e-02 4.289424570516496560e-02
1.380000000000000000e+02 -4.627158212339277377e-02 -7.318646520395246692e-03 2.295689524893994304e-02
1.390000000000000000e+02 -5.910814506908098481e-02 -4.480805760835226449e-03 4.155868082733802510e-02
1.400000000000000000e+02 -5.630273546016014569e-02 9.792726908551029411e-04 -9.465435389228383373e-03
1.410000000000000000e+02 -5.967614933412032641e-02 -1.177543582661239648e-03 6.697758989787833128e-03
1.420000000000000000e+02 -6.240926848617025374e-02 -9.540385610517379891e-04 1.806021987543829366e-02
1.430000000000000000e+02 -5.972192692410727838e-02 9.380591676737340401e-04 5.413289938034360205e-03
1.440000000000000000e+02 -5.694796721568099601e-02 9.682946045940046039e-04 1.334900241574282775e-02
1.450000000000000000e+02 -5.057324468273600993e-02 2.225197942019256810e-03 1.454713324834492477e-03
1.460000000000000000e+02 -4.546990157477374950e-02 1.781402801858038374e-03 2.080709159296562083e-03
1.470000000000000000e+02 -4.117756069772084138e-02 1.498309618450289430e-03 -1.251238983138291960e-02
1.480000000000000000e+02 -4.380618168110934213e-02 -9.175618189428114656e-04 4.991512646382312290e-04
1.490000000000000000e+02 -4.786303986147701084e-02 -1.416110650677637577e-03 7.354867923502596619e-05
1.500000000000000000e+02 -5.368315661107909975e-02 -2.031604002620535088e-03 0.000000000000000000e+00
0.000000000000000000e+00 -4.083137923786697598e+01 3.579338007961978541e-01 -1.605055251176917830e-01
1.000000000000000000e+00 -4.127977126894926840e+01 -1.565183456418127728e-01 2.531441578508751844e-01
2.000000000000000000e+00 -4.303688675747454795e+01 -6.133490122510971698e-01 3.782569834610280957e-01
3.000000000000000000e+00 -4.609780566182089245e+01 -1.068462260347622816e+00 4.385762062537501560e-01
4.000000000000000000e+00 -5.051837342535675646e+01 -1.543069245624459462e+00 3.910356905168297370e-01
5.000000000000000000e+00 -5.642925035331233374e+01 -2.063285281459849241e+00 4.962599277175623325e-01
6.000000000000000000e+00 -6.391708975220359434e+01 -2.613749027424112192e+00 4.183083318536013895e-01
7.000000000000000000e+00 -7.315495086671448632e+01 -3.224621845803355313e+00 6.097882317497540505e-01
8.000000000000000000e+00 -8.418717463825690572e+01 -3.850972572604042021e+00 6.458437144533184515e-01
9.000000000000000000e+00 -9.707941132519586347e+01 -4.500239562669805515e+00 1.046737658149967665e+00
1.000000000000000000e+01 -1.116540571254878955e+02 -5.087511130541193971e+00 1.381602552390378325e+00
1.100000000000000000e+01 -1.276319659017701866e+02 -5.577342314588478622e+00 1.831100042527508354e+00
1.200000000000000000e+01 -1.445245927137268325e+02 -5.896639143586333454e+00 1.982584871072869515e+00
1.300000000000000000e+01 -1.618122090885983084e+02 -6.034516511263870342e+00 1.976073137515504730e+00
1.400000000000000000e+01 -1.789213158547850639e+02 -5.972204902903966328e+00 1.888190828755036188e+00
1.500000000000000000e+01 1.647405193536209538e+02 -5.703095386934573519e+00 1.453615075678131419e+00
1.600000000000000000e+01 1.495924893186890756e+02 -5.287659986011060909e+00 6.851459820940486445e-01
1.700000000000000000e+01 1.358263819618683783e+02 -4.805277971190696107e+00 -5.218520491290878915e-02
1.800000000000000000e+01 1.235350634254114226e+02 -4.290479557451691406e+00 -5.605638149486744659e-01
1.900000000000000000e+01 1.127938144503762032e+02 -3.749403207816607519e+00 -9.810947898954233137e-01
2.000000000000000000e+01 1.036117684657564126e+02 -3.205138690022797832e+00 -1.112638443731850169e+00
2.100000000000000000e+01 9.603984488205732362e+01 -2.643099944899157006e+00 -1.215536449773793271e+00
2.200000000000000000e+01 9.008224780531097053e+01 -2.079593689928260325e+00 -1.186679346055825812e+00
2.300000000000000000e+01 8.576330236032961807e+01 -1.507596364578717818e+00 -1.176449880438557472e+00
2.400000000000000000e+01 8.308153523076657621e+01 -9.361133236526573143e-01 -1.071379556346747419e+00
2.500000000000000000e+01 8.207232356945530682e+01 -3.522813267880612331e-01 -9.304172692626695440e-01
2.600000000000000000e+01 8.279135208338280449e+01 2.509882996751311435e-01 -6.844164056849952882e-01
2.700000000000000000e+01 8.534788308597195794e+01 8.923976684898494716e-01 -7.244220863257717635e-01
2.800000000000000000e+01 8.973462985869464603e+01 1.531263492704912466e+00 -4.902657915783059650e-01
2.900000000000000000e+01 9.605926911265054002e+01 2.207715579648173776e+00 -3.947398870345911748e-01
3.000000000000000000e+01 1.043508694492069679e+02 2.894314522647591481e+00 1.131823731587102699e-01
3.100000000000000000e+01 1.147726535195073723e+02 3.637888919172755475e+00 1.214015134118731076e-01
3.200000000000000000e+01 1.271974791550397015e+02 4.337082326524727804e+00 7.570942547195502748e-02
3.300000000000000000e+01 1.413663132677568228e+02 4.945856128716075162e+00 2.100482964950232123e-01
3.400000000000000000e+01 1.569668585561057057e+02 5.445617607763503898e+00 3.314720808474782565e-01
3.500000000000000000e+01 1.735505090176443161e+02 5.788786051074523265e+00 1.608476452072151730e-01
3.600000000000000000e+01 -1.695553758545517553e+02 5.897158663823229396e+00 7.582485586901375196e-01
3.700000000000000000e+01 -1.527249351489540459e+02 5.874932097487155502e+00 1.276194647197828935e+00
3.800000000000000000e+01 -1.363307098195652713e+02 5.722664206233719852e+00 1.899009110283184754e+00
3.900000000000000000e+01 -1.206040368763180197e+02 5.489644464879439134e+00 2.000000000000000000e+00
4.000000000000000000e+01 -1.058672333780202308e+02 5.144114845294300409e+00 2.000000000000000000e+00
4.100000000000000000e+01 -9.233771890180015873e+01 4.722691476125525867e+00 2.000000000000000000e+00
4.200000000000000000e+01 -8.009557131865709323e+01 4.273315656818254205e+00 1.815929230173967568e+00
4.300000000000000000e+01 -6.918965482313238624e+01 3.806883015889349409e+00 1.418405848778857115e+00
4.400000000000000000e+01 -5.968264423634099103e+01 3.318572735229360138e+00 1.524624955256216996e+00
4.500000000000000000e+01 -5.137523042379464044e+01 2.899834467091775725e+00 1.271876129972275393e+00
4.600000000000000000e+01 -4.419985687600257052e+01 2.504677869389563938e+00 1.530405525149862722e+00
4.700000000000000000e+01 -3.786475932458111515e+01 2.211366214146706088e+00 9.201901247153858598e-01
4.800000000000000000e+01 -3.245304425211265453e+01 1.889044923887564620e+00 1.111396437617040656e+00
4.900000000000000000e+01 -2.771669377092878861e+01 1.653298208501522204e+00 6.934300553297889635e-01
5.000000000000000000e+01 -2.368167367760798214e+01 1.408487720251538899e+00 8.375681525196626565e-01
5.100000000000000000e+01 -2.014972753088474988e+01 1.232881785268943320e+00 3.536987081689090262e-01
5.200000000000000000e+01 -1.720592586662191792e+01 1.027580631341501238e+00 3.321863678011526266e-01
5.300000000000000000e+01 -1.475494577559943643e+01 8.555534497834523799e-01 3.951560357674809287e-01
5.400000000000000000e+01 -1.268137487980647649e+01 7.238127881023067589e-01 9.786705574775816929e-02
5.500000000000000000e+01 -1.103742707233247522e+01 5.738460394272636433e-01 5.223754434386670420e-01
5.600000000000000000e+01 -9.580353224057880368e+00 5.086147219419195897e-01 4.235685788008655694e-02
5.700000000000000000e+01 -8.462669349493291193e+00 3.901452721519877431e-01 3.288867216300235263e-01
5.800000000000000000e+01 -7.519854305382639659e+00 3.291045351413286468e-01 3.861171386230040081e-01
5.900000000000000000e+01 -6.692303290332535681e+00 2.888697988169095510e-01 4.703490191728903480e-01
6.000000000000000000e+01 -5.913025795883543267e+00 2.720191612965346395e-01 1.368700068185131624e-01
6.100000000000000000e+01 -5.296277817198612681e+00 2.152856576614371464e-01 3.526503525353050228e-01
6.200000000000000000e+01 -4.726317207107635809e+00 1.989537850552633713e-01 -1.106590777378591017e-02
6.300000000000000000e+01 -4.338147780873160109e+00 1.354966908673769233e-01 3.722895115517563247e-01
6.400000000000000000e+01 -3.952523873073489291e+00 1.346081373102260836e-01 5.420706739373122307e-01
6.500000000000000000e+01 -3.482064365232525827e+00 1.642213481827378696e-01 2.224976963552089126e-01
6.600000000000000000e+01 -3.046490564316495675e+00 1.520439392282202373e-01 2.094518349514906119e-01
6.700000000000000000e+01 -2.635101039791222011e+00 1.436020342235998226e-01 1.723596821367730791e-01
6.800000000000000000e+01 -2.248426854494598448e+00 1.349747533178545511e-01 -1.033690257313885086e-02
6.900000000000000000e+01 -1.950488993900849843e+00 1.039999326741755381e-01 6.828429703549548924e-02
7.000000000000000000e+01 -1.696337328695003421e+00 8.871566714536673059e-02 1.123594734128676720e-01
7.100000000000000000e+01 -1.457506093279907988e+00 8.336782829198180478e-02 3.089941125195845850e-01
7.200000000000000000e+01 -1.140545002733547308e+00 1.106402926149175070e-01 -5.490594175937689447e-02
7.300000000000000000e+01 -8.899456156451321931e-01 8.747568816345217824e-02 -1.011318346529628959e-01
7.400000000000000000e+01 -7.161760519943609626e-01 6.065702050919627442e-02 1.509893125770033206e-01
7.500000000000000000e+01 -5.043795132327258957e-01 7.393093891436651466e-02 9.113166610037586046e-02
7.600000000000000000e+01 -2.723360130708878946e-01 8.099846171352136082e-02 -1.907007255775667806e-02
7.700000000000000000e+01 -5.869983498876110706e-02 7.457309417820114084e-02 9.704958137485665548e-02
7.800000000000000000e+01 1.944390852885418963e-01 8.836215247564749298e-02 -2.868438826404479114e-02
7.900000000000000000e+01 4.425432493779356546e-01 8.660469102536400010e-02 -1.409410714699680656e-01
8.000000000000000000e+01 6.466776561480600538e-01 7.125635029488150418e-02 -2.931905398282840663e-02
8.100000000000000000e+01 8.624630247621558610e-01 7.532330319891208936e-02 -1.755625330919478033e-01
8.200000000000000000e+01 1.035147094022513814e+00 6.027811148670345065e-02 -1.356892138365203837e-02
8.300000000000000000e+01 1.240816253141999059e+00 7.179207992886281475e-02 -2.624480794399156602e-01
8.400000000000000000e+01 1.380233630024263691e+00 4.866584522178688671e-02 -2.393423156900853499e-01
8.500000000000000000e+01 1.468554978048363990e+00 3.082996645640683625e-02 -2.074075660702063006e-01
8.600000000000000000e+01 1.522814271801209207e+00 1.894006651587877565e-02 -8.888179118096611875e-02
8.700000000000000000e+01 1.595978241464483416e+00 2.553904328906759710e-02 -1.332723294370029565e-01
8.800000000000000000e+01 1.671714090914353079e+00 2.643679869389921680e-02 -1.807429045525054401e-01
8.900000000000000000e+01 1.732461782609557854e+00 2.120494466135480066e-02 -2.184067473449746166e-01
9.000000000000000000e+01 1.764313505520302972e+00 1.111834874450822602e-02 -2.957202664953698101e-01
9.100000000000000000e+01 1.735240105569134661e+00 -1.014853107794084011e-02 -3.358860354869421805e-01
9.200000000000000000e+01 1.626891870812781304e+00 -3.782066870444245055e-02 -2.294515875395052862e-01
9.300000000000000000e+01 1.480944326723108162e+00 -5.094530359128779384e-02 -1.458792197343835584e-01
9.400000000000000000e+01 1.327839034285163589e+00 -5.344382910541810305e-02 -1.570653958495558111e-01
9.500000000000000000e+01 1.157029366288027994e+00 -5.962382201576815755e-02 -1.127530627763215498e-01
9.600000000000000000e+01 9.811532909515749967e-01 -6.139233180213395091e-02 8.272914484197210760e-02
9.700000000000000000e+01 8.776188971380085579e-01 -3.614032122206368991e-02 -2.414363282157906687e-02
9.800000000000000000e+01 7.966189630880282646e-01 -2.827431086140837907e-02 -2.010396118887286254e-01
9.900000000000000000e+01 6.591008681230297039e-01 -4.800287076418919413e-02 -7.473326591564800891e-02
1.000000000000000000e+02 5.141842551519345550e-01 -5.058544074367866267e-02 -1.074051852453887373e-01
1.010000000000000000e+02 3.423953143412447053e-01 -5.996565271320386525e-02 1.713412785482637535e-02
1.020000000000000000e+02 1.908089704844179169e-01 -5.291361602723814589e-02 -4.648342751477405055e-02
1.030000000000000000e+02 2.640316819044307220e-02 -5.738845118825414843e-02 5.803191917906232872e-02
1.040000000000000000e+02 -1.120751349863989277e-01 -4.833804666021632168e-02 4.772540452188445137e-02
1.050000000000000000e+02 -2.342477711351215741e-01 -4.264629513272507472e-02 6.390152737702509134e-02
1.060000000000000000e+02 -3.377450155563255785e-01 -3.612735363782686171e-02 8.535028335576375080e-02
1.070000000000000000e+02 -4.172310420867871295e-01 -2.774585744568239948e-02 1.266791784651187525e-01
1.080000000000000000e+02 -4.579267273274397754e-01 -1.420547397609298740e-02 5.343924720272395790e-02
1.090000000000000000e+02 -4.928306570858227986e-01 -1.218376992337226634e-02 8.310143219799079328e-02
1.100000000000000000e+02 -5.105052985711058255e-01 -6.169613760555361752e-03 7.157896682972771096e-02
1.110000000000000000e+02 -5.165648401942445345e-01 -2.115179049708241880e-03 1.299684452953213040e-02
1.120000000000000000e+02 -5.364103183592980884e-01 -6.927378712256526856e-03 7.290445030475153909e-02
1.130000000000000000e+02 -5.450425097874476155e-01 -3.013203241672829207e-03 9.863674569359484612e-02
1.140000000000000000e+02 -5.317274678192309700e-01 4.647826447732135956e-03 7.913250936426846627e-02
1.150000000000000000e+02 -5.043472286077194111e-01 9.557506484490635446e-03 1.600030575660447707e-01
1.160000000000000000e+02 -4.271235169181527014e-01 2.695616059187544086e-02 7.171799514538158837e-02
1.170000000000000000e+02 -3.350982504835389175e-01 3.212287788618067158e-02 -1.160037173130984423e-03
1.180000000000000000e+02 -2.561375860586377340e-01 2.756247147553760740e-02 3.086330515069847513e-02
1.190000000000000000e+02 -1.735195206657921541e-01 2.883914525466275969e-02 7.632213568858225994e-02
1.200000000000000000e+02 -6.461140541334724208e-02 3.801610386593237689e-02 -6.802021750785514076e-02
1.210000000000000000e+02 1.264424726390758064e-02 2.696731009990537692e-02 -2.332460940248476389e-02
1.220000000000000000e+02 8.035104662805817033e-02 2.363413149783261807e-02 -6.555072712996733164e-02
1.230000000000000000e+02 1.229026591888902897e-01 1.485331482438992552e-02 -7.849642813086721294e-02
1.240000000000000000e+02 1.363317626442523411e-01 4.687641417740289612e-03 1.300658884835632911e-02
1.250000000000000000e+02 1.604624722261138725e-01 8.423206660920560390e-03 3.641729368050337923e-02
1.260000000000000000e+02 2.062596958692949067e-01 1.598624681691404592e-02 -7.667231436174037906e-02
1.270000000000000000e+02 2.268441412631672649e-01 7.185326936401056214e-03 -2.727834198471948413e-02
1.280000000000000000e+02 2.442132157218776800e-01 6.062950746570974422e-03 -6.355903145842051183e-02
1.290000000000000000e+02 2.434277761468705281e-01 -2.741701331867903851e-04 3.018975781841207531e-02
1.300000000000000000e+02 2.647439435209524849e-01 7.440746091678474526e-03 -1.370432882623165427e-01
1.310000000000000000e+02 2.370979582394205087e-01 -9.650269362412488422e-03 -6.148551780178515558e-02
1.320000000000000000e+02 1.919216659820381921e-01 -1.576950087469084633e-02 -1.523273459018509302e-02
1.330000000000000000e+02 1.473966372217225818e-01 -1.554216702825354096e-02 -2.910343464733563396e-02
1.340000000000000000e+02 9.589269645078210558e-02 -1.797826688410116350e-02 1.160616818595042697e-02
1.350000000000000000e+02 5.297211351827985082e-02 -1.498210978094894827e-02 2.569051929566329440e-03
1.360000000000000000e+02 1.314195330657525439e-02 -1.390334874582173537e-02 2.065873328972775425e-03
1.370000000000000000e+02 -2.530763998976394077e-02 -1.342143998147717412e-02 4.289435063978674911e-02
1.380000000000000000e+02 -4.627378033025413007e-02 -7.318563607535175097e-03 2.295698122360768922e-02
1.390000000000000000e+02 -5.911015123593308523e-02 -4.480738726226090284e-03 4.155875953627235359e-02
1.400000000000000000e+02 -5.630459099554671609e-02 9.793252711557173112e-04 -9.465368168416071065e-03
1.410000000000000000e+02 -5.967789493456790439e-02 -1.177505208128274295e-03 6.697821189742686476e-03
1.420000000000000000e+02 -6.241094288319816441e-02 -9.540137063694905436e-04 1.806027622514629061e-02
1.430000000000000000e+02 -5.972356869306360422e-02 9.380705570192801428e-04 5.413343022612468469e-03
1.440000000000000000e+02 -5.694961511145153754e-02 9.682924659323934079e-04 1.334904977440204421e-02
1.450000000000000000e+02 -5.057494015049748132e-02 2.225181336261788066e-03 1.454755507408918985e-03
1.460000000000000000e+02 -4.547169006791584867e-02 1.781370329874438314e-03 2.080745730471858512e-03
1.470000000000000000e+02 -4.117949356940953792e-02 1.498259220830140464e-03 -1.251235897439820222e-02
1.480000000000000000e+02 -4.380831815420238584e-02 -9.176328892401615801e-04 4.991740598624923655e-04
1.490000000000000000e+02 -4.786545025816637405e-02 -1.416206268050729331e-03 7.356146430893134580e-05
1.500000000000000000e+02 -5.368592582722860745e-02 -2.031729254240528717e-03 0.000000000000000000e+00
0.000000000000000000e+00 -6.819118284679319686e+01 8.613812986251212500e-02 2.000000000000000000e+00
1.000000000000000000e+00 -6.907979274607049547e+01 -3.101833701640850371e-01 2.000000000000000000e+00
2.000000000000000000e+00 -7.111591951102856513e+01 -7.107423207299741197e-01 2.000000000000000000e+00
3.000000000000000000e+00 -7.432555405708112062e+01 -1.120373812287415838e+00 2.000000000000000000e+00
4.000000000000000000e+00 -7.874444254151299560e+01 -1.542483066635964573e+00 1.806009248126331457e+00
5.000000000000000000e+00 -8.449452219478619952e+01 -2.007156444031029885e+00 1.445150218452974533e+00
6.000000000000000000e+00 -9.176227462939098700e+01 -2.536924184073748201e+00 9.396363676115544461e-01
7.000000000000000000e+00 -1.007738235806885996e+02 -3.145623998095703477e+00 6.973148009350016441e-01
8.000000000000000000e+00 -1.115964415501316012e+02 -3.777806345045669367e+00 2.303631544514617158e-01
9.000000000000000000e+00 -1.243178274351063664e+02 -4.440601382190848767e+00 2.758682490400086174e-01
1.000000000000000000e+01 -1.386952388181370850e+02 -5.018663330951944168e+00 2.023524900168385265e-01
1.100000000000000000e+01 -1.544039038795416445e+02 -5.483358528290136924e+00 2.543643791467493642e-01
1.200000000000000000e+01 -1.709315077414852908e+02 -5.769222097124940163e+00 2.943781187261373944e-02
1.300000000000000000e+01 1.722148879693315564e+02 -5.883017713489702594e+00 -2.444505349879277922e-01
1.400000000000000000e+01 1.555472830140723488e+02 -5.818091697819896879e+00 -2.593488374661025997e-01
1.500000000000000000e+01 1.396576238102286425e+02 -5.546537402537872197e+00 -3.839404053011765683e-01
1.600000000000000000e+01 1.249938771242236015e+02 -5.118613206983891217e+00 -5.334355826327166206e-01
1.700000000000000000e+01 1.118610583787617685e+02 -4.584218543518819189e+00 -7.943309785418712909e-01
1.800000000000000000e+01 1.003809865598827713e+02 -4.007301032097043247e+00 -8.613590596597267002e-01
1.900000000000000000e+01 9.064419507455086489e+01 -3.398781399983809237e+00 -9.503634795449301675e-01
2.000000000000000000e+01 8.264747089525609169e+01 -2.791383326050710156e+00 -7.845877766927131791e-01
2.100000000000000000e+01 7.644451995934753086e+01 -2.165238343425362810e+00 -7.584579712937700169e-01
2.200000000000000000e+01 7.200438502658711570e+01 -1.549899476189716907e+00 -7.203872024772943750e-01
2.300000000000000000e+01 6.929816947208315980e+01 -9.446474338955663796e-01 -7.816682794520448674e-01
2.400000000000000000e+01 6.826591976205283174e+01 -3.603231228557296495e-01 -7.889893299779924263e-01
2.500000000000000000e+01 6.889048052996784577e+01 2.180128355780329708e-01 -7.649392027292698515e-01
2.600000000000000000e+01 7.119074060028087558e+01 8.029422375823737079e-01 -6.582576103465951345e-01
2.700000000000000000e+01 7.524198614587950829e+01 1.414151471549001116e+00 -7.784711088291285108e-01
2.800000000000000000e+01 8.103641874929471101e+01 2.022638544290035867e+00 -6.186024332294817185e-01
2.900000000000000000e+01 8.868737875451897423e+01 2.670688860591310387e+00 -5.724075375729862358e-01
3.000000000000000000e+01 9.824039265356350370e+01 3.334630920542158705e+00 -1.496040437045182969e-01
3.100000000000000000e+01 1.098555274043484360e+02 4.054446889280163724e+00 -1.785559085009440494e-01
3.200000000000000000e+01 1.234147957504824547e+02 4.733077536029682619e+00 -2.134138002308005877e-01
3.300000000000000000e+01 1.386757979986699070e+02 5.327094727702555765e+00 -1.211931177035134866e-01
3.400000000000000000e+01 1.553034771694976257e+02 5.804154969924497642e+00 1.365180375804975199e-02
3.500000000000000000e+01 1.728347300450586772e+02 6.119561693565278127e+00 -1.368174424351047413e-01
3.600000000000000000e+01 -1.694248122515994623e+02 6.192587954682149842e+00 4.659586502199848379e-01
3.700000000000000000e+01 -1.518784453000857013e+02 6.124837501340706147e+00 9.718334467474010196e-01
3.800000000000000000e+01 -1.349271888730648357e+02 5.917104740027276932e+00 1.567638536187622833e+00
3.900000000000000000e+01 -1.188235026593988550e+02 5.621246922729814521e+00 1.816077792072702479e+00
4.000000000000000000e+01 -1.038218150354326923e+02 5.236576847877886465e+00 2.000000000000000000e+00
4.100000000000000000e+01 -9.004706651616405111e+01 4.808294305909027067e+00 1.695001629198838344e+00
4.200000000000000000e+01 -7.769253570653820873e+01 4.312544803341033628e+00 1.519664122781256843e+00
4.300000000000000000e+01 -6.678418973846790152e+01 3.807731061789507265e+00 1.135155212090741772e+00
4.400000000000000000e+01 -5.736265970272775405e+01 3.288734393984090953e+00 1.304899762445576261e+00
4.500000000000000000e+01 -4.918972174937308495e+01 2.852893536944915986e+00 1.077012585114571763e+00
4.600000000000000000e+01 -4.218019316954222120e+01 2.446787054613812185e+00 1.384305198420209049e+00
4.700000000000000000e+01 -3.601850622987362982e+01 2.150834491487003675e+00 7.819785499571163534e-01
4.800000000000000000e+01 -3.078426067260836163e+01 1.827096376643285947e+00 9.981578257481322769e-01
4.900000000000000000e+01 -2.622075242990801058e+01 1.592964885540432141e+00 5.972256683980159409e-01
5.000000000000000000e+01 -2.234991938410034962e+01 1.351175628886883473e+00 7.503815778499512978e-01
5.100000000000000000e+01 -1.897366163601423494e+01 1.178536282001438229e+00 2.941596050885820768e-01
5.200000000000000000e+01 -1.616957720181050817e+01 9.788101176155473704e-01 2.817015776684116402e-01
5.300000000000000000e+01 -1.384278277491434750e+01 8.122044753278501172e-01 3.453206430755700884e-01
5.400000000000000000e+01 -1.188166664721386745e+01 6.845586688466983594e-01 5.624601882619867377e-02
5.500000000000000000e+01 -1.033875643279777101e+01 5.385772660842511605e-01 4.827854819004687714e-01
5.600000000000000000e+01 -8.973987257763694103e+00 4.763943126814282891e-01 1.815355743206856221e-02
5.700000000000000000e+01 -7.936567461503924115e+00 3.621278234020343101e-01 3.062820737356812817e-01
5.800000000000000000e+01 -7.064203059578935573e+00 3.045126218156445352e-01 3.671365225995757431e-01
5.900000000000000000e+01 -6.298310325716940383e+00 2.673469984598496052e-01 4.561718729972669695e-01
6.000000000000000000e+01 -5.572103422201060141e+00 2.534940303412976936e-01 1.222975047413644989e-01
6.100000000000000000e+01 -5.001967695009371440e+00 1.990149124549425996e-01 3.418715077710104966e-01
6.200000000000000000e+01 -4.472259124740762815e+00 1.849031725443795182e-01 -2.117406341391780966e-02
6.300000000000000000e+01 -4.119188906652728299e+00 1.232447559274127136e-01 3.627093984804947158e-01
6.400000000000000000e+01 -3.764592357177649173e+00 1.237775460910220809e-01 5.354863037647831225e-01
6.500000000000000000e+01 -3.320958178655411430e+00 1.548575417918674479e-01 2.176613744983945387e-01
6.600000000000000000e+01 -2.908257126779669743e+00 1.440598436335120691e-01 2.042392564574884162e-01
6.700000000000000000e+01 -2.516803536676134989e+00 1.366430803211794998e-01 1.684180569598529298e-01
6.800000000000000000e+01 -2.147327401516590850e+00 1.289715013215525230e-01 -1.342328093855568727e-02
6.900000000000000000e+01 -1.864125424535446163e+00 9.885613892956340854e-02 6.572269913293224408e-02
7.000000000000000000e+01 -1.622573569282082850e+00 8.431750376943912550e-02 1.100138012419747957e-01
7.100000000000000000e+01 -1.394585141510699122e+00 7.958297442111844644e-02 3.071169229323191807e-01
7.200000000000000000e+01 -1.086914716635690059e+00 1.073972385015753706e-01 -5.635830389171224419e-02
7.300000000000000000e+01 -8.442193461546787514e-01 8.471666588482205940e-02 -1.024007957222808490e-01
7.400000000000000000e+01 -6.771845562547484931e-01 5.830614098261500261e-02 1.500153254980456097e-01
7.500000000000000000e+01 -4.710792583893894658e-01 7.194432107108310326e-02 9.021871898738569040e-02
7.600000000000000000e+01 -2.438705949522452232e-01 7.931078532067646625e-02 -1.973142397374828480e-02
7.700000000000000000e+01 -3.428600609396139504e-02 7.315882274031351717e-02 9.629387173392735255e-02
7.800000000000000000e+01 2.153921009374929474e-01 8.715410075691368275e-02 -2.932977441774239913e-02
7.900000000000000000e+01 4.605438505675866767e-01 8.557410396139850106e-02 -1.415445645545951037e-01
8.000000000000000000e+01 6.621415124075340497e-01 7.037085926858421825e-02 -2.986209672983385771e-02
8.100000000000000000e+01 8.757366374441024615e-01 7.455876396194181799e-02 -1.760183683368590213e-01
8.200000000000000000e+01 1.046532285570471066e+00 5.961892815765638259e-02 -1.392742377073821758e-02
8.300000000000000000e+01 1.250585842740060905e+00 7.122812846031643941e-02 -2.627660137542176533e-01
8.400000000000000000e+01 1.388617268489081624e+00 4.818205701084971732e-02 -2.395861285541532326e-01
8.500000000000000000e+01 1.475762189190089169e+00 3.041931585243904529e-02 -2.076306801867361385e-01
8.600000000000000000e+01 1.529019360599301214e+00 1.859025982779475422e-02 -8.911015105216951726e-02
8.700000000000000000e+01 1.601315685806172340e+00 2.523617823904933388e-02 -1.334602824313710356e-01
8.800000000000000000e+01 1.676303200207270416e+00 2.617558048371652207e-02 -1.808964450219243403e-01
8.900000000000000000e+01 1.736408595849397773e+00 2.098074104337947776e-02 -2.185223068232432508e-01
9.000000000000000000e+01 1.767716302366899805e+00 1.092845119957002419e-02 -2.958230313355991181e-01
9.100000000000000000e+01 1.738182270356719794e+00 -1.030932199934083034e-02 -3.359922287428953602e-01
9.200000000000000000e+01 1.629438050849561836e+00 -3.795889345822710259e-02 -2.295508420612397127e-01
9.300000000000000000e+01 1.483147313722544380e+00 -5.106510056071932036e-02 -1.459660116720553069e-01
9.400000000000000000e+01 1.329744116536317966e+00 -5.354781747971498057e-02 -1.571388276057846811e-01
9.500000000000000000e+01 1.158676410190838446e+00 -5.971389439126827126e-02 -1.128218472828353691e-01
9.600000000000000000e+01 9.825744900768953460e-01 -6.147116650144671818e-02 8.267542330863775213e-02
9.700000000000000000e+01 8.788444534992355672e-01 -3.620861342988627302e-02 -2.419385408858182318e-02
9.800000000000000000e+01 7.976732486500779373e-01 -2.833409564857175544e-02 -2.010781472834588246e-01
9.900000000000000000e+01 6.600068554020428468e-01 -4.805463663047004896e-02 -7.476668439512193509e-02
1.000000000000000000e+02 5.149615558861455611e-01 -5.063036082187487991e-02 -1.074324327038070903e-01
1.010000000000000000e+02 3.430613673998765822e-01 -6.000448547768482549e-02 1.711331902111234982e-02
1.020000000000000000e+02 1.913798104727043592e-01 -5.294685165860735232e-02 -4.650131564490295188e-02
1.030000000000000000e+02 2.689251463118688332e-02 -5.741689780272912769e-02 5.801610425830740908e-02
1.040000000000000000e+02 -1.116557275652498155e-01 -4.836245998356721032e-02 4.771136858684049686e-02
1.050000000000000000e+02 -2.338886064840465240e-01 -4.266732382649137539e-02 6.389154976206609660e-02
1.060000000000000000e+02 -3.374369126775015881e-01 -3.614517755878053629e-02 8.534104279706430929e-02
1.070000000000000000e+02 -4.169664181604170738e-01 -2.776103446319518053e-02 1.266706696436182555e-01
1.080000000000000000e+02 -4.576993156159314680e-01 -1.421846348951890000e-02 5.343289472222455261e-02
1.090000000000000000e+02 -4.926346596996450389e-01 -1.219473559155848791e-02 8.309439622798067693e-02
1.100000000000000000e+02 -5.103363893654599970e-01 -6.179069319328524268e-03 7.157271783751349703e-02
1.110000000000000000e+02 -5.164193706318602750e-01 -2.123361028716394538e-03 1.299131481276192754e-02
1.120000000000000000e+02 -5.362852097739739810e-01 -6.934486034028970736e-03 7.290022199513347678e-02
1.130000000000000000e+02 -5.449348877950084269e-01 -3.019307214088781145e-03 9.863282779621800056e-02
1.140000000000000000e+02 -5.316349803699116361e-01 4.642543495567585075e-03 7.912947481015951412e-02
1.150000000000000000e+02 -5.042677115750711092e-01 9.552978954965395120e-03 1.600001039992314245e-01
1.160000000000000000e+02 -4.270552577308033837e-01 2.695223086253247316e-02 7.171575181767569918e-02
1.170000000000000000e+02 -3.350396534921492586e-01 3.211950514353127673e-02 -1.162120911486125285e-03
1.180000000000000000e+02 -2.560873493342050167e-01 2.755955319184272972e-02 3.086171469456451544e-02
1.190000000000000000e+02 -1.734764437981507756e-01 2.883664599316312915e-02 7.632062647166566738e-02
1.200000000000000000e+02 -6.457452156556470202e-02 3.801394209418883230e-02 -6.802144405804044780e-02
1.210000000000000000e+02 1.267579416412718818e-02 2.696544715376578832e-02 -2.332543898074847938e-02
1.220000000000000000e+02 8.037808310444533033e-02 2.363255706290188704e-02 -6.555176579250397706e-02
1.230000000000000000e+02 1.229257527759645696e-01 1.485193849637888794e-02 -7.849708195371363217e-02
1.240000000000000000e+02 1.363514983898638233e-01 4.686469309954578027e-03 1.300599450747697006e-02
1.250000000000000000e+02 1.604793348194473723e-01 8.422203741577326958e-03 3.641671066166944637e-02
1.260000000000000000e+02 2.062740671212303367e-01 1.598537717471027950e-02 -7.667260481087714852e-02
1.270000000000000000e+02 2.268564352808377926e-01 7.184601844855918393e-03 -2.727877042100880500e-02
1.280000000000000000e+02 2.442237094203988379e-01 6.062322316636096012e-03 -6.355924181654407090e-02
1.290000000000000000e+02 2.434367726416166999e-01 -2.746927558957236101e-04 3.018949102524516939e-02
1.300000000000000000e+02 2.647516655315136913e-01 7.440301212772617093e-03 -1.370434985434762221e-01
1.310000000000000000e+02 2.371046049764294894e-01 -9.650644703689393103e-03 -6.148565521316788629e-02
1.320000000000000000e+02 1.919274276478057928e-01 -1.576980982283639199e-02 -1.523288099360213532e-02
1.330000000000000000e+02 1.474016669652686851e-01 -1.554242251730621541e-02 -2.910357084766403146e-02
1.340000000000000000e+02 9.589712435908573362e-02 -1.797847696423186814e-02 1.160599288390544263e-02
1.350000000000000000e+02 5.297603030716504374e-02 -1.498228819528339521e-02 2.568893679917083617e-03
1.360000000000000000e+02 1.314543785278423152e-02 -1.390349962697908816e-02 2.065728969954577776e-03
1.370000000000000000e+02 -2.530451904946994304e-02 -1.342156690388509634e-02 4.289421618584039059e-02
1.380000000000000000e+02 -4.627096373795377970e-02 -7.318669845026395948e-03 2.295687106327497229e-02
1.390000000000000000e+02 -5.910758070736529118e-02 -4.480824618672140866e-03 4.155865868559232429e-02
1.400000000000000000e+02 -5.630221347332889370e-02 9.792578992300305860e-04 -9.465454299236227692e-03
1.410000000000000000e+02 -5.967565827365401560e-02 -1.177554377999121514e-03 6.697741492196623847e-03
1.420000000000000000e+02 -6.240879745634730219e-02 -9.540455530652953205e-04 1.806020402358626820e-02
1.430000000000000000e+02 -5.972146507315161112e-02 9.380559636446132461e-04 5.413275004696301018e-03
1.440000000000000000e+02 -5.694750364132112469e-02 9.682952061755661878e-04 1.334898909317290550e-02
1.450000000000000000e+02 -5.057276772589534147e-02 2.225202613386295658e-03 1.454701458358208244e-03
1.460000000000000000e+02 -4.546939844882012804e-02 1.781411936601705586e-03 2.080698871374214720e-03
1.470000000000000000e+02 -4.117701695634546494e-02 1.498323795907019950e-03 -1.251239851183470753e-02
1.480000000000000000e+02 -4.380558066416553875e-02 -9.175418259978107473e-04 4.991448520588722196e-04
1.490000000000000000e+02 -4.786236178643872574e-02 -1.416083752328356569e-03 7.354508263479999156e-05
1.500000000000000000e+02 -5.368237759566601291e-02 -2.031568767782768441e-03 0.000000000000000000e+00
