0.000000000000000000e+00 -4.785108653581847449e+01 -7.046048611565280950e-02 -3.158087713044197553e-01
1.000000000000000000e+00 -4.978162262560247342e+01 -6.738842219061513816e-01 -5.671935404877912479e-01
2.000000000000000000e+00 -5.359653311495743822e+01 -1.331654974162246319e+00 -1.261558560156843090e+00
3.000000000000000000e+00 -5.968286946805185522e+01 -2.124532174906433646e+00 -2.000000000000000000e+00
4.000000000000000000e+00 -6.848340286619151129e+01 -3.071965674585245498e+00 -2.000000000000000000e+00
5.000000000000000000e+00 -8.014223225916859406e+01 -4.069699196714834599e+00 -2.000000000000000000e+00
6.000000000000000000e+00 -9.477736780866239030e+01 -5.108626036286727512e+00 -2.000000000000000000e+00
7.000000000000000000e+00 -1.124130672199241872e+02 -6.156020412370880379e+00 -1.814922329311808635e+00
8.000000000000000000e+00 -1.328149572326699115e+02 -7.121603087043212987e+00 -6.796345609108334074e-01
9.000000000000000000e+00 -1.550850034554771639e+02 -7.773712623186266768e+00 -1.960626836735959166e-01
1.000000000000000000e+01 -1.783444455415913410e+02 -8.000000000000000000e+00 9.434515374844734126e-01
1.100000000000000000e+01 1.590805864342058555e+02 -7.880150411095561580e+00 5.665285866918243762e-01
1.200000000000000000e+01 1.375162305181604836e+02 -7.527380236138204062e+00 1.172665731029481684e+00
1.300000000000000000e+01 1.179069093170201796e+02 -6.844944380820542129e+00 9.526119327812780924e-01
1.400000000000000000e+01 1.006056732118163239e+02 -6.039270694014544638e+00 1.331573809143390186e+00
1.500000000000000000e+01 8.598852642077189046e+01 -5.102346775020978775e+00 3.333212683055353232e-01
1.600000000000000000e+01 7.365794170787528117e+01 -4.304186038722508378e+00 -6.852761815771590825e-01
1.700000000000000000e+01 6.309466774270324407e+01 -3.687278209648969796e+00 -6.802481973981251429e-01
1.800000000000000000e+01 5.415509696855222899e+01 -3.120498874479877394e+00 -4.581974402833410842e-01
1.900000000000000000e+01 4.676028983941250772e+01 -2.581274639068763754e+00 -4.503443150185031385e-01
2.000000000000000000e+01 4.073719770508608207e+01 -2.102455777899374656e+00 -5.599167372325415393e-01
2.100000000000000000e+01 3.587564955190164540e+01 -1.697000440346353445e+00 5.093476409741310995e-01
2.200000000000000000e+01 3.249211242547433187e+01 -1.181077264392486725e+00 5.110301166821167307e-01
2.300000000000000000e+01 3.048236233901173975e+01 -7.015351230202602206e-01 3.884910860458403725e-01
2.400000000000000000e+01 2.972947678604071697e+01 -2.628066358008454562e-01 2.056757114783667184e-01
2.500000000000000000e+01 3.013047228463058858e+01 1.399738347213899670e-01 8.942061101083353947e-02
2.600000000000000000e+01 3.164842374887506438e+01 5.298650187306956916e-01 -1.301701170833700072e-01
2.700000000000000000e+01 3.423781675143075631e+01 9.038686704539802275e-01 3.643633833341035633e-01
2.800000000000000000e+01 3.819264372587201706e+01 1.380495041013702906e+00 1.632662603462570861e+00
2.900000000000000000e+01 4.417754614186854667e+01 2.089125051394060684e+00 1.055871631567319557e+00
3.000000000000000000e+01 5.211349537713849855e+01 2.770168868531730944e+00 6.027309298701334361e-01
3.100000000000000000e+01 6.200417951956816864e+01 3.452500071203791876e+00 1.464325690729456841e+00
3.200000000000000000e+01 7.442127875007201965e+01 4.334385302382937510e+00 1.718047407209458033e+00
3.300000000000000000e+01 8.964631204138488840e+01 5.314539193183158261e+00 2.000000000000000000e+00
3.400000000000000000e+01 1.078793328199651853e+02 6.364524903415332169e+00 1.194173323552364607e+00
3.500000000000000000e+01 1.286703377268194401e+02 7.257429808458070397e+00 -1.468947581734987295e-01
3.600000000000000000e+01 1.510757408362123897e+02 7.820961089909650887e+00 -1.197143805130219452e+00
3.700000000000000000e+01 1.740058821553837447e+02 8.000000000000000000e+00 -1.880249430226846208e+00
3.800000000000000000e+01 -1.636594140969991997e+02 7.796282357068695212e+00 -1.164503597662612577e+00
3.900000000000000000e+01 -1.424296177246006039e+02 7.410596924526071660e+00 -1.035581812959907477e+00
4.000000000000000000e+01 -1.229549025674649556e+02 6.797958007601231145e+00 -9.366748075556619035e-01
4.100000000000000000e+01 -1.056855749176956465e+02 6.028132541883368667e+00 -1.212952704709927776e+00
4.200000000000000000e+01 -9.100605313818749664e+01 5.124119753412684553e+00 -8.121145495420778460e-02
4.300000000000000000e+01 -7.850968992806242852e+01 4.362053650835411744e+00 2.350567034756863016e-01
4.400000000000000000e+01 -6.801784907277327363e+01 3.662343350401074282e+00 3.463376315705168906e-01
4.500000000000000000e+01 -5.936957078948557864e+01 3.018818613441862198e+00 2.492989658537627662e-01
4.600000000000000000e+01 -5.246296624362424410e+01 2.410859789169760070e+00 -2.124333879437587669e-01
4.700000000000000000e+01 -4.735139486613019244e+01 1.784275009759464181e+00 -6.352492448730697738e-01
4.800000000000000000e+01 -4.409313955310053501e+01 1.137345661659320051e+00 -1.268749596026439441e-01
4.900000000000000000e+01 -4.238445245793188576e+01 5.964443139406149230e-01 7.413621304394713007e-03
5.000000000000000000e+01 -4.212094953129072650e+01 9.197987317058575751e-02 -1.547330413298351193e-01
5.100000000000000000e+01 -4.336499412695517464e+01 -4.342534847197240255e-01 -2.045957910705704652e-01
5.200000000000000000e+01 -4.617227376757604418e+01 -9.799254550607462422e-01 -4.820168141712745657e-01
5.300000000000000000e+01 -5.073673310874605846e+01 -1.593296881536558462e+00 -1.257550252349442399e+00
5.400000000000000000e+01 -5.750512367616979503e+01 -2.362614009249428104e+00 -2.000000000000000000e+00
5.500000000000000000e+01 -6.694515805173335821e+01 -3.295193627100622802e+00 -2.000000000000000000e+00
5.600000000000000000e+01 -7.922161376415363065e+01 -4.285291453139995710e+00 -2.000000000000000000e+00
5.700000000000000000e+01 -9.446819215979094508e+01 -5.322059853346117642e+00 -2.000000000000000000e+00
5.800000000000000000e+01 -1.127162688440767653e+02 -6.369780405943939350e+00 -1.503522722485053364e+00
5.900000000000000000e+01 -1.335923590234886831e+02 -7.287130171479832441e+00 -3.361520741488712716e-01
6.000000000000000000e+01 -1.561690471775848152e+02 -7.880750849699572846e+00 4.542971134676085931e-01
6.100000000000000000e+01 -1.794186315097856266e+02 -8.000000000000000000e+00 1.723358040854030548e-01
6.200000000000000000e+01 1.577153115974459467e+02 -7.981759594543063940e+00 1.789475722441427052e-01
6.300000000000000000e+01 1.357409168558675105e+02 -7.670510787469448033e+00 3.010651668636024070e-01
6.400000000000000000e+01 1.153954061188664326e+02 -7.101923007210518612e+00 6.455862396983924612e-02
6.500000000000000000e+01 9.701861003488527047e+01 -6.414711952661442673e+00 2.686569366812485704e-01
6.600000000000000000e+01 8.088975205803866686e+01 -5.630033525650486759e+00 1.075767922610059601e+00
6.700000000000000000e+01 6.734465962120596316e+01 -4.728129210194251364e+00 1.625947268761668063e+00
6.800000000000000000e+01 5.648106995563967558e+01 -3.792108164995230180e+00 9.553010386534277476e-01
6.900000000000000000e+01 4.781927895021023289e+01 -3.023535443287467483e+00 8.671042318653907621e-01
7.000000000000000000e+01 4.112227070925481343e+01 -2.337696876757329179e+00 7.364755233167936677e-01
7.100000000000000000e+01 3.615479976302481191e+01 -1.733974470177429117e+00 1.033492982746393007e+00
7.200000000000000000e+01 3.289904196683880144e+01 -1.136473863818414420e+00 1.195580598258640936e+00
7.300000000000000000e+01 3.132407705576821400e+01 -5.497664660312214790e-01 8.892296289830663447e-01
7.400000000000000000e+01 3.124823628205789916e+01 -2.647342417010711824e-02 1.178032408120041730e+00
7.500000000000000000e+01 3.279319303593542401e+01 5.392916431217325002e-01 6.958949010790227430e-01
7.600000000000000000e+01 3.580088380535286063e+01 1.049882136163525992e+00 1.904031558721402728e+00
7.700000000000000000e+01 4.088363397217032968e+01 1.774214509345121815e+00 1.210341220991482780e+00
7.800000000000000000e+01 4.789279672143274524e+01 2.446659355655339763e+00 8.940307008353142182e-01
7.900000000000000000e+01 5.688016291190213991e+01 3.137182622122221431e+00 1.163693747767753361e+00
8.000000000000000000e+01 6.816709881527648918e+01 3.939883879508850217e+00 2.000000000000000000e+00
8.100000000000000000e+01 8.230794986157103210e+01 4.936088195838499892e+00 1.628241239915983574e+00
8.200000000000000000e+01 9.927774427357933007e+01 5.923575717521595507e+00 1.016462753333761126e+00
8.300000000000000000e+01 1.188048161246933887e+02 6.816233941508885508e+00 2.091038156811819704e-01
8.400000000000000000e+01 1.403044819952905584e+02 7.504799150411472830e+00 -5.928013177988367133e-02
8.500000000000000000e+01 1.631509960360105538e+02 7.974937852273566108e+00 -3.355845489475925980e-01
8.600000000000000000e+01 -1.735239264420470988e+02 8.000000000000000000e+00 5.748242188788244000e-01
8.700000000000000000e+01 -1.506009381179846685e+02 8.000000000000000000e+00 1.538996262463103726e-01
8.800000000000000000e+01 -1.286712139170136879e+02 7.654917827224526405e+00 -3.523981562208748919e-01
8.900000000000000000e+01 -1.085704227134995818e+02 7.016499775144693807e+00 -4.157432189580330117e-01
9.000000000000000000e+01 -9.068500486970530972e+01 6.243188589383101395e+00 -1.380260812506669321e+00
9.100000000000000000e+01 -7.554114859765471124e+01 5.286203067921540821e+00 -1.733857484209804456e+00
9.200000000000000000e+01 -6.322290252973490254e+01 4.299879039120911628e+00 -1.640554195499693613e+00
9.300000000000000000e+01 -5.352782228783214435e+01 3.384221429325027675e+00 -1.530129278432523332e+00
9.400000000000000000e+01 -4.621804726963069498e+01 2.551592832952874534e+00 -1.703917725511434167e+00
9.500000000000000000e+01 -4.119171336374613901e+01 1.754521519246248218e+00 -1.320846855847688683e+00
9.600000000000000000e+01 -3.814799248545536159e+01 1.062459016757351549e+00 -1.000654537273661715e+00
9.700000000000000000e+01 -3.686144519573312550e+01 4.490897237652499152e-01 -7.879359050279505228e-01
9.800000000000000000e+01 -3.720238987166176514e+01 -1.190121432419977143e-01 -7.459018874654628206e-01
9.900000000000000000e+01 -3.916297031645137849e+01 -6.843716802358720264e-01 -4.906412328354331498e-01
1.000000000000000000e+02 -4.269128485276291229e+01 -1.231614114092267842e+00 -4.318326522023083758e-01
1.010000000000000000e+02 -4.786201386156724880e+01 -1.804924918640369746e+00 -8.604289575657850797e-01
1.020000000000000000e+02 -5.499573277650648606e+01 -2.490137659549740423e+00 -7.630805792842126900e-01
1.030000000000000000e+02 -6.421729293641597280e+01 -3.218931739223102717e+00 -1.067405932196823448e+00
1.040000000000000000e+02 -7.583223662933492903e+01 -4.054380197503698824e+00 -8.238725837783287265e-01
1.050000000000000000e+02 -8.988445196563621664e+01 -4.905148496353995746e+00 -1.142437171070985080e+00
1.060000000000000000e+02 -1.065761808764203380e+02 -5.826512546870191045e+00 -1.358556085918106504e+00
1.070000000000000000e+02 -1.259110052255129233e+02 -6.749126903728705607e+00 -1.210091930961208817e+00
1.080000000000000000e+02 -1.475060350235296767e+02 -7.538087440833569630e+00 -9.509736261862120621e-01
1.090000000000000000e+02 -1.706639622543988821e+02 -8.000000000000000000e+00 -1.207185270827734414e+00
1.100000000000000000e+02 1.655504220649102933e+02 -8.000000000000000000e+00 -1.637280518135746377e+00
1.110000000000000000e+02 1.424646743812237162e+02 -8.000000000000000000e+00 -7.244115346530857202e-01
1.120000000000000000e+02 1.205441001372078773e+02 -7.651723889718847538e+00 -2.804698296868441965e-01
1.130000000000000000e+02 1.003534522592568692e+02 -7.047865671621016403e+00 2.498472793401618208e-01
1.140000000000000000e+02 8.238377627679368231e+01 -6.272600228210585271e+00 1.083905458037201175e+00
1.150000000000000000e+02 6.700951132072086125e+01 -5.366630871149039805e+00 1.174943444998848729e+00
1.160000000000000000e+02 5.411806957262907503e+01 -4.499962076665103616e+00 1.321397595338161590e+00
1.170000000000000000e+02 4.353530262971308673e+01 -3.694082542501979649e+00 1.151127735800065999e+00
1.180000000000000000e+02 3.492714934875665023e+01 -3.004812345380851291e+00 8.119557685349287901e-01
1.190000000000000000e+02 2.789805111005733451e+01 -2.453618154228752513e+00 7.955743203414119558e-01
1.200000000000000000e+02 2.221615129349265771e+01 -1.983357191350307414e+00 6.722904931255476724e-01
1.210000000000000000e+02 1.763553336939237681e+01 -1.598937291028361241e+00 5.037964115239748075e-01
1.220000000000000000e+02 1.392234545617764496e+01 -1.296147096617094263e+00 5.296282675565472386e-01
1.230000000000000000e+02 1.095371388914853483e+01 -1.036247902465925685e+00 4.816916131631915898e-01
1.240000000000000000e+02 8.600340702871040577e+00 -8.214822125738395764e-01 3.543341908665478823e-01
1.250000000000000000e+02 6.720534454372949718e+00 -6.561761667170862289e-01 3.611526699078469460e-01
1.260000000000000000e+02 5.247364682070921660e+00 -5.142332593505046789e-01 2.840031528372972680e-01
1.270000000000000000e+02 4.092737486210195286e+00 -4.030409240167738272e-01 2.753202811649713144e-01
1.280000000000000000e+02 3.209767635509213513e+00 -3.082146218114947267e-01 2.240155347340772596e-01
1.290000000000000000e+02 2.543364707492279830e+00 -2.326185047765198521e-01 1.197721878165322051e-01
1.300000000000000000e+02 2.023774942772235352e+00 -1.813710430805412221e-01 9.664589291390257575e-02
1.310000000000000000e+02 1.621591472151735269e+00 -1.403885151885167770e-01 1.296412319018546144e-01
1.320000000000000000e+02 1.335918779665371980e+00 -9.971858133848421346e-02 8.044241260089629586e-02
1.330000000000000000e+02 1.134906082904953095e+00 -7.016666793564382831e-02 -6.302884969694111383e-03
1.340000000000000000e+02 9.737411159932142235e-01 -5.625718622954698628e-02 2.176003369038764790e-02
1.350000000000000000e+02 8.584403688674506760e-01 -4.024755334707645626e-02 5.067075121966052587e-02
1.360000000000000000e+02 7.971040826255835210e-01 -2.141040291732240752e-02 3.286398283071423343e-02
1.370000000000000000e+02 7.797804916196717784e-01 -6.047074026434605745e-03 -1.251421594037033236e-02
1.380000000000000000e+02 7.863201781606471430e-01 2.282781243772064386e-03 -1.571883758567749201e-02
1.390000000000000000e+02 8.155912728769457720e-01 1.021753956924811163e-02 -7.979733180243386848e-02
1.400000000000000000e+02 8.411556299852638308e-01 8.923644053921975933e-03 -4.242702423275254708e-02
1.410000000000000000e+02 8.800305194480141369e-01 1.356989634947806771e-02 -8.887609781640622153e-02
1.420000000000000000e+02 9.137135660603217246e-01 1.175760130975131434e-02 -1.218909709506154071e-01
1.430000000000000000e+02 9.292806326178318921e-01 5.433931326110530424e-03 -7.342858370705751536e-02
1.440000000000000000e+02 9.481405855219798839e-01 6.583365498972816934e-03 -1.275340866678892349e-02
1.450000000000000000e+02 9.970738139678152478e-01 1.708091900020487081e-02 -2.106653582833212246e-03
1.460000000000000000e+02 1.082490155577489732e+00 2.981592792193484692e-02 1.363929703674830393e-02
1.470000000000000000e+02 1.214358519290862803e+00 4.603074252031492952e-02 -1.916140195515712852e-02
1.480000000000000000e+02 1.383527912211434563e+00 5.905125800127798696e-02 -1.343763351286603527e-02
1.490000000000000000e+02 1.598800162385030088e+00 7.514419107411753063e-02 -7.234908391408542694e-03
1.500000000000000000e+02 1.870910665405508544e+00 9.498448413930929424e-02 0.000000000000000000e+00
0.000000000000000000e+00 -4.783220278032159456e+01 7.344237722426205650e-02 -5.721050314429347861e-01
1.000000000000000000e+00 -4.946014744737162516e+01 -5.682598896061168414e-01 -7.728063942729126445e-01
2.000000000000000000e+00 -5.305301219443612126e+01 -1.254146388302176174e+00 -1.424936798881129896e+00
3.000000000000000000e+00 -5.897533572784306699e+01 -2.067280900525912735e+00 -2.000000000000000000e+00
4.000000000000000000e+00 -6.759832199435601296e+01 -3.009990034098084521e+00 -2.000000000000000000e+00
5.000000000000000000e+00 -7.906719293721216957e+01 -4.003391188782929433e+00 -2.000000000000000000e+00
6.000000000000000000e+00 -9.350509596044487637e+01 -5.039778896781080597e+00 -2.000000000000000000e+00
7.000000000000000000e+00 -1.109470081766578318e+02 -6.088375920334745395e+00 -1.892209359696126025e+00
8.000000000000000000e+00 -1.312086319435418318e+02 -7.072640930649222391e+00 -7.396984606236816084e-01
9.000000000000000000e+00 -1.534045369270835693e+02 -7.747832448452426135e+00 -2.511433951713639701e-01
1.000000000000000000e+01 -1.766702621792992431e+02 -8.000000000000000000e+00 8.923041391572823500e-01
1.100000000000000000e+01 1.606700705798012621e+02 -7.909716015199913741e+00 5.121153275810157446e-01
1.200000000000000000e+01 1.389416683631514786e+02 -7.584643197563460504e+00 1.130875826220226088e+00
1.300000000000000000e+01 1.191104773900849807e+02 -6.922391541435769291e+00 9.309542960082834995e-01
1.400000000000000000e+01 1.015565232178690849e+02 -6.127485940987252633e+00 1.348304368244565232e+00
1.500000000000000000e+01 8.668699467836873396e+01 -5.190444624670890406e+00 3.880309234815420005e-01
1.600000000000000000e+01 7.412921098905751194e+01 -4.383493442634423864e+00 -6.044387856296604689e-01
1.700000000000000000e+01 6.337837811976227442e+01 -3.752748618016629401e+00 -5.925364994854565026e-01
1.800000000000000000e+01 5.429373065689078004e+01 -3.171140192201129970e+00 -3.754292971225603459e-01
1.900000000000000000e+01 4.679245308745385756e+01 -2.618439833853444920e+00 -3.771678759733290143e-01
2.000000000000000000e+01 4.069516178090459846e+01 -2.128356175050228227e+00 -4.985455777319405257e-01
2.100000000000000000e+01 3.578459197611842768e+01 -1.714112224850675270e+00 5.606711587008517128e-01
2.200000000000000000e+01 3.237131939954853976e+01 -1.191456894583492687e+00 5.527678215997178235e-01
2.300000000000000000e+01 3.034594608063231291e+01 -7.069886599426709051e-01 4.220024098948189639e-01
2.400000000000000000e+01 2.958742608326835111e+01 -2.647734279243886824e-01 2.323083696147763000e-01
2.500000000000000000e+01 2.998960265340702946e+01 1.403861064659602254e-01 1.103475887144913514e-01
2.600000000000000000e+01 3.151315579133958167e+01 5.318203717202910630e-01 -1.138921733604680853e-01
2.700000000000000000e+01 3.411082408262478083e+01 9.067572911516399436e-01 3.766887459329810728e-01
2.800000000000000000e+01 3.807528283786838585e+01 1.383857166770333436e+00 1.641565227349063516e+00
2.900000000000000000e+01 4.407018093918530610e+01 2.092614203790727601e+00 1.061315591230517885e+00
3.000000000000000000e+01 5.201557508018745324e+01 2.773465762583083638e+00 6.065087257955198430e-01
3.100000000000000000e+01 6.191507006167719140e+01 3.455575634233025273e+00 1.465879788392121519e+00
3.200000000000000000e+01 7.434007708856729835e+01 4.337145644053285842e+00 1.717545239177175276e+00
3.300000000000000000e+01 8.957198251888591756e+01 5.316938022229278360e+00 2.000000000000000000e+00
3.400000000000000000e+01 1.078118564221993410e+02 6.366917095228187939e+00 1.192268324589033313e+00
3.500000000000000000e+01 1.286096712783790679e+02 7.259806929210537163e+00 -1.488635154326316545e-01
3.600000000000000000e+01 1.510224588879331691e+02 7.823538766738171724e+00 -1.199127758822632561e+00
3.700000000000000000e+01 1.739608805494547141e+02 8.000000000000000000e+00 -1.879550333365308745e+00
3.800000000000000000e+01 -1.637024370238681286e+02 7.796973046357485337e+00 -1.163888668507328639e+00
3.900000000000000000e+01 -1.424688493657065465e+02 7.411920332915025611e+00 -1.035131500050558540e+00
4.000000000000000000e+01 -1.229889830383536662e+02 6.799756105213674573e+00 -9.366477107761030929e-01
4.100000000000000000e+01 -1.057137970410410617e+02 6.030177490950497265e+00 -1.213319856716378542e+00
4.200000000000000000e+01 -9.102828830706093299e+01 5.126209594766743649e+00 -8.202957684220413270e-02
4.300000000000000000e+01 -7.852627490245882314e+01 4.364025940775459134e+00 2.336044346905032931e-01
4.400000000000000000e+01 -6.802953172215256927e+01 3.664054584652095770e+00 3.446753999159994919e-01
4.500000000000000000e+01 -5.937722935222387122e+01 3.020223284667283181e+00 2.476009291139193991e-01
4.600000000000000000e+01 -5.246747670672123576e+01 2.411958683248189406e+00 -2.139774134459839772e-01
4.700000000000000000e+01 -4.735352377445402539e+01 1.785106329201626263e+00 -6.366102677518745701e-01
4.800000000000000000e+01 -4.409352584965193245e+01 1.137953947919584152e+00 -1.280531960609652131e-01
4.900000000000000000e+01 -4.238361285657054367e+01 5.968722330380247243e-01 6.431789624321559984e-03
5.000000000000000000e+01 -4.211928268688285470e+01 9.226863546810970540e-02 -1.555178066835329886e-01
5.100000000000000000e+01 -4.336279090385107082e+01 -4.340662532339865098e-01 -2.052271487804511185e-01
5.200000000000000000e+01 -4.616974540577511732e+01 -9.798119602450426902e-01 -4.824845113575603750e-01
5.300000000000000000e+01 -5.073401492712920913e+01 -1.593230621921090551e+00 -1.257878406951659311e+00
5.400000000000000000e+01 -5.750229217584247721e+01 -2.362574453557394705e+00 -2.000000000000000000e+00
5.500000000000000000e+01 -6.694215618734050111e+01 -3.295134158823206594e+00 -2.000000000000000000e+00
5.600000000000000000e+01 -7.921839744924888294e+01 -4.285216595789698601e+00 -2.000000000000000000e+00
5.700000000000000000e+01 -9.446473883534373783e+01 -5.321977121408616895e+00 -2.000000000000000000e+00
5.800000000000000000e+01 -1.127125885949511712e+02 -6.369701194288111878e+00 -1.503573931952707277e+00
5.900000000000000000e+01 -1.335885271460323622e+02 -7.287077243207631838e+00 -3.362035489339927352e-01
6.000000000000000000e+01 -1.561651848692581552e+02 -7.880740227321921587e+00 4.542512817670516512e-01
6.100000000000000000e+01 -1.794148909513568242e+02 -8.000000000000000000e+00 1.722474742185609031e-01
6.200000000000000000e+01 1.577188739352368430e+02 -7.981821805281601456e+00 1.788669326111564928e-01
6.300000000000000000e+01 1.357441427089660522e+02 -7.670628242784729878e+00 3.009991855610074651e-01
6.400000000000000000e+01 1.153981804942210516e+02 -7.102080602673143339e+00 6.452666435379761367e-02
6.500000000000000000e+01 9.702087457810772264e+01 -6.414889917648210371e+00 2.686605043495018386e-01
6.600000000000000000e+01 8.089149792398951888e+01 -5.630214578173387885e+00 1.075839935945236414e+00
6.700000000000000000e+01 6.734592812051847943e+01 -4.728295842585820807e+00 1.626065488532790759e+00
6.800000000000000000e+01 5.648193021187930185e+01 -3.792250668710640316e+00 9.554374534741232328e-01
6.900000000000000000e+01 4.781980739728442842e+01 -3.023651266535981819e+00 8.672513557143619600e-01
7.000000000000000000e+01 4.112254387530173005e+01 -2.337785986646200520e+00 7.366172693999841758e-01
7.100000000000000000e+01 3.615488627560034018e+01 -1.734039624530161028e+00 1.033613933046711786e+00
7.200000000000000000e+01 3.289899641997331514e+01 -1.136519961259495393e+00 1.195685906787490982e+00
7.300000000000000000e+01 3.132394326837575704e+01 -5.497972677858221635e-01 8.893142061406531518e-01
7.400000000000000000e+01 3.124804631274410838e+01 -2.649303536024216754e-02 1.178098730084315093e+00
7.500000000000000000e+01 3.279296929408194217e+01 5.392798542814513096e-01 6.959481608479329839e-01
7.600000000000000000e+01 3.580064212448840522e+01 1.049875874267389708e+00 1.904070618756365185e+00
7.700000000000000000e+01 4.088338378648143845e+01 1.774211540601334569e+00 1.210370551794841765e+00
7.800000000000000000e+01 4.789254354174642003e+01 2.446658310553080362e+00 8.940505388476830406e-01
7.900000000000000000e+01 5.687990889688504836e+01 3.137182330536781194e+00 1.163704112117625478e+00
8.000000000000000000e+01 6.816684321397109159e+01 3.939883325789769852e+00 2.000000000000000000e+00
8.100000000000000000e+01 8.230768910926872195e+01 4.936086397801386028e+00 1.628240272582166970e+00
8.200000000000000000e+01 9.927747664577626097e+01 5.923573317519076120e+00 1.016461407470118372e+00
8.300000000000000000e+01 1.188045426610397328e+02 6.816231904412735076e+00 2.091021083256321411e-01
8.400000000000000000e+01 1.403042069031677102e+02 7.504798581968490367e+00 -5.928083976024423052e-02
8.500000000000000000e+01 1.631507269487768781e+02 7.974939948375310728e+00 -3.355852434514021709e-01
8.600000000000000000e+01 -1.735241801652454683e+02 8.000000000000000000e+00 5.748295637028459915e-01
8.700000000000000000e+01 -1.506011800905041582e+02 8.000000000000000000e+00 1.539089698858284727e-01
8.800000000000000000e+01 -1.286714439689500011e+02 7.654921988293036605e+00 -3.523889634273413840e-01
8.900000000000000000e+01 -1.085706315039747949e+02 7.016507196794695922e+00 -4.157348118429533557e-01
9.000000000000000000e+01 -9.068518629250786489e+01 6.243198142503024073e+00 -1.380256651844142812e+00
9.100000000000000000e+01 -7.554130078352464750e+01 5.286213273536287893e+00 -1.733855536041324585e+00
9.200000000000000000e+01 -6.322302606644390011e+01 4.299889039564636306e+00 -1.640555144010898303e+00
9.300000000000000000e+01 -5.352791967006267981e+01 3.384230558960299451e+00 -1.530132199643376101e+00
9.400000000000000000e+01 -4.621812192344627590e+01 2.551600766666365150e+00 -1.703922422656151792e+00
9.500000000000000000e+01 -4.119176924462549749e+01 1.754528072237192760e+00 -1.320851696976213852e+00
9.600000000000000000e+01 -3.814803325062945305e+01 1.062464293133867699e+00 -1.000659038064086070e+00
9.700000000000000000e+01 -3.686147398146616894e+01 4.490939053790256041e-01 -7.879399221038433376e-01
9.800000000000000000e+01 -3.720240926783234414e+01 -1.190088656663899069e-01 -7.459054515941925256e-01
9.900000000000000000e+01 -3.916298243397370271e+01 -6.843691395083303375e-01 -4.906442275503443140e-01
1.000000000000000000e+02 -4.269129133084670968e+01 -1.231612145556860050e+00 -4.318351031032954257e-01
1.010000000000000000e+02 -4.786201593196611981e+01 -1.804923380068081062e+00 -8.604311162644997513e-01
1.020000000000000000e+02 -5.499573141894292405e+01 -2.490136462965125030e+00 -7.630822623237244473e-01
1.030000000000000000e+02 -6.421728884491984957e+01 -3.218930784900609687e+00 -1.067407181832227492e+00
1.040000000000000000e+02 -7.583223027416120487e+01 -4.054379407331154539e+00 -8.238735078096202091e-01
1.050000000000000000e+02 -8.988444368552666219e+01 -4.905147824424635594e+00 -1.142437724745050787e+00
1.060000000000000000e+02 -1.065761709086726512e+02 -5.826511957773350403e+00 -1.358556417948245887e+00
1.070000000000000000e+02 -1.259109938194451956e+02 -6.749126401660297425e+00 -1.210092155259244961e+00
1.080000000000000000e+02 -1.475060225264010114e+02 -7.538087059981453564e+00 -9.509738189343135417e-01
1.090000000000000000e+02 -1.706639491443120846e+02 -8.000000000000000000e+00 -1.207185285811016584e+00
1.100000000000000000e+02 1.655504346834424325e+02 -8.000000000000000000e+00 -1.637280773488531516e+00
1.110000000000000000e+02 1.424646864317993220e+02 -8.000000000000000000e+00 -7.244119604640553156e-01
1.120000000000000000e+02 1.205441116464607632e+02 -7.651724078676151564e+00 -2.804703589850920942e-01
1.130000000000000000e+02 1.003534627803995392e+02 -7.047866016536543654e+00 2.498467031570961172e-01
1.140000000000000000e+02 8.238378549132248452e+01 -6.272600684304883600e+00 1.083905022346682845e+00
1.150000000000000000e+02 6.700951908720900008e+01 -5.366631376610584425e+00 1.174943233965648925e+00
1.160000000000000000e+02 5.411807591414500251e+01 -4.499962574074235278e+00 1.321397539721892667e+00
1.170000000000000000e+02 4.353530766174004185e+01 -3.694082999599848538e+00 1.151127846615007222e+00
1.180000000000000000e+02 3.492715325571266760e+01 -3.004812738104685188e+00 8.119559251024379698e-01
1.190000000000000000e+02 2.789805407934379389e+01 -2.453618481537176876e+00 7.955745264994568133e-01
1.200000000000000000e+02 2.221615351210694911e+01 -1.983357453384320124e+00 6.722906914818292945e-01
1.210000000000000000e+02 1.763553499959356330e+01 -1.598937496423269433e+00 5.037965817099268051e-01
1.220000000000000000e+02 1.392234662935729794e+01 -1.296147256147709204e+00 5.296284224126565077e-01
1.230000000000000000e+02 1.095371471455300671e+01 -1.036248023862382128e+00 4.816917453159874074e-01
1.240000000000000000e+02 8.600341267677505286e+00 -8.214823035397048612e-01 3.543342960963769550e-01
1.250000000000000000e+02 6.720534824742691704e+00 -6.561762345883118686e-01 3.611527607051810418e-01
1.260000000000000000e+02 5.247364910814631855e+00 -5.142333087873142139e-01 2.840032246955399575e-01
1.270000000000000000e+02 4.092737612748639009e+00 -4.030409596931472938e-01 2.753203382194928661e-01
1.280000000000000000e+02 3.209767689092858145e+00 -3.082146472775296187e-01 2.240155824371596327e-01
1.290000000000000000e+02 2.543364710626272007e+00 -2.326185223867844876e-01 1.197722253871683629e-01
1.300000000000000000e+02 2.023774911718774661e+00 -1.813710550142269839e-01 9.664592335713340088e-02
1.310000000000000000e+02 1.621591418828998155e+00 -1.403885229619531994e-01 1.296412561282206943e-01
1.320000000000000000e+02 1.335918712485085535e+00 -9.971858617567919136e-02 8.044243203712730939e-02
1.330000000000000000e+02 1.134906007700661412e+00 -7.016667073655302733e-02 -6.302869712767722454e-03
1.340000000000000000e+02 9.737410365014835811e-01 -5.625718772614599072e-02 2.176004585618079856e-02
1.350000000000000000e+02 8.584402873356363761e-01 -4.024755405920053125e-02 5.067076105307277700e-02
1.360000000000000000e+02 7.971040002221951859e-01 -2.141040322156381737e-02 3.286399082552649009e-02
1.370000000000000000e+02 7.797804086903979970e-01 -6.047074210007623643e-03 -1.251420883059306544e-02
1.380000000000000000e+02 7.863200946511382794e-01 2.282781041224512739e-03 -1.571883167221771460e-02
1.390000000000000000e+02 8.155911881969928334e-01 1.021753916068555632e-02 -7.979732718750483234e-02
1.400000000000000000e+02 8.411555429428458908e-01 8.923643229253083731e-03 -4.242702022930291278e-02
1.410000000000000000e+02 8.800304284997221282e-01 1.356989498606681749e-02 -8.887609381306332823e-02
1.420000000000000000e+02 9.137134695162891784e-01 1.175759935647156806e-02 -1.218909676821817167e-01
1.430000000000000000e+02 9.292805282626115382e-01 5.433928599498101530e-03 -7.342858086283854391e-02
1.440000000000000000e+02 9.481404706650256031e-01 6.583361833166255853e-03 -1.275340605446065312e-02
1.450000000000000000e+02 9.970736854251125436e-01 1.708091422297938755e-02 -2.106651289335209620e-03
1.460000000000000000e+02 1.082490009514968765e+00 2.981592180636878989e-02 1.363929888351269812e-02
1.470000000000000000e+02 1.214358351025780491e+00 4.603073477015082182e-02 -1.916140043709894936e-02
1.480000000000000000e+02 1.383527716087593395e+00 5.905124827673251253e-02 -1.343763236911808476e-02
1.490000000000000000e+02 1.598799931541388775e+00 7.514417895462759123e-02 -7.234907764682295406e-03
1.500000000000000000e+02 1.870910391458125988e+00 9.498446909326845045e-02 0.000000000000000000e+00
0.000000000000000000e+00 -5.418430793520654731e+01 -4.397320045954975498e-01 1.167468704262689894e+00
1.000000000000000000e+00 -5.668466534348137742e+01 -8.727893850205569182e-01 5.860212223764360573e-01
2.000000000000000000e+00 -6.072869168743863355e+01 -1.411631494788856411e+00 -3.777156278803841527e-01
3.000000000000000000e+00 -6.680927650501024573e+01 -2.122524510268070763e+00 -1.437267805915614316e+00
4.000000000000000000e+00 -7.548246527194302757e+01 -3.027514012599285653e+00 -1.768208849854378872e+00
5.000000000000000000e+00 -8.699547510169510645e+01 -4.018798566872908040e+00 -2.000000000000000000e+00
6.000000000000000000e+00 -1.015135598983399063e+02 -5.067767615703663964e+00 -2.000000000000000000e+00
7.000000000000000000e+00 -1.189964380689603161e+02 -6.102675736047377342e+00 -1.671475585913377859e+00
8.000000000000000000e+00 -1.390768453890576382e+02 -7.009384457545384528e+00 -6.258335722550971703e-01
9.000000000000000000e+00 -1.608336117667953147e+02 -7.594544157574462773e+00 -1.815424654393793524e-01
1.000000000000000000e+01 1.766262000218528385e+02 -7.868009966146031431e+00 1.000673172016281587e+00
1.100000000000000000e+01 1.546424638303823542e+02 -7.673771568619972783e+00 6.106099750288840333e-01
1.200000000000000000e+01 1.338412857103755300e+02 -7.260980929758456881e+00 1.155973794424887124e+00
1.300000000000000000e+01 1.150865468077692526e+02 -6.546638884046953599e+00 8.566281060100893185e-01
1.400000000000000000e+01 9.864582830511744760e+01 -5.738893385296520044e+00 1.111061115273622057e+00
1.500000000000000000e+01 8.480672926741600293e+01 -4.830756874349391161e+00 8.045519943363554916e-03
1.600000000000000000e+01 7.311085937802546653e+01 -4.082628769094585941e+00 -1.040912763937522190e+00
1.700000000000000000e+01 6.302361027730903942e+01 -3.521114185526784901e+00 -1.008403340382844071e+00
1.800000000000000000e+01 5.441784280551726027e+01 -3.003979540875889587e+00 -7.402397603313040086e-01
1.900000000000000000e+01 4.724139171706364948e+01 -2.505054002036919858e+00 -6.865967027492647645e-01
2.000000000000000000e+01 4.134743755921179087e+01 -2.057378120322494119e+00 -7.506000063409032919e-01
2.100000000000000000e+01 3.655034687852418784e+01 -1.674500537894700436e+00 3.540269911601017228e-01
2.200000000000000000e+01 3.318493660703538239e+01 -1.174749798358316166e+00 3.870893824060539501e-01
2.300000000000000000e+01 3.116188284967792654e+01 -7.061789802146101191e-01 2.902753632195187450e-01
2.400000000000000000e+01 3.037537139252894036e+01 -2.745442906381672099e-01 1.284959520731159266e-01
2.500000000000000000e+01 3.073054027041944281e+01 1.239773263960632366e-01 2.955623202762946988e-02
2.600000000000000000e+01 3.219634289423969165e+01 5.116616394007018620e-01 -1.761188958118067305e-01
2.700000000000000000e+01 3.473128150769377243e+01 8.848605028142746409e-01 3.303338969596498753e-01
2.800000000000000000e+01 3.863228417328285502e+01 1.361706812872090389e+00 1.609109131248981139e+00
2.900000000000000000e+01 4.456615903693192848e+01 2.071313075440111007e+00 1.043354137467306320e+00
3.000000000000000000e+01 5.245611870941058896e+01 2.754115482686522398e+00 5.945685053672365994e-01
3.100000000000000000e+01 6.230516555788496191e+01 3.437965913780984817e+00 1.462937346342634726e+00
3.200000000000000000e+01 7.468530288335956868e+01 4.321483163571529396e+00 1.723118854938480826e+00
3.300000000000000000e+01 8.987819058815919959e+01 5.303318266690354221e+00 2.000000000000000000e+00
3.400000000000000000e+01 1.080791018618262314e+02 6.353316571776882249e+00 1.203448478184597548e+00
3.500000000000000000e+01 1.288396706024261391e+02 7.246805582201607088e+00 -1.379050446651532980e-01
3.600000000000000000e+01 1.512145255560193959e+02 7.810297771927305455e+00 -1.188405839422431054e+00
3.700000000000000000e+01 1.741133153135912721e+02 7.993185519831673247e+00 -1.875567772761014496e+00
3.800000000000000000e+01 -1.635734983011931831e+02 7.788771380663670918e+00 -1.159586946079555148e+00
3.900000000000000000e+01 -1.423661975350420903e+02 7.402744476601050394e+00 -1.030016564631929921e+00
4.000000000000000000e+01 -1.229134707102325734e+02 6.790282631678970837e+00 -9.298964713158039963e-01
4.100000000000000000e+01 -1.056640633227784889e+02 6.021179058578139731e+00 -1.204640610300162340e+00
4.200000000000000000e+01 -9.100110789406548406e+01 5.118337006084368923e+00 -7.182904772489928646e-02
4.300000000000000000e+01 -7.851728249029372364e+01 4.357677130798554010e+00 2.443831221369339168e-01
4.400000000000000000e+01 -6.803402840673425089e+01 3.659346001625072731e+00 3.549195156934494833e-01
4.500000000000000000e+01 -5.939087613061889925e+01 3.017029299389096586e+00 2.558494913367388435e-01
4.600000000000000000e+01 -5.248698964708015069e+01 2.409911006433691494e+00 -2.069031981994022829e-01
4.700000000000000000e+01 -4.737630863954161242e+01 1.783964212013771977e+00 -6.310098302792876979e-01
4.800000000000000000e+01 -4.411775475853384165e+01 1.137449881544501551e+00 -1.233490790897642242e-01
4.900000000000000000e+01 -4.240791677975231977e+01 5.968460481076496293e-01 1.033442746700852233e-02
5.000000000000000000e+01 -4.214265766077441100e+01 9.259289994207808849e-02 -1.527405468064435556e-01
5.100000000000000000e+01 -4.338469355864855714e+01 -4.335523169173559621e-01 -2.030783435946370563e-01
5.200000000000000000e+01 -4.618984939081158814e+01 -9.791841060553283516e-01 -4.810631291480311211e-01
5.300000000000000000e+01 -5.075223144657024932e+01 -1.592571772137923780e+00 -1.257071084901231650e+00
5.400000000000000000e+01 -5.751870658541361792e+01 -2.361945398543144670e+00 -2.000000000000000000e+00
5.500000000000000000e+01 -6.695709912149679610e+01 -3.294620517006181082e+00 -2.000000000000000000e+00
5.600000000000000000e+01 -7.923208831149709397e+01 -4.284779540244342044e+00 -2.000000000000000000e+00
5.700000000000000000e+01 -9.447727360642942074e+01 -5.321573569463838638e+00 -2.000000000000000000e+00
5.800000000000000000e+01 -1.127239306320053487e+02 -6.369284851569100958e+00 -1.504130949649375104e+00
5.900000000000000000e+01 -1.335987515487158248e+02 -7.286687115215568333e+00 -3.365347337355641955e-01
6.000000000000000000e+01 -1.561741695740353464e+02 -7.880307491118054841e+00 4.539697903455190975e-01
6.100000000000000000e+01 -1.794224487181629115e+02 -8.000000000000000000e+00 1.724259592766270721e-01
6.200000000000000000e+01 1.577116762684019022e+02 -7.981696106678937142e+00 1.790298777763590365e-01
6.300000000000000000e+01 1.357376249155993833e+02 -7.670390922174367354e+00 3.011325110414295736e-01
6.400000000000000000e+01 1.153925749161412995e+02 -7.101762179468275704e+00 6.459124708228713985e-02
6.500000000000000000e+01 9.701629911848041843e+01 -6.414530338474584426e+00 2.686533000987396669e-01
6.600000000000000000e+01 8.088797045257052787e+01 -5.629848761278253733e+00 1.075694431904165471e+00
6.700000000000000000e+01 6.734336516697224795e+01 -4.727959162334340881e+00 1.625826621483593470e+00
6.800000000000000000e+01 5.648019211003259699e+01 -3.791962741150679772e+00 9.551618235271519541e-01
6.900000000000000000e+01 4.781873971132750967e+01 -3.023417247243279871e+00 8.669540889899192138e-01
7.000000000000000000e+01 4.112199197974926790e+01 -2.337605941830029010e+00 7.363308691028762620e-01
7.100000000000000000e+01 3.615471150846839521e+01 -1.733907981877340188e+00 1.033369551590473279e+00
7.200000000000000000e+01 3.289908847438442052e+01 -1.136426822970657557e+00 1.195473129947367319e+00
7.300000000000000000e+01 3.132421360865108539e+01 -5.497350342790078281e-01 8.891433173695615366e-01
7.400000000000000000e+01 3.124843016492830472e+01 -2.645341222925523539e-02 1.177964726228065917e+00
7.500000000000000000e+01 3.279342138048118471e+01 5.393036725157400735e-01 6.958405491993489012e-01
7.600000000000000000e+01 3.580113045382089609e+01 1.049888525437710829e+00 1.903991697897093438e+00
7.700000000000000000e+01 4.088388929732482069e+01 1.774217538080056888e+00 1.210311288969569743e+00
7.800000000000000000e+01 4.789305509977626940e+01 2.446660421419369236e+00 8.940104563672758298e-01
7.900000000000000000e+01 5.688042214079244019e+01 3.137182919019047223e+00 1.163683171308713682e+00
8.000000000000000000e+01 6.816735966131849978e+01 3.939884444001284791e+00 2.000000000000000000e+00
8.100000000000000000e+01 8.230821596257739259e+01 4.936090030167104459e+00 1.628242227565161127e+00
8.200000000000000000e+01 9.927801738958565636e+01 5.923578166218527841e+00 1.016464127186271993e+00
8.300000000000000000e+01 1.188050951948492013e+02 6.816236019899148957e+00 2.091055583454455302e-01
8.400000000000000000e+01 1.403047627260422985e+02 7.504799730068795860e+00 -5.927940901273975882e-02
8.500000000000000000e+01 1.631512706376227300e+02 7.974935712800238719e+00 -3.355838399497454994e-01
8.600000000000000000e+01 -1.735236675204185417e+02 8.000000000000000000e+00 5.748187644801889817e-01
8.700000000000000000e+01 -1.506006911878135952e+02 8.000000000000000000e+00 1.538900910694667168e-01
8.800000000000000000e+01 -1.286709791516842358e+02 7.654913580893735414e+00 -3.524075374523536475e-01
8.900000000000000000e+01 -1.085702096452810395e+02 7.016492201424221697e+00 -4.157517983958083363e-01
9.000000000000000000e+01 -9.068481972991931173e+01 6.243178840521043327e+00 -1.380265058452529114e+00
9.100000000000000000e+01 -7.554099329385347517e+01 5.286192653198146019e+00 -1.733859472300002702e+00
9.200000000000000000e+01 -6.322277646209312252e+01 4.299868833776047339e+00 -1.640553227543652959e+00
9.300000000000000000e+01 -5.352772291054355236e+01 3.384212112634194636e+00 -1.530126297351546594e+00
9.400000000000000000e+01 -4.621797108642711294e+01 2.551584736689868738e+00 -1.703912932108742506e+00
9.500000000000000000e+01 -4.119165633809952709e+01 1.754514831997329605e+00 -1.320841915514583853e+00
9.600000000000000000e+01 -3.814795088519905875e+01 1.062453632280368598e+00 -1.000649944256126522e+00
9.700000000000000000e+01 -3.686141582034338171e+01 4.490854564818054229e-01 -7.879318056390833824e-01
9.800000000000000000e+01 -3.720237007819664399e+01 -1.190154879646588837e-01 -7.458982503071920345e-01
9.900000000000000000e+01 -3.916295795074758956e+01 -6.843742730137013508e-01 -4.906381767600175303e-01
1.000000000000000000e+02 -4.269127824202689681e+01 -1.231616122954986903e+00 -4.318301510849835712e-01
1.010000000000000000e+02 -4.786201174881018972e+01 -1.804926488731217304e+00 -8.604267546403603362e-01
1.020000000000000000e+02 -5.499573416193512543e+01 -2.490138880646905140e+00 -7.630788617642282334e-01
1.030000000000000000e+02 -6.421729711178295474e+01 -3.218932713095309595e+00 -1.067404656961851606e+00
1.040000000000000000e+02 -7.583224311475271406e+01 -4.054381003863547051e+00 -8.238716408191602003e-01
1.050000000000000000e+02 -8.988446041542481169e+01 -4.905149182048761602e+00 -1.142436606056137727e+00
1.060000000000000000e+02 -1.065761910484214781e+02 -5.826513148035782130e+00 -1.358555747087049070e+00
1.070000000000000000e+02 -1.259110168653008088e+02 -6.749127416082933095e+00 -1.210091702068575081e+00
1.080000000000000000e+02 -1.475060477767301279e+02 -7.538087829487873037e+00 -9.509734294895393347e-01
1.090000000000000000e+02 -1.706639756331128410e+02 -8.000000000000000000e+00 -1.207185255537218005e+00
1.100000000000000000e+02 1.655504091878231065e+02 -8.000000000000000000e+00 -1.637280257550544071e+00
1.110000000000000000e+02 1.424646620837305306e+02 -8.000000000000000000e+00 -7.244111001169213360e-01
1.120000000000000000e+02 1.205440883921293391e+02 -7.651723696889766835e+00 -2.804692895429332644e-01
1.130000000000000000e+02 1.003534415225351353e+02 -7.047865319638098036e+00 2.498478673295576602e-01
1.140000000000000000e+02 8.238376687345868277e+01 -6.272599762770814991e+00 1.083905902655180942e+00
1.150000000000000000e+02 6.700950339509716969e+01 -5.366630355330484825e+00 1.174943660356107866e+00
1.160000000000000000e+02 5.411806310117548691e+01 -4.499961569063970934e+00 1.321397652093920794e+00
1.170000000000000000e+02 4.353529749458002840e+01 -3.694082076038108564e+00 1.151127622714413157e+00
1.180000000000000000e+02 3.492714536174734263e+01 -3.004811944610058738e+00 8.119556087592312288e-01
1.190000000000000000e+02 2.789804807993052194e+01 -2.453617820213748413e+00 7.955741099590804000e-01
1.200000000000000000e+02 2.221614902941933778e+01 -1.983356923947200867e+00 6.722902907048483589e-01
1.210000000000000000e+02 1.763553170578869711e+01 -1.598937081424904871e+00 5.037962378508442640e-01
1.220000000000000000e+02 1.392234425895986583e+01 -1.296146933817696745e+00 5.296281095273797090e-01
1.230000000000000000e+02 1.095371304683190594e+01 -1.036247778582060075e+00 4.816914783025278424e-01
1.240000000000000000e+02 8.600340126492044490e+00 -8.214821197440916878e-01 3.543340834805169259e-01
1.250000000000000000e+02 6.720534076414660163e+00 -6.561760974551891223e-01 3.611525772500426279e-01
1.260000000000000000e+02 5.247364448640547074e+00 -5.142332089007455309e-01 2.840030795066519342e-01
1.270000000000000000e+02 4.092737357079268001e+00 -4.030408876094023762e-01 2.753202229413777014e-01
1.280000000000000000e+02 3.209767580827946887e+00 -3.082145958236716110e-01 2.240154860535329973e-01
1.290000000000000000e+02 2.543364704294423628e+00 -2.326184868054316235e-01 1.197721494760433103e-01
1.300000000000000000e+02 2.023774974462365872e+00 -1.813710309023449374e-01 9.664586184685253212e-02
1.310000000000000000e+02 1.621591526567361718e+00 -1.403885072558138936e-01 1.296412071790669085e-01
1.320000000000000000e+02 1.335918848222457322e+00 -9.971857640218585728e-02 8.044239276639875147e-02
1.330000000000000000e+02 1.134906159650414859e+00 -7.016666507735387637e-02 -6.302900539246591993e-03
1.340000000000000000e+02 9.737411971139483535e-01 -5.625718470229124080e-02 2.176002127530668462e-02
1.350000000000000000e+02 8.584404520700487096e-01 -4.024755262036826264e-02 5.067074118475306532e-02
1.360000000000000000e+02 7.971041667176173018e-01 -2.141040260685311489e-02 3.286397467207863299e-02
1.370000000000000000e+02 7.797805762483797087e-01 -6.047073839105028548e-03 -1.251422319583828102e-02
1.380000000000000000e+02 7.863202633814979636e-01 2.282781450466049231e-03 -1.571884362031569782e-02
1.390000000000000000e+02 8.155913592922093835e-01 1.021753998617964433e-02 -7.979733651193127164e-02
1.400000000000000000e+02 8.411557188114386907e-01 8.923644895487449491e-03 -4.242702831824204934e-02
1.410000000000000000e+02 8.800306122601109227e-01 1.356989774082672726e-02 -8.887610190178785174e-02
1.420000000000000000e+02 9.137136645828120018e-01 1.175760330305693560e-02 -1.218909742860271594e-01
1.430000000000000000e+02 9.292807391115558424e-01 5.433934108596780513e-03 -7.342858660956116945e-02
1.440000000000000000e+02 9.481407027326970161e-01 6.583369239899755816e-03 -1.275341133265062155e-02
1.450000000000000000e+02 9.970739451447295787e-01 1.708092387532718359e-02 -2.106655923331118840e-03
1.460000000000000000e+02 1.082490304633192846e+00 2.981593416282427023e-02 1.363929515213910607e-02
1.470000000000000000e+02 1.214358691004124635e+00 4.603075042929934135e-02 -1.916140350432414541e-02
1.480000000000000000e+02 1.383528112354377226e+00 5.905126792510385914e-02 -1.343763468005231346e-02
1.490000000000000000e+02 1.598800397959249997e+00 7.514420344196667823e-02 -7.234909030978002586e-03
1.500000000000000000e+02 1.870910944966749367e+00 9.498449949368187317e-02 0.000000000000000000e+00
0.000000000000000000e+00 8.479896560595939548e+01 4.047971319773084886e-01 -2.000000000000000000e+00
1.000000000000000000e+00 8.723893274299763334e+01 8.517092036355415896e-01 -2.000000000000000000e+00
2.000000000000000000e+00 9.096556061978162688e+01 1.300838528929718851e+00 -1.143042583059277195e+00
3.000000000000000000e+00 9.634928877007504866e+01 1.879275645098489322e+00 6.489357806105890969e-01
4.000000000000000000e+00 1.041472892061789963e+02 2.722015653639349608e+00 1.411684305054941024e+00
5.000000000000000000e+00 1.146353425570645328e+02 3.661021261955539341e+00 1.483551353705570452e+00
6.000000000000000000e+00 1.277139302408187405e+02 4.565288331845797742e+00 3.929199470604547439e-01
7.000000000000000000e+00 1.426610596731612475e+02 5.217532446322552531e+00 -2.000000000000000000e+00
8.000000000000000000e+00 1.580519353782537735e+02 5.372429116381371550e+00 -2.000000000000000000e+00
9.000000000000000000e+00 1.733864449278496522e+02 5.352753616379221313e+00 -2.000000000000000000e+00
1.000000000000000000e+01 -1.718910242644660116e+02 5.139132736407836077e+00 -2.000000000000000000e+00
1.100000000000000000e+01 -1.583310025998395361e+02 4.733340493789875758e+00 -2.000000000000000000e+00
1.200000000000000000e+01 -1.464237721299793975e+02 4.156407529857028216e+00 -2.000000000000000000e+00
1.300000000000000000e+01 -1.365642482459157634e+02 3.441623089118591050e+00 -2.000000000000000000e+00
1.400000000000000000e+01 -1.290414054237437540e+02 2.625967527138492130e+00 -2.000000000000000000e+00
1.500000000000000000e+01 -1.240467910975809502e+02 1.743449297176371093e+00 -2.000000000000000000e+00
1.600000000000000000e+01 -1.216918949470630764e+02 8.220138273815419394e-01 3.588182335270309053e-01
1.700000000000000000e+01 -1.210110134268680611e+02 2.376724868677361213e-01 2.000000000000000000e+00
1.800000000000000000e+01 -1.213121850424293768e+02 -1.051287261018997166e-01 2.000000000000000000e+00
1.900000000000000000e+01 -1.225895657127246920e+02 -4.458899699597129729e-01 2.000000000000000000e+00
2.000000000000000000e+01 -1.248178067282444204e+02 -7.778028449760290286e-01 2.000000000000000000e+00
2.100000000000000000e+01 -1.279505442718356107e+02 -1.093531694730108139e+00 2.000000000000000000e+00
2.200000000000000000e+01 -1.319180996810763418e+02 -1.384938102931237314e+00 2.000000000000000000e+00
2.300000000000000000e+01 -1.366249866685447785e+02 -1.643013509012026585e+00 2.000000000000000000e+00
2.400000000000000000e+01 -1.419480265671365657e+02 -1.858091448909045873e+00 1.193746973100297648e+00
2.500000000000000000e+01 -1.480824319373837454e+02 -2.141311427256697542e+00 3.260225082857362011e-01
2.600000000000000000e+01 -1.552126969423769367e+02 -2.488932017537222929e+00 -3.754842497108541455e-01
2.700000000000000000e+01 -1.634051134473779427e+02 -2.859692834139877959e+00 -1.817067798683640545e+00
2.800000000000000000e+01 -1.729920012211960909e+02 -3.346455133446322616e+00 -2.000000000000000000e+00
2.900000000000000000e+01 1.762995291328572307e+02 -3.737961063432831743e+00 -2.000000000000000000e+00
3.000000000000000000e+01 1.648702939988648666e+02 -3.989555681455632552e+00 -6.417008044825546209e-01
3.100000000000000000e+01 1.537261015268092024e+02 -3.890057022266755204e+00 1.509777239469173082e+00
3.200000000000000000e+01 1.441817895444541193e+02 -3.331593378592867971e+00 2.000000000000000000e+00
3.300000000000000000e+01 1.367543032842612547e+02 -2.592681807740100375e+00 2.000000000000000000e+00
3.400000000000000000e+01 1.316583146808321203e+02 -1.778835595478927001e+00 2.000000000000000000e+00
3.500000000000000000e+01 1.290270228582290315e+02 -9.184941177045220506e-01 2.000000000000000000e+00
3.600000000000000000e+01 1.289242992034351971e+02 -3.585731991669072194e-02 2.000000000000000000e+00
3.700000000000000000e+01 1.313525666726074235e+02 8.476252491225005903e-01 2.000000000000000000e+00
3.800000000000000000e+01 1.362531290324743907e+02 1.710618967579634830e+00 2.000000000000000000e+00
3.900000000000000000e+01 1.434988225556053578e+02 2.529224171381265762e+00 2.000000000000000000e+00
4.000000000000000000e+01 1.528820195862558080e+02 3.275353650964116348e+00 2.000000000000000000e+00
4.100000000000000000e+01 1.641040335223108571e+02 3.917221837776973192e+00 2.000000000000000000e+00
4.200000000000000000e+01 1.767739651915317438e+02 4.422640472612103579e+00 2.000000000000000000e+00
4.300000000000000000e+01 -1.695757540518577287e+02 4.764846860489545755e+00 1.524808339678930036e+00
4.400000000000000000e+01 -1.556589913710317887e+02 4.857866599981689681e+00 1.861620638714978959e+00
4.500000000000000000e+01 -1.418278338470652784e+02 4.827984763104058885e+00 1.363062309316407372e+00
4.600000000000000000e+01 -1.287388301966509800e+02 4.568924190105717820e+00 2.000000000000000000e+00
4.700000000000000000e+01 -1.164663053528615961e+02 4.283919321138555780e+00 1.706114488281939678e+00
4.800000000000000000e+01 -1.053840438426632886e+02 3.868439038399994701e+00 1.870870970683725876e+00
4.900000000000000000e+01 -9.556944098360037287e+01 3.425942693325930044e+00 1.930671639935414019e+00
5.000000000000000000e+01 -8.706364198514003760e+01 2.969083960719379967e+00 6.877586021363171209e-01
5.100000000000000000e+01 -8.040807123891683261e+01 2.323232462420212308e+00 1.929328684929079163e-01
5.200000000000000000e+01 -7.578814708738704553e+01 1.612657752732002070e+00 -7.424557771038664544e-01
5.300000000000000000e+01 -7.357010298795698588e+01 7.742434497897362489e-01 -1.976477112835016037e+00
5.400000000000000000e+01 -7.426224461457633197e+01 -2.416030054923373749e-01 -2.000000000000000000e+00
5.500000000000000000e+01 -7.788187088802152402e+01 -1.263487923266214175e+00 -2.000000000000000000e+00
5.600000000000000000e+01 -8.446164821949363954e+01 -2.296775569645503001e+00 -2.000000000000000000e+00
5.700000000000000000e+01 -9.403942396159618511e+01 -3.343274434346648505e+00 -2.000000000000000000e+00
5.800000000000000000e+01 -1.066198906314149895e+02 -4.391411296514882601e+00 -2.000000000000000000e+00
5.900000000000000000e+01 -1.221186247351189138e+02 -5.410078800015319267e+00 -1.923506100996069001e+00
6.000000000000000000e+01 -1.402636726162185425e+02 -6.333816569144177677e+00 -8.857122446218848033e-01
6.100000000000000000e+01 -1.601628264089367804e+02 -6.946115040873012347e+00 -1.009428380838446770e+00
6.200000000000000000e+01 1.787751289654981122e+02 -7.352040518361748767e+00 -9.713987854875858474e-01
6.300000000000000000e+01 1.573415856253693903e+02 -7.481718033082980668e+00 -8.344417074518961641e-01
6.400000000000000000e+01 1.363771830259599653e+02 -7.317957021467042189e+00 -9.539842328121048709e-01
6.500000000000000000e+01 1.164851662596903594e+02 -6.943623748666402307e+00 -7.645190819880460786e-01
6.600000000000000000e+01 9.818771832744404549e+01 -6.387014222598525137e+00 3.508333615661218818e-01
6.700000000000000000e+01 8.216772059388736693e+01 -5.592034132251866296e+00 1.186781538490321530e+00
6.800000000000000000e+01 6.878625266030894636e+01 -4.671013483819706380e+00 8.344901071689474481e-01
6.900000000000000000e+01 5.776637716197163996e+01 -3.846662212116738644e+00 1.011480741394552130e+00
7.000000000000000000e+01 4.899860494189573501e+01 -3.060529866104347629e+00 9.845295709024430852e-01
7.100000000000000000e+01 4.227543158289279290e+01 -2.346830225939359860e+00 1.349434933357676503e+00
7.200000000000000000e+01 3.757748272722573546e+01 -1.639893512433800993e+00 1.513004157452532361e+00
7.300000000000000000e+01 3.483998326164044812e+01 -9.555675789209693294e-01 1.173040574126908986e+00
7.400000000000000000e+01 3.383402221420016076e+01 -3.511466484928779108e-01 1.433688505886609565e+00
7.500000000000000000e+01 3.464045556720659391e+01 2.814983441571973222e-01 9.000275670792887706e-01
7.600000000000000000e+01 3.705496011613603713e+01 8.428210836639866699e-01 2.000000000000000000e+00
7.700000000000000000e+01 4.162360153666506335e+01 1.594756702624447797e+00 1.385768444512925024e+00
7.800000000000000000e+01 4.821490117593914704e+01 2.300797613816943255e+00 1.043037400266416448e+00
7.900000000000000000e+01 5.685650909140137799e+01 3.016490215824397136e+00 1.288145784007563410e+00
8.000000000000000000e+01 6.785068122999059881e+01 3.837690046988161185e+00 2.000000000000000000e+00
8.100000000000000000e+01 8.169432526995281307e+01 4.832343379428603924e+00 1.725914780517486147e+00
8.200000000000000000e+01 9.840568275430393896e+01 5.833364211594479265e+00 1.090168991155494593e+00
8.300000000000000000e+01 1.177110170685902517e+02 6.738832939650762022e+00 2.601182602043143888e-01
8.400000000000000000e+01 1.390302863150951964e+02 7.441828849413640867e+00 -1.648226004738351236e-02
8.500000000000000000e+01 1.617512184889443461e+02 7.931101511119603487e+00 -2.979766923683917490e-01
8.600000000000000000e+01 -1.749830776184828380e+02 8.000000000000000000e+00 6.044888769712302157e-01
8.700000000000000000e+01 -1.519929001272194569e+02 8.000000000000000000e+00 2.060354564037578662e-01
8.800000000000000000e+01 -1.299949888972999474e+02 7.678719590470600487e+00 -3.009890413370013285e-01
8.900000000000000000e+01 -1.097724557211310525e+02 7.058995740358685822e+00 -3.685650148536687709e-01
9.000000000000000000e+01 -9.173021998672055588e+01 6.297928359728794945e+00 -1.356929474671902280e+00
9.100000000000000000e+01 -7.641869387512660694e+01 5.344730883047984271e+00 -1.722753020808780677e+00
9.200000000000000000e+01 -6.393597844045972778e+01 4.357289678489042473e+00 -1.645822049233026441e+00
9.300000000000000000e+01 -5.409059074107300091e+01 3.436688629792965521e+00 -1.546621390353853709e+00
9.400000000000000000e+01 -4.665005647568501246e+01 2.597236420769556631e+00 -1.730600004530444380e+00
9.500000000000000000e+01 -4.151559426126207342e+01 1.792265419218388001e+00 -1.348413125223332898e+00
9.600000000000000000e+01 -3.838470778726823340e+01 1.092885549546965152e+00 -1.026336149369510009e+00
9.700000000000000000e+01 -3.702900030827901645e+01 4.732311840454669349e-01 -8.108932874733477680e-01
9.800000000000000000e+01 -3.731567169430911690e+01 -1.000671911496118227e-01 -7.663068663311065620e-01
9.900000000000000000e+01 -3.923412830801072460e+01 -6.696676893150742549e-01 -5.078135530624326988e-01
1.000000000000000000e+02 -4.272976619785512753e+01 -1.220207812705025319e+00 -4.459136202628080081e-01
1.010000000000000000e+02 -4.787492974951782543e+01 -1.796000890602383882e+00 -8.728758764212081189e-01
1.020000000000000000e+02 -5.498875679272151729e+01 -2.483194086426339098e+00 -7.728027815503312192e-01
1.030000000000000000e+02 -6.419445281332558295e+01 -3.213394109945618915e+00 -1.074653256420717851e+00
1.040000000000000000e+02 -7.579627397672022937e+01 -4.049799570575912000e+00 -8.292560255008434300e-01
1.050000000000000000e+02 -8.983734965105826120e+01 -4.901260020777642445e+00 -1.145674305417463401e+00
1.060000000000000000e+02 -1.065193256676972169e+02 -5.823108144581564893e+00 -1.360497061629319049e+00
1.070000000000000000e+02 -1.258458384397725354e+02 -6.746225616029014382e+00 -1.211397585934416377e+00
1.080000000000000000e+02 -1.474345499290385249e+02 -7.535881935016394806e+00 -9.520914302211949121e-01
1.090000000000000000e+02 -1.705888993166980185e+02 -8.000000000000000000e+00 -1.207267476538800288e+00
1.100000000000000000e+02 1.656226724030467494e+02 -8.000000000000000000e+00 -1.638739215094751067e+00
1.110000000000000000e+02 1.425336737816816424e+02 -8.000000000000000000e+00 -7.268451350984830306e-01
1.120000000000000000e+02 1.206100010138057570e+02 -7.652805478585058552e+00 -2.834958542758214683e-01
1.130000000000000000e+02 1.004136971405602452e+02 -7.049839986428350080e+00 2.465526737844421223e-01
1.140000000000000000e+02 8.243654222160644451e+01 -6.275210869536765657e+00 1.081412743722657499e+00
1.150000000000000000e+02 6.705398851493862367e+01 -5.369524190924227725e+00 1.173734722113472184e+00
1.160000000000000000e+02 5.415438945337184151e+01 -4.502809516230224851e+00 1.321077708832814057e+00
1.170000000000000000e+02 4.356412567460892404e+01 -3.696699431882183084e+00 1.151760480867229930e+00
1.180000000000000000e+02 3.494953084527737275e+01 -3.007060869942293380e+00 8.128503924049508278e-01
1.190000000000000000e+02 2.791506353148808373e+01 -2.455492314990884939e+00 7.967531914202724552e-01
1.200000000000000000e+02 2.222886500044365476e+01 -1.984857725775805548e+00 6.734249301659248621e-01
1.210000000000000000e+02 1.764487720124424541e+01 -1.600113599345567073e+00 5.047698091978842783e-01
1.220000000000000000e+02 1.392907161734056487e+01 -1.297060836062192246e+00 5.305141014953972389e-01
1.230000000000000000e+02 1.095844785633631169e+01 -1.036943309350026654e+00 4.824476463369599677e-01
1.240000000000000000e+02 8.603581645480403495e+00 -8.220033764679729460e-01 3.549362002603531629e-01
1.250000000000000000e+02 6.722661235113639222e+00 -6.565650825772579857e-01 3.616721967270538074e-01
1.260000000000000000e+02 5.248679757243266408e+00 -5.145165980449988297e-01 2.844142944917771310e-01
1.270000000000000000e+02 4.093466639519441230e+00 -4.032454493301922960e-01 2.756467288915626090e-01
1.280000000000000000e+02 3.210078421039535890e+00 -3.083606597160271079e-01 2.242885234563833374e-01
1.290000000000000000e+02 2.543386069678501116e+00 -2.327195325822594141e-01 1.199872080875747926e-01
1.300000000000000000e+02 2.023600080062512685e+00 -1.814395384907208086e-01 9.682009877286518185e-02
1.310000000000000000e+02 1.621288690737790361e+00 -1.404331672397835240e-01 1.297798567472118192e-01
1.320000000000000000e+02 1.335536299429809004e+00 -9.974640147542995772e-02 8.055363213618105256e-02
1.330000000000000000e+02 1.134477357811175535e+00 -7.018281043640421657e-02 -6.215571154339460946e-03
1.340000000000000000e+02 9.732875923512173122e-01 -5.626584255587407934e-02 2.182965382583568204e-02
1.350000000000000000e+02 8.579749590450125307e-01 -4.025170240676296390e-02 5.072702405756024380e-02
1.360000000000000000e+02 7.966335171830102313e-01 -2.141220256825239476e-02 3.290972787905438457e-02
1.370000000000000000e+02 7.793067835460452120e-01 -6.048171011621885501e-03 -1.247354014844664905e-02
1.380000000000000000e+02 7.858430441813910594e-01 2.281585377105698267e-03 -1.568500859950106019e-02
1.390000000000000000e+02 8.151073590877500052e-01 1.021517296912839018e-02 -7.977092826101263301e-02
1.400000000000000000e+02 8.406581375426180891e-01 8.918904209701589494e-03 -4.240412118299072969e-02
1.410000000000000000e+02 8.795106362552075341e-01 1.356208050323085348e-02 -8.885320023928856836e-02
1.420000000000000000e+02 9.131616383048215546e-01 1.174641564722254429e-02 -1.218722756250471828e-01
1.430000000000000000e+02 9.286839993633717594e-01 5.418326163101051980e-03 -7.341231550834256825e-02
1.440000000000000000e+02 9.474838667058076425e-01 6.562391681273327566e-03 -1.273846751831869684e-02
1.450000000000000000e+02 9.963388064894559415e-01 1.705359110176445092e-02 -2.093536536755813415e-03
1.460000000000000000e+02 1.081654937462181110e+00 2.978094781073535591e-02 1.364985918252139066e-02
1.470000000000000000e+02 1.213396314192532355e+00 4.598641570109734955e-02 -1.915271997830943207e-02
1.480000000000000000e+02 1.382406376341241305e+00 5.899564106990435458e-02 -1.343109239512999681e-02
1.490000000000000000e+02 1.597480061237133819e+00 7.507487871660228906e-02 -7.231324169304761962e-03
1.500000000000000000e+02 1.869344054648826248e+00 9.489843605308413699e-02 0.000000000000000000e+00
0.000000000000000000e+00 7.596689787012115858e+01 -8.148329371924030173e-01 -1.501416417058301311e+00
1.000000000000000000e+00 7.507185599676331833e+01 -3.124285526662528012e-01 -1.919288864221251334e+00
2.000000000000000000e+00 7.542813651182589751e+01 1.243653609708682550e-01 -1.436906805752167671e+00
3.000000000000000000e+00 7.724642944539311884e+01 6.347039691298888009e-01 -2.000050309131531923e-01
4.000000000000000000e+00 8.107435943874800444e+01 1.336199638397750356e+00 6.835871649857339083e-01
5.000000000000000000e+00 8.731861280726556629e+01 2.179655612187561875e+00 1.397346971071003363e+00
6.000000000000000000e+00 9.630957109785643411e+01 3.138436501605839091e+00 1.670237841706129656e+00
7.000000000000000000e+00 1.081538381071419366e+02 4.134429135947476297e+00 -7.984271956300292850e-01
8.000000000000000000e+00 1.216966484089327025e+02 4.727332594785110587e+00 -2.000000000000000000e+00
9.000000000000000000e+00 1.362081337736095747e+02 5.065463979371624070e+00 -2.000000000000000000e+00
1.000000000000000000e+01 1.513470953823784271e+02 5.284494508120680223e+00 -2.000000000000000000e+00
1.100000000000000000e+01 1.666568750785342559e+02 5.344121269057922063e+00 -2.000000000000000000e+00
1.200000000000000000e+01 -1.783969252851104272e+02 5.217207886295611274e+00 -2.000000000000000000e+00
1.300000000000000000e+01 -1.643702698003168621e+02 4.896226425051379394e+00 -2.000000000000000000e+00
1.400000000000000000e+01 -1.517819236465401787e+02 4.394161755283347404e+00 -2.000000000000000000e+00
1.500000000000000000e+01 -1.410689302043716964e+02 3.739540166208025873e+00 -2.000000000000000000e+00
1.600000000000000000e+01 -1.325655162345667009e+02 2.968251428663568614e+00 -2.000000000000000000e+00
1.700000000000000000e+01 -1.265039860823089128e+02 2.115873177316229370e+00 -2.000000000000000000e+00
1.800000000000000000e+01 -1.230289639098207601e+02 1.213011569794487432e+00 1.943047892227021123e-01
1.900000000000000000e+01 -1.212718142644992412e+02 6.133609352222194611e-01 1.912437754330384543e+00
2.000000000000000000e+01 -1.205292870988265719e+02 2.591908765298066575e-01 2.000000000000000000e+00
2.100000000000000000e+01 -1.207780548763477384e+02 -8.683633581225425058e-02 2.000000000000000000e+00
2.200000000000000000e+01 -1.220133613398821097e+02 -4.312033011968522400e-01 2.000000000000000000e+00
2.300000000000000000e+01 -1.242110746725203398e+02 -7.671466733902845281e-01 2.000000000000000000e+00
2.400000000000000000e+01 -1.273261763292869801e+02 -1.087375608898155654e+00 1.899182596994544614e+00
2.500000000000000000e+01 -1.313337171007977986e+02 -1.398895627415549736e+00 1.454083303935940208e+00
2.600000000000000000e+01 -1.363297367252886545e+02 -1.743939838832341716e+00 9.962467447699741019e-01
2.700000000000000000e+01 -1.423812686818895088e+02 -2.112383148646770792e+00 -4.507041141648364668e-01
2.800000000000000000e+01 -1.499379857729753098e+02 -2.637791877623510306e+00 -2.000000000000000000e+00
2.900000000000000000e+01 -1.594304487640727075e+02 -3.313494666367186259e+00 -1.801442056947920811e+00
3.000000000000000000e+01 -1.704519195872705097e+02 -3.847219085545815709e+00 -9.477596098771022826e-01
3.100000000000000000e+01 1.777629418128082932e+02 -4.113789427450001313e+00 4.196452041705139857e-01
3.200000000000000000e+01 1.662420008256402468e+02 -4.021567063080962789e+00 2.000000000000000000e+00
3.300000000000000000e+01 1.560914778417405842e+02 -3.543200937368176540e+00 2.000000000000000000e+00
3.400000000000000000e+01 1.476711675825800114e+02 -2.939242761236167123e+00 2.000000000000000000e+00
3.500000000000000000e+01 1.412593128207695941e+02 -2.238159535065380012e+00 2.000000000000000000e+00
3.600000000000000000e+01 1.370514763712632771e+02 -1.468812008586265705e+00 2.000000000000000000e+00
3.700000000000000000e+01 1.351670002819387548e+02 -6.578062486763922578e-01 2.000000000000000000e+00
3.800000000000000000e+01 1.356568099578663578e+02 1.709758310612555787e-01 2.000000000000000000e+00
3.900000000000000000e+01 1.385078243626098526e+02 9.951917676912095390e-01 2.000000000000000000e+00
4.000000000000000000e+01 1.436417556498642796e+02 1.792080090674810666e+00 2.000000000000000000e+00
4.100000000000000000e+01 1.509088778721704784e+02 2.536704198481818384e+00 2.000000000000000000e+00
4.200000000000000000e+01 1.600800820554322286e+02 3.201354187411889374e+00 2.000000000000000000e+00
4.300000000000000000e+01 1.708427618971813331e+02 3.756883991530883815e+00 1.017596892388437535e+00
4.400000000000000000e+01 -1.776153418480442099e+02 4.028881831388335222e+00 1.104319107786820631e+00
4.500000000000000000e+01 -1.656882982779272595e+02 4.163323606547202793e+00 8.424302899077353857e-01
4.600000000000000000e+01 -1.539303722003596988e+02 4.104290465193129123e+00 2.000000000000000000e+00
4.700000000000000000e+01 -1.422572361449024356e+02 4.074693164019853597e+00 2.000000000000000000e+00
4.800000000000000000e+01 -1.310398538142573273e+02 3.915605102495836487e+00 2.000000000000000000e+00
4.900000000000000000e+01 -1.205836166705945942e+02 3.649915310524832979e+00 2.000000000000000000e+00
5.000000000000000000e+01 -1.111176387032525952e+02 3.304249649027173774e+00 2.000000000000000000e+00
5.100000000000000000e+01 -1.027965220788709644e+02 2.904617650757918668e+00 1.808698868915816105e+00
5.200000000000000000e+01 -9.579340109831770178e+01 2.444550380522960253e+00 3.245969327503588908e-01
5.300000000000000000e+01 -9.078841231874505979e+01 1.747070664578305177e+00 -1.351467961208896895e+00
5.400000000000000000e+01 -8.851256243540012747e+01 7.944214749099529627e-01 -2.000000000000000000e+00
5.500000000000000000e+01 -8.924401698787399084e+01 -2.553258053874150058e-01 -2.000000000000000000e+00
5.600000000000000000e+01 -9.298331294118484891e+01 -1.305260521835502008e+00 -2.000000000000000000e+00
5.700000000000000000e+01 -9.972772540763114080e+01 -2.354244073040780538e+00 -2.000000000000000000e+00
5.800000000000000000e+01 -1.094492734635758922e+02 -3.393460439341802193e+00 -2.000000000000000000e+00
5.900000000000000000e+01 -1.220562441145862067e+02 -4.400662931248456644e+00 -2.000000000000000000e+00
6.000000000000000000e+01 -1.373436420265825006e+02 -5.336308552536830341e+00 -1.710078752898647192e+00
6.100000000000000000e+01 -1.548217772457196020e+02 -6.101020133654456501e+00 -1.751264850363410730e+00
6.200000000000000000e+01 -1.739665499756738996e+02 -6.682786373674508340e+00 -1.663416935086587500e+00
6.300000000000000000e+01 1.659480400618658962e+02 -7.011130709156039309e+00 -1.498278565352612723e+00
6.400000000000000000e+01 1.457404741015158436e+02 -7.053771196440774993e+00 -1.553516171716849747e+00
6.500000000000000000e+01 1.260748670137213310e+02 -6.864591861710956699e+00 -1.419549691844712580e+00
6.600000000000000000e+01 1.075358489065208971e+02 -6.471338121149890377e+00 -2.821673792279220105e-01
6.700000000000000000e+01 9.092432200442398482e+01 -5.798516764504091370e+00 5.748018696624770385e-01
6.800000000000000000e+01 7.670811015672973099e+01 -4.962394078065830882e+00 3.812518182326691818e-01
6.900000000000000000e+01 6.474676323374288245e+01 -4.175297735588259229e+00 7.065091007821826530e-01
7.000000000000000000e+01 5.503226930100279191e+01 -3.390998085826547381e+00 7.540359961016156465e-01
7.100000000000000000e+01 4.740251558396555964e+01 -2.663286469571506387e+00 1.222510554154090379e+00
7.200000000000000000e+01 4.187973304695955790e+01 -1.927814782848008335e+00 1.435845743493300741e+00
7.300000000000000000e+01 3.840829350080591098e+01 -1.211760997286376540e+00 1.137152569220468923e+00
7.400000000000000000e+01 3.676034598074297577e+01 -5.752422025034693576e-01 1.438427028791410933e+00
7.500000000000000000e+01 3.701638307942706518e+01 8.937380758582236240e-02 9.057228066509002140e-01
7.600000000000000000e+01 3.895517126883665071e+01 6.767647480795331294e-01 2.000000000000000000e+00
7.700000000000000000e+01 4.310424188350501140e+01 1.448298862474157733e+00 1.438442249523544936e+00
7.800000000000000000e+01 4.933963004695257126e+01 2.176561071840842132e+00 1.106666370985898595e+00
7.900000000000000000e+01 5.768046293076408659e+01 2.911499923622495434e+00 1.362645333241586432e+00
8.000000000000000000e+01 6.842258050632067068e+01 3.749706406596261310e+00 2.000000000000000000e+00
8.100000000000000000e+01 8.202215640582603839e+01 4.747147526424762454e+00 1.815517769466600928e+00
8.200000000000000000e+01 9.852969085869783328e+01 5.762216551780270812e+00 1.159921056102110049e+00
8.300000000000000000e+01 1.176604911188996567e+02 6.677909061638194643e+00 3.109349504498188921e-01
8.400000000000000000e+01 1.388279435052226347e+02 7.388834768009331810e+00 2.349603374597020178e-02
8.500000000000000000e+01 1.614199586862026763e+02 7.886100991372874347e+00 -2.627449711844342950e-01
8.600000000000000000e+01 -1.754163285321523347e+02 8.000000000000000000e+00 6.128819705997847755e-01
8.700000000000000000e+01 -1.524063544911262227e+02 8.000000000000000000e+00 2.208968799153239182e-01
8.800000000000000000e+01 -1.303883420917484273e+02 7.685736222281576602e+00 -2.862890055758655627e-01
8.900000000000000000e+01 -1.101298715471176450e+02 7.071540248441906762e+00 -3.550096073613708825e-01
9.000000000000000000e+01 -9.204130005331708730e+01 6.314102590984173702e+00 -1.350231354367918524e+00
9.100000000000000000e+01 -7.668017600350574980e+01 5.362043829529859806e+00 -1.719491830721983527e+00
9.200000000000000000e+01 -6.414874207520730920e+01 4.374295640898702153e+00 -1.647310406761031132e+00
9.300000000000000000e+01 -5.425876775589065915e+01 3.452252296195207570e+00 -1.551395415111936682e+00
9.400000000000000000e+01 -4.677938973175820792e+01 2.610795450448385235e+00 -1.738390954620839590e+00
9.500000000000000000e+01 -4.161275698197496098e+01 1.803495054501712769e+00 -1.356488657656650165e+00
9.600000000000000000e+01 -3.845589636738242945e+01 1.101952235023427207e+00 -1.033880887015904859e+00
9.700000000000000000e+01 -3.707954839806850345e+01 4.804360743533209188e-01 -8.176520264259653503e-01
9.800000000000000000e+01 -3.734999642278682330e+01 -9.440416973700127556e-02 -7.723286256184808130e-01
9.900000000000000000e+01 -3.925584080386087038e+01 -6.652651896075167937e-01 -5.128922191290311572e-01
1.000000000000000000e+02 -4.274167942704055179e+01 -1.216787223353436254e+00 -4.500888017821431664e-01
1.010000000000000000e+02 -4.787916599540457696e+01 -1.793321117898733608e+00 -8.765843546063087910e-01
1.020000000000000000e+02 -5.498701620708190774e+01 -2.481107778646896911e+00 -7.757065585588175383e-01
1.030000000000000000e+02 -6.418794575265147273e+01 -3.211730296284296404e+00 -1.076829230336295629e+00
1.040000000000000000e+02 -7.578582926036183665e+01 -4.048425069445902302e+00 -8.308820555898857041e-01
1.050000000000000000e+02 -8.982356987344790866e+01 -4.900095864785583899e+00 -1.146656560806524006e+00
1.060000000000000000e+02 -1.065026313929417512e+02 -5.822090793157117083e+00 -1.361085923876819592e+00
1.070000000000000000e+02 -1.258266606314275293e+02 -6.745358699264579982e+00 -1.211791533586091596e+00
1.080000000000000000e+02 -1.474134789253158715e+02 -7.535221085161927235e+00 -9.524270388936022513e-01
1.090000000000000000e+02 -1.705667451875798690e+02 -8.000000000000000000e+00 -1.207290369185047396e+00
1.100000000000000000e+02 1.656439971230981882e+02 -8.000000000000000000e+00 -1.639168455876286679e+00
1.110000000000000000e+02 1.425540393798476373e+02 -8.000000000000000000e+00 -7.275617004849208591e-01
1.120000000000000000e+02 1.206294524431676223e+02 -7.653124583696079064e+00 -2.843872293741154245e-01
1.130000000000000000e+02 1.004314798353743754e+02 -7.050422484672348666e+00 2.455819767954789956e-01
1.140000000000000000e+02 8.245211841761262406e+01 -6.275981082919567910e+00 1.080677757188686972e+00
1.150000000000000000e+02 6.706711917888547703e+01 -5.370377842652195532e+00 1.173377812658539465e+00
1.160000000000000000e+02 5.416511313154814644e+01 -4.503649712765115609e+00 1.320982742218096195e+00
1.170000000000000000e+02 4.357263702084723889e+01 -3.697471681411482081e+00 1.151946565646797538e+00
1.180000000000000000e+02 3.495614108295778522e+01 -3.007724482017756884e+00 8.131137370621472904e-01
1.190000000000000000e+02 2.792008899622466700e+01 -2.456045505106210669e+00 7.971005484695729004e-01
1.200000000000000000e+02 2.223262148086164558e+01 -1.985300684866118326e+00 6.737592630694669849e-01
1.210000000000000000e+02 1.764763876329999093e+01 -1.600460891369760885e+00 5.050567093738034252e-01
1.220000000000000000e+02 1.393106023305963070e+01 -1.297330645232518398e+00 5.307752378693874062e-01
1.230000000000000000e+02 1.095984812072590842e+01 -1.037148682707181191e+00 4.826705455372148346e-01
1.240000000000000000e+02 8.604540894706568466e+00 -8.221573198010336814e-01 3.551136889970901156e-01
1.250000000000000000e+02 6.723291306353706531e+00 -6.566799873709088242e-01 3.618253996394021343e-01
1.260000000000000000e+02 5.249069949801898005e+00 -5.146003315009267665e-01 2.845355285287203273e-01
1.270000000000000000e+02 4.093683620750524277e+00 -4.033059114895415909e-01 2.757429915839215706e-01
1.280000000000000000e+02 3.210171672825569811e+00 -3.084038494399828356e-01 2.243690401646634691e-01
1.290000000000000000e+02 2.543393682981088588e+00 -2.327494260523102487e-01 1.200506334463449232e-01
1.300000000000000000e+02 2.023549595139545687e+00 -1.814598185972309263e-01 9.687147589443628748e-02
1.310000000000000000e+02 1.621200293277000881e+00 -1.404464012120391070e-01 1.298207379067110590e-01
1.320000000000000000e+02 1.335424243237653741e+00 -9.975465993061358172e-02 8.058643292624134702e-02
1.330000000000000000e+02 1.134351537023136292e+00 -7.018761518677194000e-02 -6.189817014868426170e-03
1.340000000000000000e+02 9.731543566387452771e-01 -5.626843085277672546e-02 2.185018770701277480e-02
1.350000000000000000e+02 8.578381365751110987e-01 -4.025295442129520757e-02 5.074362127052062243e-02
1.360000000000000000e+02 7.964951098151203945e-01 -2.141275580201652123e-02 3.292321763348765584e-02
1.370000000000000000e+02 7.791673983004295811e-01 -6.048512355341784455e-03 -1.246154727084414215e-02
1.380000000000000000e+02 7.857026081542692886e-01 2.281218585165566831e-03 -1.567503541713588522e-02
1.390000000000000000e+02 8.149648920827852194e-01 1.021446402412055574e-02 -7.976314302683032431e-02
1.400000000000000000e+02 8.405116430456093246e-01 8.917498349766211918e-03 -4.239736886369217805e-02
1.410000000000000000e+02 8.793575229091972201e-01 1.355977008907549054e-02 -8.884645139719909990e-02
1.420000000000000000e+02 9.129990651369402910e-01 1.174311354645648543e-02 -1.218667649169920264e-01
1.430000000000000000e+02 9.285082387063057219e-01 5.413722860974153235e-03 -7.340752047201518082e-02
1.440000000000000000e+02 9.472903889156077950e-01 6.556207235129291565e-03 -1.273406389596953847e-02
1.450000000000000000e+02 9.961222494581224440e-01 1.704553492683171315e-02 -2.089670749032213060e-03
1.460000000000000000e+02 1.081408842728491804e+00 2.977063720754369314e-02 1.365297203134528334e-02
1.470000000000000000e+02 1.213112792496306769e+00 4.597335122659192141e-02 -1.915016132835464790e-02
1.480000000000000000e+02 1.382075897501280126e+00 5.897924993459385812e-02 -1.342916472352885179e-02
1.490000000000000000e+02 1.597091064258961080e+00 7.505445203292396283e-02 -7.230267911274117221e-03
1.500000000000000000e+02 1.868882411707338154e+00 9.487307782812132162e-02 0.000000000000000000e+00
