0.000000000000000000e+00 -4.708353314323169769e+01 4.611331175874466837e-02 -4.041383627159016445e-01
1.000000000000000000e+00 -4.869860910548982247e+01 -5.637678642243975080e-01 -4.601095278561997404e-01
2.000000000000000000e+00 -5.212552805359447916e+01 -1.196220376868139867e+00 -7.004823505353050539e-01
3.000000000000000000e+00 -5.754946454749643436e+01 -1.893311004753329030e+00 -1.685491776209024239e+00
4.000000000000000000e+00 -6.551078764000101273e+01 -2.779026015585239318e+00 -2.000000000000000000e+00
5.000000000000000000e+00 -7.628685041190922789e+01 -3.761555515427698726e+00 -2.000000000000000000e+00
6.000000000000000000e+00 -9.000969544059373106e+01 -4.790176569829606379e+00 -2.000000000000000000e+00
7.000000000000000000e+00 -1.067405688629531113e+02 -5.840176559091663222e+00 -2.000000000000000000e+00
8.000000000000000000e+00 -1.263884107842062576e+02 -6.858390648744713047e+00 -1.727516822873305102e+00
9.000000000000000000e+00 -1.485082443976546642e+02 -7.721278530959778230e+00 -2.745752647323032036e-01
1.000000000000000000e+01 -1.718684405177643555e+02 -8.000000000000000000e+00 5.939843834944880108e-01
1.100000000000000000e+01 1.651645828143096821e+02 -8.000000000000000000e+00 8.046095204443424187e-01
1.200000000000000000e+01 1.431421591012569934e+02 -7.687276061240870817e+00 1.223164688926825505e+00
1.300000000000000000e+01 1.229341450037330361e+02 -7.053927625824480963e+00 2.447509223706849646e-01
1.400000000000000000e+01 1.046346093452682027e+02 -6.387742976526395111e+00 8.954845841038507892e-01
1.500000000000000000e+01 8.879876423625836424e+01 -5.527752739761240264e+00 8.591887018973975998e-02
1.600000000000000000e+01 7.514795958113931817e+01 -4.765029735567929414e+00 -1.059217381188823914e-01
1.700000000000000000e+01 6.352844778748703902e+01 -4.055974765470879539e+00 -6.896411945636136132e-01
1.800000000000000000e+01 5.353590885316353365e+01 -3.488054100753406495e+00 -5.033370792664528803e-01
1.900000000000000000e+01 4.505503758410510784e+01 -2.960382541657190281e+00 -2.752105280074665927e-01
2.000000000000000000e+01 3.797664578873729369e+01 -2.470824851506428388e+00 6.460076039877149512e-01
2.100000000000000000e+01 3.249797023188955336e+01 -1.912418542310530212e+00 9.662326442904753954e-01
2.200000000000000000e+01 2.858887586853113660e+01 -1.364531348235117125e+00 8.613149969689195551e-01
2.300000000000000000e+01 2.607805145506829092e+01 -8.764430590876408633e-01 8.186248681319763243e-01
2.400000000000000000e+01 2.486351561975471469e+01 -4.239529841936282573e-01 7.849312189311228316e-01
2.500000000000000000e+01 2.488967202868210649e+01 9.130309125621682842e-03 8.428746572542871185e-01
2.600000000000000000e+01 2.618230989700543176e+01 4.512157367640518557e-01 9.693680521268983608e-01
2.700000000000000000e+01 2.883952355907349485e+01 9.275425466412816622e-01 7.984285179788424003e-01
2.800000000000000000e+01 3.287622712155614124e+01 1.409075361846134244e+00 1.191358170868069610e+00
2.900000000000000000e+01 3.859119067196676411e+01 1.994898611722602855e+00 2.000000000000000000e+00
3.000000000000000000e+01 4.650579526718929202e+01 2.762718183602136612e+00 1.428424062918855375e+00
3.100000000000000000e+01 5.659290285156489375e+01 3.521064787004912322e+00 1.321662891736502976e+00
3.200000000000000000e+01 6.904155392408334535e+01 4.345398972947408289e+00 2.000000000000000000e+00
3.300000000000000000e+01 8.435608278179329034e+01 5.345779039174505698e+00 1.733641457750914938e+00
3.400000000000000000e+01 1.025537652056901265e+02 6.352189490586048315e+00 1.118236362187876143e+00
3.500000000000000000e+01 1.233291985305973810e+02 7.251994300963694684e+00 -4.697987226887763157e-01
3.600000000000000000e+01 1.456979581283427478e+02 7.808170091354770470e+00 -1.473933460844572885e+00
3.700000000000000000e+01 1.686441921397666590e+02 8.000000000000000000e+00 -2.000000000000000000e+00
3.800000000000000000e+01 -1.688738724571303464e+02 7.847675900096517054e+00 -2.000000000000000000e+00
3.900000000000000000e+01 -1.476659862628681026e+02 7.402948829562528310e+00 -1.982383973208823313e+00
4.000000000000000000e+01 -1.284591498130305922e+02 6.704450698834453881e+00 -8.064161972570262904e-01
4.100000000000000000e+01 -1.112813038044685214e+02 5.996199424999486993e+00 -2.824228727251547610e-01
4.200000000000000000e+01 -9.622689872539156397e+01 5.254978711177002992e+00 -1.153149398444210938e-01
4.300000000000000000e+01 -8.335796195828923771e+01 4.492106356337798978e+00 3.254441789908821825e-01
4.400000000000000000e+01 -7.248334660302546695e+01 3.795956856745719588e+00 3.874935159837380461e-01
4.500000000000000000e+01 -6.349117865160689433e+01 3.138858752891350523e+00 5.801218125761757882e-01
4.600000000000000000e+01 -5.617242265871853846e+01 2.554727784519373213e+00 1.965402846059220998e-01
4.700000000000000000e+01 -5.055408055955955149e+01 1.961171362674683394e+00 2.530910235207799452e-01
4.800000000000000000e+01 -4.648617604543051129e+01 1.419966548565836817e+00 5.757470229464556333e-01
4.900000000000000000e+01 -4.372903896146035407e+01 9.624224008822919174e-01 5.306556154264556735e-01
5.000000000000000000e+01 -4.222908075237203462e+01 5.235841878181729525e-01 4.056005453575382003e-01
5.100000000000000000e+01 -4.199888953429301353e+01 8.035189329310354900e-02 2.548691730381542619e-01
5.200000000000000000e+01 -4.309683389826646049e+01 -3.832548831010345602e-01 4.321890118453231011e-02
5.300000000000000000e+01 -4.564419599459442622e+01 -8.891971164285583651e-01 -1.549919571759647008e-01
5.400000000000000000e+01 -4.979443020055246194e+01 -1.448705032457202169e+00 -4.043586687995282536e-01
5.500000000000000000e+01 -5.575937575398506851e+01 -2.082158792191886931e+00 -1.243107742801698556e+00
5.600000000000000000e+01 -6.403470926474435032e+01 -2.888636329267423530e+00 -2.000000000000000000e+00
5.700000000000000000e+01 -7.510119115299043813e+01 -3.862930911244270238e+00 -2.000000000000000000e+00
5.800000000000000000e+01 -8.910346887293432872e+01 -4.887716979833310660e+00 -1.952050117423871356e+00
5.900000000000000000e+01 -1.060929070459504686e+02 -5.930432683662825610e+00 -1.826583321302287732e+00
6.000000000000000000e+01 -1.259316574758504856e+02 -6.925030289663922645e+00 -1.092781198165541756e+00
6.100000000000000000e+01 -1.479797484254646918e+02 -7.696235616998624351e+00 -2.078848459392097503e-01
6.200000000000000000e+01 -1.712563954223886356e+02 -8.000000000000000000e+00 -8.744708145433843782e-02
6.300000000000000000e+01 1.654611011465065360e+02 -8.000000000000000000e+00 -3.960661296906815565e-01
6.400000000000000000e+01 1.429119689851402484e+02 -7.871131993663726512e+00 -2.724559662964205486e-01
6.500000000000000000e+01 1.215414471780654679e+02 -7.459719368054073207e+00 -2.923719067019856510e-01
6.600000000000000000e+01 1.018764508233318651e+02 -6.864378675655668616e+00 5.040518539077787352e-01
6.700000000000000000e+01 8.453065303267601394e+01 -6.054825656642051968e+00 8.645994321099332858e-01
6.800000000000000000e+01 6.969519938939380665e+01 -5.178550242045251828e+00 1.466193652866863317e+00
6.900000000000000000e+01 5.750487400481122791e+01 -4.255226297008204206e+00 7.852111173663960386e-01
7.000000000000000000e+01 4.746417032868789931e+01 -3.504866767309005482e+00 1.453039540660993501e+00
7.100000000000000000e+01 3.963106434978099202e+01 -2.734269799791588795e+00 1.386694931170481926e+00
7.200000000000000000e+01 3.376430791721793412e+01 -2.047884323215638958e+00 1.566261800120992032e+00
7.300000000000000000e+01 2.976474260963341933e+01 -1.396111665317794959e+00 1.361425608860539871e+00
7.400000000000000000e+01 2.741685348687283508e+01 -8.195679132786757304e-01 1.434009591319378218e+00
7.500000000000000000e+01 2.667452710852739628e+01 -2.591207885306585634e-01 1.259791769816037244e+00
7.600000000000000000e+01 2.743810597799359741e+01 2.665393074168282972e-01 1.091368352535754704e+00
7.700000000000000000e+01 2.966071575018618844e+01 7.758371702352432342e-01 1.036804489665196671e+00
7.800000000000000000e+01 3.339211794880396411e+01 1.302505081640709550e+00 1.319235802726768991e+00
7.900000000000000000e+01 3.887293156869080946e+01 1.913164867103484879e+00 1.754122031021459582e+00
8.000000000000000000e+01 4.645596972170881145e+01 2.646979661490281632e+00 1.510950098080226400e+00
8.100000000000000000e+01 5.624568720154447021e+01 3.417256057263483360e+00 1.311978989265869089e+00
8.200000000000000000e+01 6.838558499987512107e+01 4.237623748729617112e+00 1.883669312990128519e+00
8.300000000000000000e+01 8.333244107284414781e+01 5.217437025900380831e+00 1.331756867054457727e+00
8.400000000000000000e+01 1.009856373428527121e+02 6.162127968248624299e+00 8.823501245611309329e-01
8.500000000000000000e+01 1.211272144026843307e+02 7.030736724764397927e+00 8.356854870065255625e-02
8.600000000000000000e+01 1.431439434287162840e+02 7.685288240473253651e+00 -4.085939223218928440e-01
8.700000000000000000e+01 1.662738319193161090e+02 8.000000000000000000e+00 -3.934860475154584591e-01
8.800000000000000000e+01 -1.704671226357181695e+02 8.000000000000000000e+00 2.051453797269022772e-01
8.900000000000000000e+01 -1.478164919526575716e+02 7.906561661453203271e+00 -2.614986300532553543e-01
9.000000000000000000e+01 -1.264226422151983655e+02 7.467862351911754182e+00 -4.704968905982869209e-01
9.100000000000000000e+01 -1.069598577845025744e+02 6.793793398430626240e+00 -3.753319088249611468e-01
9.200000000000000000e+01 -8.971350846516142497e+01 6.020111591431723141e+00 -1.083202172667042884e+00
9.300000000000000000e+01 -7.508119586424979275e+01 5.107640641339257215e+00 -1.213555709133672611e+00
9.400000000000000000e+01 -6.304653663933219576e+01 4.200888556606420465e+00 -1.134265282027677291e+00
9.500000000000000000e+01 -5.341449290467867428e+01 3.362217537315899119e+00 -7.995412270242536756e-01
9.600000000000000000e+01 -4.585127767668055299e+01 2.640060155310815393e+00 -3.409181817364834721e-01
9.700000000000000000e+01 -3.997624942066743614e+01 2.050771734302585525e+00 -7.688303350596306096e-01
9.800000000000000000e+01 -3.581200741468397553e+01 1.453594677085296105e+00 -7.906467525457183676e-01
9.900000000000000000e+01 -3.324472122427883392e+01 8.961519372710351483e-01 -8.929533184299809356e-01
1.000000000000000000e+02 -3.223904620548711364e+01 3.510468056594271413e-01 -6.096020043668686217e-01
1.010000000000000000e+02 -3.264150067049612147e+01 -1.404831100751886552e-01 -5.955293871526118332e-01
1.020000000000000000e+02 -3.445877427686996697e+01 -6.343481568163018558e-01 -7.238571343941024860e-01
1.030000000000000000e+02 -3.780280394664931976e+01 -1.167286560440567555e+00 -8.402939686348787074e-01
1.040000000000000000e+02 -4.282489346052278023e+01 -1.753039946939466187e+00 -4.398545236353985644e-01
1.050000000000000000e+02 -4.949652330398774325e+01 -2.328838144855549519e+00 -2.829254926326669750e-01
1.060000000000000000e+02 -5.792344871722917787e+01 -2.941551885620938389e+00 -1.267738301578869908e+00
1.070000000000000000e+02 -6.871573081370831915e+01 -3.767217127751941508e+00 -1.271886991255568811e+00
1.080000000000000000e+02 -8.205660436138924752e+01 -4.656843369984980718e+00 -1.085357543670764535e+00
1.090000000000000000e+02 -9.799185212193860650e+01 -5.562450810852783256e+00 -1.185771029569368196e+00
1.100000000000000000e+02 -1.165643717353573550e+02 -6.483032352907635243e+00 -1.277383852791955654e+00
1.110000000000000000e+02 -1.376075768873249672e+02 -7.345464301489371906e+00 -1.467912752031736545e+00
1.120000000000000000e+02 -1.607301617819325372e+02 -8.000000000000000000e+00 -1.031155142834797367e+00
1.130000000000000000e+02 1.751993472389136173e+02 -8.000000000000000000e+00 -1.144761284257716394e+00
1.140000000000000000e+02 1.519689244226392191e+02 -8.000000000000000000e+00 -1.500973855307341065e+00
1.150000000000000000e+02 1.294153481130507828e+02 -7.872683294042199798e+00 -9.685516787295078700e-01
1.160000000000000000e+02 1.081054909631786529e+02 -7.438543407898464466e+00 -2.053741288246406782e-01
1.170000000000000000e+02 8.874958704304034995e+01 -6.756485062121814877e+00 6.694758313072393108e-01
1.180000000000000000e+02 7.182944925726489771e+01 -5.906242285057683894e+00 1.461995912682649390e+00
1.190000000000000000e+02 5.757900468929543791e+01 -4.974343551680153297e+00 1.653982439250132552e+00
1.200000000000000000e+02 4.585300072845705444e+01 -4.093147544370507873e+00 1.594987462710575343e+00
1.210000000000000000e+02 3.635412532199130453e+01 -3.315733021590844931e+00 1.402110014157796902e+00
1.220000000000000000e+02 2.873139215774652300e+01 -2.660835834340752992e+00 1.163189213230378272e+00
1.230000000000000000e+02 2.264133940142707502e+01 -2.125829444358607212e+00 7.738402688162103749e-01
1.240000000000000000e+02 1.771094472944876230e+01 -1.721032408976143957e+00 7.748524309403911348e-01
1.250000000000000000e+02 1.376715227004904740e+01 -1.376643268636995820e+00 6.143130832257535090e-01
1.260000000000000000e+02 1.059865611007945141e+01 -1.106013806565322888e+00 6.535227330358507336e-01
1.270000000000000000e+02 8.106177473227139885e+00 -8.700391749738488611e-01 4.867291303259085877e-01
1.280000000000000000e+02 6.125823837725063115e+00 -6.912738258670203528e-01 5.159659874747405395e-01
1.290000000000000000e+02 4.596471245777945747e+00 -5.338447630677292111e-01 3.073353206439014551e-01
1.300000000000000000e+02 3.371369122935208296e+00 -4.276413143355565216e-01 3.876405963721414327e-01
1.310000000000000000e+02 2.439196676115791274e+00 -3.253895678674049718e-01 3.127395091289617013e-01
1.320000000000000000e+02 1.732856382215961721e+00 -2.465592753611241528e-01 3.597565697391097994e-01
1.330000000000000000e+02 1.246082294787869804e+00 -1.699162107802260069e-01 2.784610664760534537e-01
1.340000000000000000e+02 9.256924388889341548e-01 -1.118371575085304881e-01 2.089670168958719376e-01
1.350000000000000000e+02 7.298115002083384040e-01 -6.837534643747467111e-02 1.362929697587015321e-01
1.360000000000000000e+02 6.198653423152394870e-01 -3.837844910303878088e-02 5.176628717863951401e-03
1.370000000000000000e+02 5.353881736466457042e-01 -2.948809472059726877e-02 7.103946837769048450e-02
1.380000000000000000e+02 5.015147321940836012e-01 -1.182406164656877798e-02 -2.671571911533959787e-02
1.390000000000000000e+02 4.749676184081791375e-01 -9.266690849306098710e-03 -3.127011433368334647e-02
1.400000000000000000e+02 4.527942444933000798e-01 -7.739967621804489349e-03 3.675266100881330322e-02
1.410000000000000000e+02 4.633937707190251554e-01 3.699932635809186944e-03 -3.838540809693881395e-02
1.420000000000000000e+02 4.748754598100922708e-01 4.007865566581713182e-03 -5.360931531005520140e-02
1.430000000000000000e+02 4.811278684411307571e-01 2.182502335841544037e-03 -5.729839002869691056e-04
1.440000000000000000e+02 5.051761384060777793e-01 8.394429805942488221e-03 -5.544801740931741552e-02
1.450000000000000000e+02 5.243412377627179044e-01 6.689881704897353114e-03 6.078082844528792661e-03
1.460000000000000000e+02 5.657807227869386946e-01 1.446510908006977056e-02 -2.312251212734151018e-03
1.470000000000000000e+02 6.274430233404028057e-01 2.152420338024289143e-02 -2.700378702568631550e-03
1.480000000000000000e+02 7.114735647201223534e-01 2.933219238619595715e-02 2.453248387585316159e-03
1.490000000000000000e+02 8.232378849589230274e-01 3.901310748840224746e-02 3.739042246123508439e-03
1.500000000000000000e+02 9.674792987345761652e-01 5.034975176232536764e-02 0.000000000000000000e+00
0.000000000000000000e+00 -4.657352924760685653e+01 8.258346869713450999e-02 -5.385837504571331369e-01
1.000000000000000000e+00 -4.812881447986034544e+01 -5.428969622093636760e-01 -5.649598003386300249e-01
2.000000000000000000e+00 -5.152681635686454342e+01 -1.186126414853409639e+00 -7.803828891217303720e-01
3.000000000000000000e+00 -5.694229431836126309e+01 -1.890358419946171820e+00 -1.745265136704915898e+00
4.000000000000000000e+00 -6.490852588381137878e+01 -2.780739395868133457e+00 -2.000000000000000000e+00
5.000000000000000000e+00 -7.568002737980533823e+01 -3.759963329771788043e+00 -2.000000000000000000e+00
6.000000000000000000e+00 -8.939279963477473245e+01 -4.786660508506862755e+00 -2.000000000000000000e+00
7.000000000000000000e+00 -1.061134796610425184e+02 -5.836618392616496287e+00 -2.000000000000000000e+00
8.000000000000000000e+00 -1.257577782904977681e+02 -6.857153806580072342e+00 -1.740196152369244409e+00
9.000000000000000000e+00 -1.478934418467624710e+02 -7.726804223410726813e+00 -2.829329600086873953e-01
1.000000000000000000e+01 -1.712926538067874276e+02 -8.000000000000000000e+00 5.776163730502164029e-01
1.100000000000000000e+01 1.657119766830674621e+02 -8.000000000000000000e+00 7.778019882182412026e-01
1.200000000000000000e+01 1.436581654771046033e+02 -7.698232363145468327e+00 1.198157644884410900e+00
1.300000000000000000e+01 1.233924832107846186e+02 -7.074057614206197719e+00 2.247577069415975792e-01
1.400000000000000000e+01 1.050172858247410090e+02 -6.414153901806329827e+00 8.898300024843970313e-01
1.500000000000000000e+01 8.909967709401321656e+01 -5.556293627907905375e+00 9.251778926530240810e-02
1.600000000000000000e+01 7.537015142977341497e+01 -4.792508551560925589e+00 -8.759166621135383579e-02
1.700000000000000000e+01 6.368191551324859034e+01 -4.079964009864297303e+00 -6.655294368585189524e-01
1.800000000000000000e+01 5.363357214685217400e+01 -3.507533522290964267e+00 -4.785428212737190545e-01
1.900000000000000000e+01 4.510972509962572730e+01 -2.975383918209971501e+00 -2.522832798908130059e-01
2.000000000000000000e+01 3.799965782040156625e+01 -2.481881681215532431e+00 6.659701551978587375e-01
2.100000000000000000e+01 3.249856517885346108e+01 -1.920243581044940751e+00 9.831663565314157083e-01
2.200000000000000000e+01 2.857434927447300410e+01 -1.369809761811309645e+00 8.752466061204313696e-01
2.300000000000000000e+01 2.605391162553998541e+01 -8.797987113021248362e-01 8.299089031995987575e-01
2.400000000000000000e+01 2.483379834161691591e+01 -4.258998810355581477e-01 7.939871479565736578e-01
2.500000000000000000e+01 2.485725757277180392e+01 8.188816472776638822e-03 8.500223898244070320e-01
2.600000000000000000e+01 2.614916698807078532e+01 4.509614586896370514e-01 9.749084906465717015e-01
2.700000000000000000e+01 2.880691753156417079e+01 9.277299536125671597e-01 8.026857367328328330e-01
2.800000000000000000e+01 3.284491613631654161e+01 1.409527416877321526e+00 1.194283087099689666e+00
2.900000000000000000e+01 3.856144533082658654e+01 1.995445124611599397e+00 2.000000000000000000e+00
3.000000000000000000e+01 4.647674353535482794e+01 2.762960298924259650e+00 1.430592950256541096e+00
3.100000000000000000e+01 5.656472669834595735e+01 3.521370421598943867e+00 1.322933576372525399e+00
3.200000000000000000e+01 6.901421741875320492e+01 4.345692065351745015e+00 2.000000000000000000e+00
3.300000000000000000e+01 8.432921902040675377e+01 5.345944057941183658e+00 1.733920777119235979e+00
3.400000000000000000e+01 1.025273949092983230e+02 6.352361742364068142e+00 1.118281562257995798e+00
3.500000000000000000e+01 1.233035558403551590e+02 7.252248283423059050e+00 -4.697915433364401316e-01
3.600000000000000000e+01 1.456735742998807268e+02 7.808609517012604861e+00 -1.474245622314336757e+00
3.700000000000000000e+01 1.686216882825013670e+02 8.000000000000000000e+00 -2.000000000000000000e+00
3.800000000000000000e+01 -1.688955489730434181e+02 7.847964696709211374e+00 -2.000000000000000000e+00
3.900000000000000000e+01 -1.476860378164957979e+02 7.403516048404529037e+00 -1.982248651646592030e+00
4.000000000000000000e+01 -1.284768828420073135e+02 6.705260016613428853e+00 -8.063594143569696726e-01
4.100000000000000000e+01 -1.112962802335901955e+02 5.997161659872094930e+00 -2.825054914045876941e-01
4.200000000000000000e+01 -9.623895015204519154e+01 5.255999729650927321e+00 -1.157269359151773536e-01
4.300000000000000000e+01 -8.336721635858931734e+01 4.493082702720498922e+00 3.248927447811298386e-01
4.400000000000000000e+01 -7.249008105124552515e+01 3.796836485961486929e+00 3.867428921881228554e-01
4.500000000000000000e+01 -6.349579170119831417e+01 3.139599260707696793e+00 5.793176374264863426e-01
4.600000000000000000e+01 -5.617533708357340316e+01 2.555320716407540882e+00 1.957496836322603073e-01
4.700000000000000000e+01 -5.055569693488369154e+01 1.961624467437984354e+00 2.523876722382043525e-01
4.800000000000000000e+01 -4.648683512464262435e+01 1.420300707947271146e+00 5.751592404605911923e-01
4.900000000000000000e+01 -4.372901034270739729e+01 9.626624527572869017e-01 5.301572217119427943e-01
5.000000000000000000e+01 -4.222857782906185520e+01 5.237497513417856965e-01 4.051896781645363266e-01
5.100000000000000000e+01 -4.199807489867620092e+01 8.046070141449895852e-02 2.545381423227484063e-01
5.200000000000000000e+01 -4.309582709756403318e+01 -3.831878048320027097e-01 4.295530625914700806e-02
5.300000000000000000e+01 -4.564308273143370798e+01 -8.891599540200219032e-01 -1.551871344596461588e-01
5.400000000000000000e+01 -4.979326515981622236e+01 -1.448686958673769842e+00 -4.045059048463398033e-01
5.500000000000000000e+01 -5.575819400270211901e+01 -2.082152959110691537e+00 -1.243208297590115752e+00
5.600000000000000000e+01 -6.403352907768962154e+01 -2.888636875286076489e+00 -2.000000000000000000e+00
5.700000000000000000e+01 -7.509999315285661226e+01 -3.862924693306656998e+00 -2.000000000000000000e+00
5.800000000000000000e+01 -8.910224150847804481e+01 -4.887706729751119639e+00 -1.952076455112507603e+00
5.900000000000000000e+01 -1.060916609143053932e+02 -5.930426132678125128e+00 -1.826592959679233186e+00
6.000000000000000000e+01 -1.259304096716538766e+02 -6.925029705833286364e+00 -1.092787502267885902e+00
6.100000000000000000e+01 -1.479785291161519751e+02 -7.696245563589493521e+00 -2.078890164458071510e-01
6.200000000000000000e+01 -1.712552451675135785e+02 -8.000000000000000000e+00 -8.747116905335028392e-02
6.300000000000000000e+01 1.654621984172952978e+02 -8.000000000000000000e+00 -3.961019160588636900e-01
6.400000000000000000e+01 1.429130110477701976e+02 -7.871151264946640858e+00 -2.724901204597429683e-01
6.500000000000000000e+01 1.215423881832630144e+02 -7.459754643752646075e+00 -2.924028912890799248e-01
6.600000000000000000e+01 1.018772589966743283e+02 -6.864425042720138315e+00 5.040337404154762169e-01
6.700000000000000000e+01 8.453131435311613018e+01 -6.054876917975290596e+00 8.645923497993126539e-01
6.800000000000000000e+01 6.969571317711172753e+01 -5.178601740680389476e+00 1.466202190546758821e+00
6.900000000000000000e+01 5.750525061446051467e+01 -4.255274181187387761e+00 7.852403848054674285e-01
7.000000000000000000e+01 4.746442992417982509e+01 -3.504907612955365792e+00 1.453079299452527229e+00
7.100000000000000000e+01 3.963123059742482468e+01 -2.734302384337549796e+00 1.386734857648910690e+00
7.200000000000000000e+01 3.376440277559342462e+01 -2.047909242771307259e+00 1.566299048509506520e+00
7.300000000000000000e+01 2.976478504225584132e+01 -1.396129965357868707e+00 1.361457983926831261e+00
7.400000000000000000e+01 2.741685878719683345e+01 -8.195808748959922951e-01 1.434036904809814716e+00
7.500000000000000000e+01 2.667450719009810456e+01 -2.591295915362165081e-01 1.259814044221452489e+00
7.600000000000000000e+01 2.743806974508672880e+01 2.665336125898233322e-01 1.091386077343007299e+00
7.700000000000000000e+01 2.966066961358754384e+01 7.758337131946486664e-01 1.036818222116248300e+00
7.800000000000000000e+01 3.339206630617306359e+01 1.302503159672885547e+00 1.319245557084059328e+00
7.900000000000000000e+01 3.887287699474158842e+01 1.913163843880361981e+00 1.754129029916709159e+00
8.000000000000000000e+01 4.645591363069480906e+01 2.646979131934772411e+00 1.510954061528474668e+00
8.100000000000000000e+01 5.624562984756532558e+01 3.417255616405474150e+00 1.311980909832108910e+00
8.200000000000000000e+01 6.838552601319176460e+01 4.237623178808319402e+00 1.883669569393694454e+00
8.300000000000000000e+01 8.333237974882764831e+01 5.217436210017199372e+00 1.331756770991078254e+00
8.400000000000000000e+01 1.009855733732129153e+02 6.162127044751885663e+00 8.823499698882617537e-01
8.500000000000000000e+01 1.211271481780882056e+02 7.030735937636155342e+00 8.356858778824793887e-02
8.600000000000000000e+01 1.431438762497396340e+02 7.685287907331585622e+00 -4.085937115794062713e-01
8.700000000000000000e+01 1.662737658922522428e+02 8.000000000000000000e+00 -3.934857025131037744e-01
8.800000000000000000e+01 -1.704671861092265601e+02 8.000000000000000000e+00 2.051468013868369411e-01
8.900000000000000000e+01 -1.478165524678653640e+02 7.906562694094896315e+00 -2.614972285314207667e-01
9.000000000000000000e+01 -1.264226972492140249e+02 7.467864265208749686e+00 -4.704958501246925273e-01
9.100000000000000000e+01 -1.069599056648749524e+02 6.793795895523204287e+00 -3.753310400254008528e-01
9.200000000000000000e+01 -8.971354829479632542e+01 6.020114401669244941e+00 -1.083202068499125925e+00
9.300000000000000000e+01 -7.508122760585219169e+01 5.107643464595200911e+00 -1.213556542162315122e+00
9.400000000000000000e+01 -6.304656095731471765e+01 4.200891147938603964e+00 -1.134266726561247385e+00
9.500000000000000000e+01 -5.341451083312863091e+01 3.362219767683518157e+00 -7.995428587535391429e-01
9.600000000000000000e+01 -4.585129031749737294e+01 2.640062001042973616e+00 -3.409199192787446542e-01
9.700000000000000000e+01 -3.997625785067820914e+01 2.050773204151180362e+00 -7.688319743368294823e-01
9.800000000000000000e+01 -3.581201258056648840e+01 1.453595816481002112e+00 -7.906483481328780982e-01
9.900000000000000000e+01 -3.324472396878218206e+01 8.961527824918150698e-01 -8.929546959418419583e-01
1.000000000000000000e+02 -3.223904720662822854e+01 3.510474142076448478e-01 -6.096031291588734913e-01
1.010000000000000000e+02 -3.264150044337358025e+01 -1.404826813302922917e-01 -5.955302984031410896e-01
1.020000000000000000e+02 -3.445877320589292481e+01 -6.343478622555118740e-01 -7.238578500789483172e-01
1.030000000000000000e+02 -3.780280230624606475e+01 -1.167286361673322226e+00 -8.402944976730923887e-01
1.040000000000000000e+02 -4.282489142942610272e+01 -1.753039810561733969e+00 -4.398549369713959933e-01
1.050000000000000000e+02 -4.949652100395282872e+01 -2.328838050978395469e+00 -2.829258048247669244e-01
1.060000000000000000e+02 -5.792344622639097906e+01 -2.941551819018026315e+00 -1.267738493681595191e+00
1.070000000000000000e+02 -6.871572816501321768e+01 -3.767217072649494014e+00 -1.271887109574527885e+00
1.080000000000000000e+02 -8.205660156962618146e+01 -4.656843320044839807e+00 -1.085357595482534521e+00
1.090000000000000000e+02 -9.799184919490429024e+01 -5.562450763634206652e+00 -1.185771027316243398e+00
1.100000000000000000e+02 -1.165643686873442846e+02 -6.483032310678081167e+00 -1.277383834818889063e+00
1.110000000000000000e+02 -1.376075737617253196e+02 -7.345464274406539928e+00 -1.467912747712027954e+00
1.120000000000000000e+02 -1.607301586634548300e+02 -8.000000000000000000e+00 -1.031155140728195363e+00
1.130000000000000000e+02 1.751993502479054428e+02 -8.000000000000000000e+00 -1.144761324258710911e+00
1.140000000000000000e+02 1.519689273020004521e+02 -8.000000000000000000e+00 -1.500973947084529581e+00
1.150000000000000000e+02 1.294153508576640093e+02 -7.872683341078134056e+00 -9.685517695021363949e-01
1.160000000000000000e+02 1.081054934686875413e+02 -7.438543491361630622e+00 -2.053742449005344639e-01
1.170000000000000000e+02 8.874958923036626857e+01 -6.756485173188618631e+00 6.694757501152297507e-01
1.180000000000000000e+02 7.182945109330812272e+01 -5.906242407678478301e+00 1.461995866355346507e+00
1.190000000000000000e+02 5.757900617561942624e+01 -4.974343673755200257e+00 1.653982446547344276e+00
1.200000000000000000e+02 4.585300189808030069e+01 -4.093147654919943257e+00 1.594987501076382763e+00
1.210000000000000000e+02 3.635412622194940724e+01 -3.315733115721737789e+00 1.402110066392491694e+00
1.220000000000000000e+02 2.873139283766560226e+01 -2.660835911148857313e+00 1.163189263891202252e+00
1.230000000000000000e+02 2.264133990543486519e+01 -2.125829505763224603e+00 7.738403163734387524e-01
1.240000000000000000e+02 1.771094509542522033e+01 -1.721032457158177875e+00 7.748524732773033330e-01
1.250000000000000000e+02 1.376715252926074307e+01 -1.376643305904931447e+00 6.143131214696264664e-01
1.260000000000000000e+02 1.059865628840164931e+01 -1.106013834801084394e+00 6.535227644105571221e-01
1.270000000000000000e+02 8.106177590715150316e+00 -8.700391962089950582e-01 4.867291570351195418e-01
1.280000000000000000e+02 6.125823910218097801e+00 -6.912738415732365693e-01 5.159660096683971187e-01
1.290000000000000000e+02 4.596471285515999483e+00 -5.338447745013836787e-01 3.073353387256203550e-01
1.300000000000000000e+02 3.371369139173695295e+00 -4.276413225384562145e-01 3.876406113599311087e-01
1.310000000000000000e+02 2.439196675903126721e+00 -3.253895736099428060e-01 3.127395209931632114e-01
1.320000000000000000e+02 1.732856370642457344e+00 -2.465592793268129856e-01 3.597565793141033197e-01
1.330000000000000000e+02 1.246082275534216688e+00 -1.699162134610933406e-01 2.784610742755037061e-01
1.340000000000000000e+02 9.256924145849164676e-01 -1.118371592714504092e-01 2.089670230584927402e-01
1.350000000000000000e+02 7.298114725908442235e-01 -6.837534759409880092e-02 1.362929748392270879e-01
1.360000000000000000e+02 6.198653125319147916e-01 -3.837844985906689599e-02 5.176632946207126995e-03
1.370000000000000000e+02 5.353881423976196707e-01 -2.948809523221390325e-02 7.103947181207181938e-02
1.380000000000000000e+02 5.015146997834171172e-01 -1.182406205205914843e-02 -2.671571614534332118e-02
1.390000000000000000e+02 4.749675848967863101e-01 -9.266691233535408537e-03 -3.127011204087094820e-02
1.400000000000000000e+02 4.527942096097905544e-01 -7.739968100759973130e-03 3.675266297054713416e-02
1.410000000000000000e+02 4.633937339983255077e-01 3.699931994503963609e-03 -3.838540641922395802e-02
1.420000000000000000e+02 4.748754205961430719e-01 4.007864696276603085e-03 -5.360931371868531831e-02
1.430000000000000000e+02 4.811278259473425467e-01 2.182501190950152277e-03 -5.729826338602070357e-04
1.440000000000000000e+02 5.051760915831730037e-01 8.394428294792338763e-03 -5.544801629859461012e-02
1.450000000000000000e+02 5.243411853321644500e-01 6.689879747469057274e-03 6.078083780405280079e-03
1.460000000000000000e+02 5.657806631848707468e-01 1.446510657673734726e-02 -2.312250397392412449e-03
1.470000000000000000e+02 6.274429546822014592e-01 2.152420021906052000e-02 -2.700378043894627322e-03
1.480000000000000000e+02 7.114734847143124874e-01 2.933218842513482180e-02 2.453248847663375143e-03
1.490000000000000000e+02 8.232377908032071367e-01 3.901310254915996145e-02 3.739042508929868447e-03
1.500000000000000000e+02 9.674791870114100023e-01 5.034974563013581983e-02 0.000000000000000000e+00
0.000000000000000000e+00 5.905020198307892088e+01 8.261579133375969164e-01 -2.000000000000000000e+00
1.000000000000000000e+00 6.240020483807606411e+01 1.169371595418207566e+00 -2.000000000000000000e+00
2.000000000000000000e+00 6.679486424211496853e+01 1.534025522084216275e+00 -2.000000000000000000e+00
3.000000000000000000e+00 7.230485766616351384e+01 1.923350540257664942e+00 -2.000000000000000000e+00
4.000000000000000000e+00 7.900235035534515760e+01 2.337865981089377598e+00 -1.147133065100096827e+00
5.000000000000000000e+00 8.731603178656895636e+01 2.902022278735394423e+00 1.571266846273237094e-01
6.000000000000000000e+00 9.784346819914578930e+01 3.674768543876117288e+00 9.261702689720983095e-01
7.000000000000000000e+00 1.108973877496463558e+02 4.556677528933868793e+00 -2.037752990386503260e-01
8.000000000000000000e+00 1.258710002686487002e+02 5.226776787488653042e+00 -2.000000000000000000e+00
9.000000000000000000e+00 1.417262623170528570e+02 5.534530530223061184e+00 -2.000000000000000000e+00
1.000000000000000000e+01 1.580529667594010164e+02 5.699094970379198877e+00 -2.000000000000000000e+00
1.100000000000000000e+01 1.743232691725060306e+02 5.679406948077223127e+00 -2.000000000000000000e+00
1.200000000000000000e+01 -1.700533358110512836e+02 5.453593667531980493e+00 -2.000000000000000000e+00
1.300000000000000000e+01 -1.556605066576933041e+02 5.024045148062485033e+00 -2.000000000000000000e+00
1.400000000000000000e+01 -1.430126401238310052e+02 4.414938287373998627e+00 -2.000000000000000000e+00
1.500000000000000000e+01 -1.325168864770432435e+02 3.663709172292977101e+00 -2.000000000000000000e+00
1.600000000000000000e+01 -1.244642496313330042e+02 2.810900528501075968e+00 -2.000000000000000000e+00
1.700000000000000000e+01 -1.190425191945521419e+02 1.892540945548335074e+00 7.262365974560465176e-01
1.800000000000000000e+01 -1.151871387075574091e+02 1.345781668304019796e+00 2.000000000000000000e+00
1.900000000000000000e+01 -1.124166307551684127e+02 9.670897144374837051e-01 2.000000000000000000e+00
2.000000000000000000e+01 -1.107729203340327899e+02 5.737631759631938166e-01 2.000000000000000000e+00
2.100000000000000000e+01 -1.102786923214485313e+02 1.725181215036645233e-01 2.000000000000000000e+00
2.200000000000000000e+01 -1.109404451017615543e+02 -2.309952970137855166e-01 2.000000000000000000e+00
2.300000000000000000e+01 -1.127494436371839583e+02 -6.314596121375181115e-01 2.000000000000000000e+00
2.400000000000000000e+01 -1.156804469307359540e+02 -1.023113157185601807e+00 2.000000000000000000e+00
2.500000000000000000e+01 -1.196883780327510181e+02 -1.399031878464950696e+00 2.000000000000000000e+00
2.600000000000000000e+01 -1.247034228261903195e+02 -1.750580875610299181e+00 2.000000000000000000e+00
2.700000000000000000e+01 -1.306254097422074949e+02 -2.067163398890482284e+00 1.568954116180575564e+00
2.800000000000000000e+01 -1.375039320824137690e+02 -2.401057250171696467e+00 -6.443251792529292032e-02
2.900000000000000000e+01 -1.458616010745617757e+02 -2.917376834096376825e+00 -2.000000000000000000e+00
3.000000000000000000e+01 -1.562844831705205308e+02 -3.638272202432963454e+00 -1.628451632729764453e+00
3.100000000000000000e+01 -1.682712952538034585e+02 -4.184186753422548755e+00 4.202891786495739357e-01
3.200000000000000000e+01 1.794857375195354905e+02 -4.273601766379899303e+00 1.786537479193323508e+00
3.300000000000000000e+01 1.680297628082066126e+02 -3.998889554757909970e+00 2.000000000000000000e+00
3.400000000000000000e+01 1.578788503534468362e+02 -3.543336888345169022e+00 2.000000000000000000e+00
3.500000000000000000e+01 1.493964617180958498e+02 -2.960912202412475214e+00 2.000000000000000000e+00
3.600000000000000000e+01 1.428673461583979076e+02 -2.279091275198421584e+00 2.000000000000000000e+00
3.700000000000000000e+01 1.384946914325739442e+02 -1.526344440370364541e+00 2.000000000000000000e+00
3.800000000000000000e+01 1.364053224457899489e+02 -7.293273621687752506e-01 2.000000000000000000e+00
3.900000000000000000e+01 1.366569564563211543e+02 8.783683987535417792e-02 2.000000000000000000e+00
4.000000000000000000e+01 1.392427451081384504e+02 9.026105146983411931e-01 2.000000000000000000e+00
4.100000000000000000e+01 1.440906907503140815e+02 1.692252268273504168e+00 2.000000000000000000e+00
4.200000000000000000e+01 1.510582306489545772e+02 2.432130239906983515e+00 2.000000000000000000e+00
4.300000000000000000e+01 1.599249547814433186e+02 3.095070599559314406e+00 2.000000000000000000e+00
4.400000000000000000e+01 1.703886211064971405e+02 3.652508584044894757e+00 1.864661718802043122e+00
4.500000000000000000e+01 -1.779876945420126617e+02 4.057431262920922599e+00 1.448286261953728893e+00
4.600000000000000000e+01 -1.658171009548897814e+02 4.248338600348038341e+00 1.699370339960937670e+00
4.700000000000000000e+01 -1.534427004614679220e+02 4.319480631412432992e+00 2.000000000000000000e+00
4.800000000000000000e+01 -1.411694827023091250e+02 4.284161194231243641e+00 1.988433775017445448e+00
4.900000000000000000e+01 -1.293890059200156770e+02 4.112162146115352357e+00 2.000000000000000000e+00
5.000000000000000000e+01 -1.184096430667401449e+02 3.832520631216326024e+00 2.000000000000000000e+00
5.100000000000000000e+01 -1.084606771516500601e+02 3.472844247740257462e+00 2.000000000000000000e+00
5.200000000000000000e+01 -9.969030232815350701e+01 3.061438346080627593e+00 1.547596263508279169e+00
5.300000000000000000e+01 -9.237283256408528587e+01 2.554278805962458598e+00 5.364736484222976109e-03
5.400000000000000000e+01 -8.719980694677792599e+01 1.805726586240511411e+00 -8.605297434904763954e-01
5.500000000000000000e+01 -8.454259300247034048e+01 9.275426451614533496e-01 -2.000000000000000000e+00
5.600000000000000000e+01 -8.488366828995114588e+01 -1.190577352745211259e-01 -2.000000000000000000e+00
5.700000000000000000e+01 -8.822421133845911356e+01 -1.166069500021452932e+00 -2.000000000000000000e+00
5.800000000000000000e+01 -9.457175093796901422e+01 -2.215709308243399178e+00 -2.000000000000000000e+00
5.900000000000000000e+01 -1.039204827844042001e+02 -3.263323032126859591e+00 -2.000000000000000000e+00
6.000000000000000000e+01 -1.162141400762276220e+02 -4.291295937082552747e+00 -2.000000000000000000e+00
6.100000000000000000e+01 -1.312948418066180807e+02 -5.264157974130403872e+00 -2.000000000000000000e+00
6.200000000000000000e+01 -1.488492677943710589e+02 -6.127650635678936197e+00 -1.734340086826413607e+00
6.300000000000000000e+01 -1.682604193524613549e+02 -6.775770125846046987e+00 -1.870191237871934753e+00
6.400000000000000000e+01 1.710876131660955934e+02 -7.208896591319653879e+00 -1.774354697389600943e+00
6.500000000000000000e+01 1.500060412808545038e+02 -7.358856817866511690e+00 -1.791599231890758759e+00
6.600000000000000000e+01 1.292286859999146600e+02 -7.252665190180638710e+00 -8.460525169335202378e-01
6.700000000000000000e+01 1.097521256530869920e+02 -6.798602100310229268e+00 -5.038534853811262870e-01
6.800000000000000000e+01 9.208122628680604294e+01 -6.168307514603639241e+00 4.623817269263330587e-02
6.900000000000000000e+01 7.657737071822931796e+01 -5.411866528506426022e+00 1.074651518355018709e-01
7.000000000000000000e+01 6.320959628191209845e+01 -4.666233551553295555e+00 1.426298686410174765e+00
7.100000000000000000e+01 5.237269329406257867e+01 -3.782792757143704776e+00 1.509044213981227234e+00
7.200000000000000000e+01 4.388593628441431349e+01 -2.962437052701404117e+00 1.815822681141677108e+00
7.300000000000000000e+01 3.766892897372633797e+01 -2.170144943841265661e+00 1.716244414865005119e+00
7.400000000000000000e+01 3.350242321927903077e+01 -1.454384874367917968e+00 1.806853450633702840e+00
7.500000000000000000e+01 3.129831855956162912e+01 -7.693776674123560255e-01 1.571809894938826391e+00
7.600000000000000000e+01 3.088583003939470117e+01 -1.439856560718387746e-01 1.379579510395029018e+00
7.700000000000000000e+01 3.216910664645975970e+01 4.479480401421374047e-01 1.285802449254900948e+00
7.800000000000000000e+01 3.514886923474727354e+01 1.040133361867304984e+00 1.532260585227744887e+00
7.900000000000000000e+01 4.002402272671849204e+01 1.701749599499935650e+00 1.942659065388464557e+00
8.000000000000000000e+01 4.711575057467369732e+01 2.475480012043799416e+00 1.691934163652832002e+00
8.100000000000000000e+01 5.650887119500049494e+01 3.278817637233496729e+00 1.466393365180032493e+00
8.200000000000000000e+01 6.832399172111442454e+01 4.124255094013051348e+00 2.000000000000000000e+00
8.300000000000000000e+01 8.299520798307786151e+01 5.121220580867943184e+00 1.436044658223089909e+00
8.400000000000000000e+01 1.004160735281854073e+02 6.081029246187266146e+00 9.553832417066212557e-01
8.500000000000000000e+01 1.203606694174224145e+02 6.961977324938238176e+00 1.379764591109733374e-01
8.600000000000000000e+01 1.422184919715981266e+02 7.629819417740860032e+00 -3.695075184122544876e-01
8.700000000000000000e+01 1.652338693930739169e+02 8.000000000000000000e+00 -3.883481589727884042e-01
8.800000000000000000e+01 -1.714670785473396961e+02 8.000000000000000000e+00 2.271393037192801501e-01
8.900000000000000000e+01 -1.487699638362159078e+02 7.922787648239041580e+00 -2.397112554312261778e-01
9.000000000000000000e+01 -1.272898492903387364e+02 7.497974450621672560e+00 -4.545173249061709164e-01
9.100000000000000000e+01 -1.077144275651285028e+02 6.833111231426931553e+00 -3.619817689473299183e-01
9.200000000000000000e+01 -9.034127207182606867e+01 6.064375296381332880e+00 -1.081885920513056210e+00
9.300000000000000000e+01 -7.558157642546255772e+01 5.152105712426319428e+00 -1.226815356214355557e+00
9.400000000000000000e+01 -6.342998369328991970e+01 4.241706050756513413e+00 -1.157061749548275120e+00
9.500000000000000000e+01 -5.369727721501121920e+01 3.397355463522907737e+00 -8.252317792776011629e-01
9.600000000000000000e+01 -4.605073836676510268e+01 2.669145585671008458e+00 -3.682715039492348019e-01
9.700000000000000000e+01 -4.010934120000088399e+01 2.073938854573966317e+00 -7.946382276716161819e-01
9.800000000000000000e+01 -3.589364129324871300e+01 1.471556872976870434e+00 -8.157689155111635948e-01
9.900000000000000000e+01 -3.328817388987081216e+01 9.094796948466254971e-01 -9.146461019161704620e-01
1.000000000000000000e+02 -3.225500189594336575e+01 3.606450606685686067e-01 -6.273158006598016367e-01
1.010000000000000000e+02 -3.263807737707345780e+01 -1.337185685876235430e-01 -6.098815280194924693e-01
1.020000000000000000e+02 -3.444203127729956293e+01 -6.296987022627742459e-01 -7.351304658291177851e-01
1.030000000000000000e+02 -3.777706785271158196e+01 -1.164147378307518466e+00 -8.486286097248638693e-01
1.040000000000000000e+02 -4.279298313513531582e+01 -1.750884733587910080e+00 -4.463674214258070982e-01
1.050000000000000000e+02 -4.946035957722610021e+01 -2.327353427687787413e+00 -2.878450521142277285e-01
1.060000000000000000e+02 -5.788426448380561595e+01 -2.940497529894356532e+00 -1.270767013826618275e+00
1.070000000000000000e+02 -6.867404680892002489e+01 -3.766344542934709327e+00 -1.273753381535134510e+00
1.080000000000000000e+02 -8.201265466125066439e+01 -4.656052493110781398e+00 -1.086175965046619396e+00
1.090000000000000000e+02 -9.794576003049948554e+01 -5.561702975211574973e+00 -1.185737845731400952e+00
1.100000000000000000e+02 -1.165163626152198901e+02 -6.482363183654798355e+00 -1.277102466507145984e+00
1.110000000000000000e+02 -1.375583342652292629e+02 -7.345033728079334523e+00 -1.467845925334485990e+00
1.120000000000000000e+02 -1.606810202011026831e+02 -8.000000000000000000e+00 -1.031120702214368023e+00
1.130000000000000000e+02 1.752467643149841479e+02 -8.000000000000000000e+00 -1.145390244146688996e+00
1.140000000000000000e+02 1.520142992592628559e+02 -8.000000000000000000e+00 -1.502418774712981797e+00
1.150000000000000000e+02 1.294585997731980456e+02 -7.873424422444477599e+00 -9.699802011355069808e-01
1.160000000000000000e+02 1.081449752829435624e+02 -7.439858457772769107e+00 -2.072013342012510861e-01
1.170000000000000000e+02 8.878405821220570715e+01 -6.758234981799029484e+00 6.681974257985467958e-01
1.180000000000000000e+02 7.185838574149964586e+01 -5.908174254559683369e+00 1.461265919688923276e+00
1.190000000000000000e+02 5.760243092726829417e+01 -4.976266990477468788e+00 1.654096859239677864e+00
1.200000000000000000e+02 4.587143672391630389e+01 -4.094889467617229606e+00 1.595591267833004423e+00
1.210000000000000000e+02 3.636831198754273942e+01 -3.317216317548739468e+00 1.402932422372105803e+00
1.220000000000000000e+02 2.874211131433991184e+01 -2.662046223303947468e+00 1.163986871135014312e+00
1.230000000000000000e+02 2.264928627842087394e+01 -2.126797152494580789e+00 7.745891333833369030e-01
1.240000000000000000e+02 1.771671616095497015e+01 -1.721791782705268448e+00 7.755191172367311703e-01
1.250000000000000000e+02 1.377124091077904389e+01 -1.377230673430338781e+00 6.149153838647223314e-01
1.260000000000000000e+02 1.060146969752755730e+01 -1.106458884123475039e+00 6.540168368568320956e-01
1.270000000000000000e+02 8.108032041894949415e+00 -8.703739356799506943e-01 4.871497851862593986e-01
1.280000000000000000e+02 6.126969002014973853e+00 -6.915214547094661324e-01 5.163155346429240122e-01
1.290000000000000000e+02 4.597099910925617650e+00 -5.340250552800460682e-01 3.076201081375558033e-01
1.300000000000000000e+02 3.371627166462786374e+00 -4.277706856865503005e-01 3.878766740883372588e-01
1.310000000000000000e+02 2.439195204833140007e+00 -3.254801556253351658e-01 3.129263829444833278e-01
1.320000000000000000e+02 1.732675644106948409e+00 -2.466218512883213143e-01 3.599073895171610027e-01
1.330000000000000000e+02 1.245780325298212921e+00 -1.699585285151981318e-01 2.785839184804763669e-01
1.340000000000000000e+02 9.253107086002403392e-01 -1.118649992796763720e-01 2.090640887020726590e-01
1.350000000000000000e+02 7.293774096382884542e-01 -6.839362362360899839e-02 1.363729893959357842e-01
1.360000000000000000e+02 6.193970002934228170e-01 -3.839040511518086729e-02 5.243224897026887987e-03
1.370000000000000000e+02 5.348966359742246546e-01 -2.949619153009486877e-02 7.109355752241980353e-02
1.380000000000000000e+02 5.010048101101921558e-01 -1.183047901679880679e-02 -2.666894720776938343e-02
1.390000000000000000e+02 4.744402893132321775e-01 -9.272767042429189838e-03 -3.123400450807418960e-02
1.400000000000000000e+02 4.522452512794855606e-01 -7.747529825884901661e-03 3.678355517531317620e-02
1.410000000000000000e+02 4.628158025730455538e-01 3.689818476471319955e-03 -3.835898755518450665e-02
1.420000000000000000e+02 4.742581970259332480e-01 3.994149150296482514e-03 -5.358425649053513706e-02
1.430000000000000000e+02 4.804589326929080140e-01 2.164465068691125670e-03 -5.530413441814790998e-04
1.440000000000000000e+02 5.044390151686555246e-01 8.370627882031762140e-03 -5.543052720806793121e-02
1.450000000000000000e+02 5.235158018478771602e-01 6.659054765060254052e-03 6.092819492546835969e-03
1.460000000000000000e+02 5.648423542500453642e-01 1.442568815831612658e-02 -2.299412749872303818e-03
1.470000000000000000e+02 6.263620519971303535e-01 2.147442561036741471e-02 -2.690007366062688310e-03
1.480000000000000000e+02 7.102139133251187397e-01 2.926982128198202943e-02 2.460492663706376204e-03
1.490000000000000000e+02 8.217554332185683652e-01 3.893533549638904939e-02 3.743180317607952556e-03
1.500000000000000000e+02 9.657202386417649276e-01 5.025319723255532861e-02 0.000000000000000000e+00
0.000000000000000000e+00 9.711256224772915502e+00 5.255224009726344736e-01 -2.000000000000000000e+00
1.000000000000000000e+00 1.071976126741580693e+01 3.520346703416851741e-01 -2.000000000000000000e+00
2.000000000000000000e+00 1.126847951108273094e+01 1.915388003549669260e-01 -2.000000000000000000e+00
3.000000000000000000e+00 1.137761015928336050e+01 3.809378251873241084e-02 -2.000000000000000000e+00
4.000000000000000000e+00 1.105116595530940238e+01 -1.139505236679498323e-01 -2.000000000000000000e+00
5.000000000000000000e+00 1.027713899569850931e+01 -2.701863788882246653e-01 -2.000000000000000000e+00
6.000000000000000000e+00 9.027004801346162566e+00 -4.363791556643036862e-01 -2.000000000000000000e+00
7.000000000000000000e+00 7.254547887350847546e+00 -6.187041799791238583e-01 -7.829480537165933729e-01
8.000000000000000000e+00 5.416963073474622803e+00 -6.414381057357462224e-01 6.325925474112055191e-01
9.000000000000000000e+00 4.054048510150650486e+00 -4.757469310676812890e-01 1.153004343523548858e+00
1.000000000000000000e+01 3.338501064295698040e+00 -2.497731776880955101e-01 1.557657309757199737e+00
1.100000000000000000e+01 3.417430501948006238e+00 2.755157127560739494e-02 1.960834061655663429e+00
1.200000000000000000e+01 4.467043981333683966e+00 3.663842217718741301e-01 2.000000000000000000e+00
1.300000000000000000e+01 6.543438648973165961e+00 7.247984704232465214e-01 2.000000000000000000e+00
1.400000000000000000e+01 9.724115906575024226e+00 1.110265811769124866e+00 2.000000000000000000e+00
1.500000000000000000e+01 1.412713613007818125e+01 1.536943998640533993e+00 1.039340326129599923e+00
1.600000000000000000e+01 1.950119604762136305e+01 1.875900795211669303e+00 -2.000000000000000000e+00
1.700000000000000000e+01 2.473307620921424999e+01 1.826270697791379183e+00 -2.000000000000000000e+00
1.800000000000000000e+01 3.000447214342393920e+01 1.840064304564028808e+00 -2.000000000000000000e+00
1.900000000000000000e+01 3.549087248465308164e+01 1.915115000739777695e+00 -2.000000000000000000e+00
2.000000000000000000e+01 4.136525102964714051e+01 2.050544942373202950e+00 -2.000000000000000000e+00
2.100000000000000000e+01 4.780010436709903132e+01 2.246187552429625089e+00 -2.000000000000000000e+00
2.200000000000000000e+01 5.496721027122653425e+01 2.501791917322997882e+00 -2.000000000000000000e+00
2.300000000000000000e+01 6.303419722578583873e+01 2.815909661449803814e+00 -2.000000000000000000e+00
2.400000000000000000e+01 7.215673859300859760e+01 3.184367660148446966e+00 -2.000000000000000000e+00
2.500000000000000000e+01 8.246508409489348423e+01 3.598291388820773484e+00 -2.000000000000000000e+00
2.600000000000000000e+01 9.404403183616879858e+01 4.041815240032290646e+00 -2.000000000000000000e+00
2.700000000000000000e+01 1.069067849406421118e+02 4.489947850883637237e+00 -2.000000000000000000e+00
2.800000000000000000e+01 1.209658291286359031e+02 4.907532215277279342e+00 -2.000000000000000000e+00
2.900000000000000000e+01 1.360077988451100168e+02 5.250637950755025152e+00 -2.000000000000000000e+00
3.000000000000000000e+01 1.516826587104765167e+02 5.471558288787215396e+00 -2.000000000000000000e+00
3.100000000000000000e+01 1.675172764155336722e+02 5.527324294956694750e+00 -2.000000000000000000e+00
3.200000000000000000e+01 -1.770431347368896127e+02 5.389433210888229020e+00 -2.000000000000000000e+00
3.300000000000000000e+01 -1.625738158173178931e+02 5.050745113352699711e+00 -2.000000000000000000e+00
3.400000000000000000e+01 -1.496073870721255332e+02 4.526137476576875152e+00 -2.000000000000000000e+00
3.500000000000000000e+01 -1.385874160427651418e+02 3.846695558734542164e+00 -1.742015661502511303e+00
3.600000000000000000e+01 -1.297372642506520322e+02 3.089285761473005376e+00 5.945988116013944946e-01
3.700000000000000000e+01 -1.222838349931309949e+02 2.601737622164371544e+00 1.470348204714639895e+00
3.800000000000000000e+01 -1.160150165681079528e+02 2.188230434526739820e+00 1.879440454481878575e+00
3.900000000000000000e+01 -1.108694626328868225e+02 1.796137160171195291e+00 2.000000000000000000e+00
4.000000000000000000e+01 -1.068721042481119667e+02 1.395341303930461851e+00 2.000000000000000000e+00
4.100000000000000000e+01 -1.040714147833533048e+02 9.776250497191241173e-01 2.000000000000000000e+00
4.200000000000000000e+01 -1.024954085014769589e+02 5.501299730171220759e-01 2.000000000000000000e+00
4.300000000000000000e+01 -1.021576643156293898e+02 1.178949614501589305e-01 2.000000000000000000e+00
4.400000000000000000e+01 -1.030608860694497793e+02 -3.152838695960661908e-01 2.000000000000000000e+00
4.500000000000000000e+01 -1.051976797990098333e+02 -7.458817203358352188e-01 2.000000000000000000e+00
4.600000000000000000e+01 -1.085484861076247256e+02 -1.169652053638550182e+00 2.000000000000000000e+00
4.700000000000000000e+01 -1.130768384260879884e+02 -1.580693152950052305e+00 2.000000000000000000e+00
4.800000000000000000e+01 -1.187224155221308166e+02 -1.970678170022539977e+00 2.000000000000000000e+00
4.900000000000000000e+01 -1.253927811088595945e+02 -2.328396836002813330e+00 2.000000000000000000e+00
5.000000000000000000e+01 -1.329552436474946546e+02 -2.639797417158215698e+00 2.000000000000000000e+00
5.100000000000000000e+01 -1.412307941711375463e+02 -2.888712081054198411e+00 2.000000000000000000e+00
5.200000000000000000e+01 -1.499923236108520541e+02 -3.058350724668649434e+00 2.000000000000000000e+00
5.300000000000000000e+01 -1.589689615121484110e+02 -3.133437742738706788e+00 2.000000000000000000e+00
5.400000000000000000e+01 -1.678572356557045850e+02 -3.102592972498686930e+00 2.000000000000000000e+00
5.500000000000000000e+01 -1.763380257267549496e+02 -2.960354198205440213e+00 2.000000000000000000e+00
5.600000000000000000e+01 1.759033903338784626e+02 -2.708256700686002549e+00 2.000000000000000000e+00
5.700000000000000000e+01 1.691577350925250016e+02 -2.354677883320596798e+00 2.000000000000000000e+00
5.800000000000000000e+01 1.636756792378814680e+02 -1.913598488835237976e+00 2.000000000000000000e+00
5.900000000000000000e+01 1.596569735615988463e+02 -1.402792914394338508e+00 -2.648278439950801921e-01
6.000000000000000000e+01 1.562714026399861780e+02 -1.181787192838399392e+00 -2.000000000000000000e+00
6.100000000000000000e+01 1.528909985450600288e+02 -1.179983630087207747e+00 -2.000000000000000000e+00
6.200000000000000000e+01 1.496302382618675040e+02 -1.138220061199434197e+00 -2.000000000000000000e+00
6.300000000000000000e+01 1.465963230618982323e+02 -1.059036189315327281e+00 -2.000000000000000000e+00
6.400000000000000000e+01 1.438858446465730765e+02 -9.461354530332501955e-01 -2.000000000000000000e+00
6.500000000000000000e+01 1.415823008235323641e+02 -8.040884835207511294e-01 -2.000000000000000000e+00
6.600000000000000000e+01 1.397544333813355308e+02 -6.380461031268451766e-01 -2.000000000000000000e+00
6.700000000000000000e+01 1.384552589938548977e+02 -4.534974123823575787e-01 -2.000000000000000000e+00
6.800000000000000000e+01 1.377216040250862363e+02 -2.560938955725763910e-01 -2.000000000000000000e+00
6.900000000000000000e+01 1.375739421698984302e+02 -5.154371105260591168e-02 -2.000000000000000000e+00
7.000000000000000000e+01 1.380163656022036776e+02 1.544349116340113792e-01 -2.000000000000000000e+00
7.100000000000000000e+01 1.390365846959757903e+02 3.561236455607222906e-01 -2.000000000000000000e+00
7.200000000000000000e+01 1.406059344092183210e+02 5.478063922262237373e-01 -2.000000000000000000e+00
7.300000000000000000e+01 1.426794521906030582e+02 7.237942476762371236e-01 -2.000000000000000000e+00
7.400000000000000000e+01 1.451961678082963374e+02 8.784994773022150039e-01 -2.000000000000000000e+00
7.500000000000000000e+01 1.480797951883139660e+02 1.006575843639306855e+00 -2.000000000000000000e+00
7.600000000000000000e+01 1.512400272909851537e+02 1.103129106376713242e+00 -2.000000000000000000e+00
7.700000000000000000e+01 1.545745990525449827e+02 1.163985127664918684e+00 -2.000000000000000000e+00
7.800000000000000000e+01 1.579722009708579549e+02 1.185986802932735396e+00 -2.000000000000000000e+00
7.900000000000000000e+01 1.613162092863823318e+02 1.167279106399394362e+00 -2.000000000000000000e+00
8.000000000000000000e+01 1.644890715422126561e+02 1.107537861529881873e+00 -2.000000000000000000e+00
8.100000000000000000e+01 1.673770781724475967e+02 1.008104490340525405e+00 -2.000000000000000000e+00
8.200000000000000000e+01 1.698751877045956746e+02 8.720047282287803903e-01 -9.430485657165681435e-01
8.300000000000000000e+01 1.723457594707915916e+02 8.623922345386021426e-01 1.975185549070609614e+00
8.400000000000000000e+01 1.759512857158861721e+02 1.258566084879384483e+00 2.000000000000000000e+00
8.500000000000000000e+01 -1.794320508822964371e+02 1.611519536360720428e+00 2.000000000000000000e+00
8.600000000000000000e+01 -1.739772485309091508e+02 1.904085221544730810e+00 2.000000000000000000e+00
8.700000000000000000e+01 -1.678884469672863986e+02 2.125392695715919267e+00 2.000000000000000000e+00
8.800000000000000000e+01 -1.613910170264477131e+02 2.268030907705915311e+00 2.000000000000000000e+00
8.900000000000000000e+01 -1.547197829859042315e+02 2.328699983572161347e+00 2.000000000000000000e+00
9.000000000000000000e+01 -1.481066590652496870e+02 2.308415725156352405e+00 2.000000000000000000e+00
9.100000000000000000e+01 -1.417692846800304380e+02 2.212160979072547384e+00 2.000000000000000000e+00
9.200000000000000000e+01 -1.359020857454724194e+02 2.048038785550824858e+00 2.000000000000000000e+00
9.300000000000000000e+01 -1.306706264294228390e+02 1.826123794983911974e+00 2.000000000000000000e+00
9.400000000000000000e+01 -1.262093696650804304e+02 1.557272386292875233e+00 2.000000000000000000e+00
9.500000000000000000e+01 -1.226222969227254112e+02 1.252124597252738614e+00 2.000000000000000000e+00
9.600000000000000000e+01 -1.199854231203231620e+02 9.204425962300339936e-01 2.000000000000000000e+00
9.700000000000000000e+01 -1.183501209035445498e+02 5.708281589589807581e-01 2.000000000000000000e+00
9.800000000000000000e+01 -1.177462765672388514e+02 2.107814367610766904e-01 2.000000000000000000e+00
9.900000000000000000e+01 -1.181845376679309538e+02 -1.529819838098251394e-01 2.000000000000000000e+00
1.000000000000000000e+02 -1.196571973198633003e+02 -5.140551937498722967e-01 2.000000000000000000e+00
1.010000000000000000e+02 -1.221375495090534429e+02 -8.658062462083473410e-01 2.000000000000000000e+00
1.020000000000000000e+02 -1.255778355049466342e+02 -1.200886356771770469e+00 2.000000000000000000e+00
1.030000000000000000e+02 -1.299061900919836603e+02 -1.510880774751903077e+00 2.000000000000000000e+00
1.040000000000000000e+02 -1.350232837800665209e+02 -1.786202659801320092e+00 2.000000000000000000e+00
1.050000000000000000e+02 -1.407996070290811872e+02 -2.016317187096037244e+00 2.000000000000000000e+00
1.060000000000000000e+02 -1.470744779391904160e+02 -2.190343150380383630e+00 2.000000000000000000e+00
1.070000000000000000e+02 -1.536577757539458275e+02 -2.298004450136596155e+00 1.492387108100381665e+00
1.080000000000000000e+02 -1.605531657919225097e+02 -2.406945187438201739e+00 7.435731128667737444e-01
1.090000000000000000e+02 -1.678443638101429656e+02 -2.545108236656654199e+00 -1.492927919551663596e+00
1.100000000000000000e+02 -1.762295248486057346e+02 -2.926973368622449279e+00 -2.000000000000000000e+00
1.110000000000000000e+02 1.743845866323109419e+02 -3.276293157662769850e+00 -2.000000000000000000e+00
1.120000000000000000e+02 1.643495024672389775e+02 -3.502905187905028139e+00 -2.000000000000000000e+00
1.130000000000000000e+02 1.540346041878977132e+02 -3.600578739656059124e+00 -2.000000000000000000e+00
1.140000000000000000e+02 1.438009833391464554e+02 -3.572207564228929488e+00 -2.000000000000000000e+00
1.150000000000000000e+02 1.339768664948419428e+02 -3.429263700674980431e+00 -2.000000000000000000e+00
1.160000000000000000e+02 1.248394829997784541e+02 -3.189548540124896636e+00 -2.000000000000000000e+00
1.170000000000000000e+02 1.166061317888078577e+02 -2.873981742089978031e+00 -2.000000000000000000e+00
1.180000000000000000e+02 1.094344133156571388e+02 -2.503402007651608585e+00 -2.000000000000000000e+00
1.190000000000000000e+02 1.034294295346227983e+02 -2.096134770158148530e+00 -2.000000000000000000e+00
1.200000000000000000e+02 9.865485123521165178e+01 -1.666642234379926091e+00 -2.000000000000000000e+00
1.210000000000000000e+02 9.514496147222779143e+01 -1.225182654922233327e+00 -2.000000000000000000e+00
1.220000000000000000e+02 9.291557007456010808e+01 -7.782044040987865507e-01 -2.000000000000000000e+00
1.230000000000000000e+02 9.197255251804492104e+01 -3.291752253060417632e-01 -2.000000000000000000e+00
1.240000000000000000e+02 9.231741681152900014e+01 1.203803478772255686e-01 -2.000000000000000000e+00
1.250000000000000000e+02 9.394967891757711698e+01 5.697669601215338275e-01 -2.000000000000000000e+00
1.260000000000000000e+02 9.686599300783383626e+01 1.017985657945659206e+00 -2.000000000000000000e+00
1.270000000000000000e+02 1.010560534521351741e+02 1.462607012212688851e+00 -2.000000000000000000e+00
1.280000000000000000e+02 1.064953911631309182e+02 1.898687043695358012e+00 -2.000000000000000000e+00
1.290000000000000000e+02 1.131354534160976471e+02 2.317818977033234695e+00 -2.000000000000000000e+00
1.300000000000000000e+02 1.208918778484559056e+02 2.707502890535678830e+00 -2.000000000000000000e+00
1.310000000000000000e+02 1.296326531460730109e+02 3.051106162408107725e+00 -2.000000000000000000e+00
1.320000000000000000e+02 1.391687293436122843e+02 3.328718547362429003e+00 -2.000000000000000000e+00
1.330000000000000000e+02 1.492501904363576557e+02 3.519093789602252720e+00 -2.000000000000000000e+00
1.340000000000000000e+02 1.595707687963085561e+02 3.602561461824385081e+00 -2.000000000000000000e+00
1.350000000000000000e+02 1.697818768053697340e+02 3.564349100697622674e+00 -2.000000000000000000e+00
1.360000000000000000e+02 1.795146997903785859e+02 3.397396132043742689e+00 -2.000000000000000000e+00
1.370000000000000000e+02 -1.715937153770508985e+02 3.103748620974894123e+00 -2.000000000000000000e+00
1.380000000000000000e+02 -1.638756731677400467e+02 2.694104967207435308e+00 -1.555530912236558594e+00
1.390000000000000000e+02 -1.574227835239221349e+02 2.252483411049334805e+00 -9.235853402333895623e-01
1.400000000000000000e+02 -1.521916803584465754e+02 1.825999474980920967e+00 -3.655798943422203240e-02
1.410000000000000000e+02 -1.479786372777739416e+02 1.470629465722056661e+00 2.112246199617386355e-01
1.420000000000000000e+02 -1.448140865462648321e+02 1.104636592224583769e+00 2.915910657322304256e-01
1.430000000000000000e+02 -1.427623198020797020e+02 7.162017033790810672e-01 3.886176594328581979e-01
1.440000000000000000e+02 -1.418437188008238934e+02 3.206522396806064101e-01 1.934325317357706020e-01
1.450000000000000000e+02 -1.421694146932892693e+02 -1.136893136748327038e-01 5.693886152959695135e-01
1.460000000000000000e+02 -1.435682269591954707e+02 -4.882775931469072184e-01 5.174638180661307318e-01
1.470000000000000000e+02 -1.460206492681577686e+02 -8.560568788150708652e-01 4.271246375795597627e-01
1.480000000000000000e+02 -1.494903634917880595e+02 -1.211158746112551476e+00 4.374735576988246777e-01
1.490000000000000000e+02 -1.538628913825243956e+02 -1.526300166572645889e+00 3.666884839847774913e-01
1.500000000000000000e+02 -1.590243456398455066e+02 -1.801687419626635034e+00 0.000000000000000000e+00
0.000000000000000000e+00 2.054801854196656663e+01 -6.291274367682806457e-01 -2.000000000000000000e+00
1.000000000000000000e+00 1.864040358468308156e+01 -6.658832372977524505e-01 -2.000000000000000000e+00
2.000000000000000000e+00 1.656010109545563580e+01 -7.261625574890575585e-01 -2.000000000000000000e+00
3.000000000000000000e+00 1.423275557809317426e+01 -8.123968421901158754e-01 -2.000000000000000000e+00
4.000000000000000000e+00 1.157422950573010745e+01 -9.280006642569718078e-01 -2.000000000000000000e+00
5.000000000000000000e+00 8.487354400623436490e+00 -1.077522683639148493e+00 -2.000000000000000000e+00
6.000000000000000000e+00 4.858155672526436319e+00 -1.266829340289662209e+00 -2.000000000000000000e+00
7.000000000000000000e+00 5.514828702753726830e-01 -1.503312404107433720e+00 -7.670528758478161180e-01
8.000000000000000000e+00 -4.064126337033241221e+00 -1.611151553058016495e+00 6.232834145454257957e-01
9.000000000000000000e+00 -8.564176194305108680e+00 -1.570813730265899766e+00 1.302646592255547020e+00
1.000000000000000000e+01 -1.282441696377090956e+01 -1.487104567097498720e+00 1.943288860151002329e+00
1.100000000000000000e+01 -1.672650096668111530e+01 -1.362084270803660235e+00 2.000000000000000000e+00
1.200000000000000000e+01 -2.038752051862139325e+01 -1.277936903224905940e+00 2.000000000000000000e+00
1.300000000000000000e+01 -2.393760374915293099e+01 -1.239212821852247126e+00 2.000000000000000000e+00
1.400000000000000000e+01 -2.750002318957307423e+01 -1.243518971447708843e+00 2.000000000000000000e+00
1.500000000000000000e+01 -3.119511596118897145e+01 -1.289830700626805493e+00 2.000000000000000000e+00
1.600000000000000000e+01 -3.514364392401328274e+01 -1.378296271166969289e+00 2.000000000000000000e+00
1.700000000000000000e+01 -3.946952538823840939e+01 -1.510017492034433362e+00 2.000000000000000000e+00
1.800000000000000000e+01 -4.430176056033779730e+01 -1.686768279676182258e+00 2.000000000000000000e+00
1.900000000000000000e+01 -4.977521559738985246e+01 -1.910596237128532326e+00 2.000000000000000000e+00
2.000000000000000000e+01 -5.602971972196809958e+01 -2.183233801069119462e+00 2.000000000000000000e+00
2.100000000000000000e+01 -6.320667340254624378e+01 -2.505229439784281809e+00 2.000000000000000000e+00
2.200000000000000000e+01 -7.144210572008945803e+01 -2.874708185325527410e+00 2.000000000000000000e+00
2.300000000000000000e+01 -8.085497178979619548e+01 -3.285710099312815213e+00 2.000000000000000000e+00
2.400000000000000000e+01 -9.152968259361483661e+01 -3.726177004496911138e+00 2.000000000000000000e+00
2.500000000000000000e+01 -1.034927827420392532e+02 -4.175909726716572123e+00 2.000000000000000000e+00
2.600000000000000000e+01 -1.166857353336798582e+02 -4.605209215672943834e+00 2.000000000000000000e+00
2.700000000000000000e+01 -1.309389819034274183e+02 -4.975321634813645311e+00 2.000000000000000000e+00
2.800000000000000000e+01 -1.459558548048206887e+02 -5.241877509656525547e+00 2.000000000000000000e+00
2.900000000000000000e+01 -1.613161403315604332e+02 -5.361751129760797596e+00 -2.704088256900653020e-01
3.000000000000000000e+01 -1.774809185742516320e+02 -5.642572063794089487e+00 3.755722105791037269e-01
3.100000000000000000e+01 1.664212583300781318e+02 -5.619200308460647442e+00 2.000000000000000000e+00
3.200000000000000000e+01 1.516873214573015787e+02 -5.143114204218949936e+00 2.000000000000000000e+00
3.300000000000000000e+01 1.388318618772178752e+02 -4.487401930590158017e+00 2.000000000000000000e+00
3.400000000000000000e+01 1.282501944981656834e+02 -3.693698722306788085e+00 2.000000000000000000e+00
3.500000000000000000e+01 1.202152847608123949e+02 -2.804712600347362361e+00 2.000000000000000000e+00
3.600000000000000000e+01 1.148964970232778171e+02 -1.856607164693579559e+00 2.000000000000000000e+00
3.700000000000000000e+01 1.123860685521779885e+02 -8.763048491299848530e-01 2.000000000000000000e+00
3.800000000000000000e+01 1.127217477608110130e+02 1.171741484226966890e-01 2.000000000000000000e+00
3.900000000000000000e+01 1.158987065083697416e+02 1.108967806898705888e+00 2.000000000000000000e+00
4.000000000000000000e+01 1.218679055416978372e+02 2.083643536768766236e+00 2.000000000000000000e+00
4.100000000000000000e+01 1.305212705278643170e+02 3.020594207707968160e+00 2.000000000000000000e+00
4.200000000000000000e+01 1.416673560357530164e+02 3.890717816429640319e+00 4.326428731016740414e-02
4.300000000000000000e+01 1.541646455716185073e+02 4.362376999517738163e+00 -2.109079654149694782e-01
4.400000000000000000e+01 1.675076314833412710e+02 4.657580724135591765e+00 -3.677484119183298539e-01
4.500000000000000000e+01 -1.788426498805752090e+02 4.764650643409750863e+00 -6.446039556022808981e-02
4.600000000000000000e+01 -1.652640287372088324e+02 4.739832936653197493e+00 7.393267422274467648e-01
4.700000000000000000e+01 -1.519142322119181188e+02 4.659958076752428902e+00 1.385716494252366981e+00
4.800000000000000000e+01 -1.389805092904142043e+02 4.514720990418068070e+00 1.564968012618471072e+00
4.900000000000000000e+01 -1.267844454445392586e+02 4.257229397879208399e+00 2.000000000000000000e+00
5.000000000000000000e+01 -1.154497390534977228e+02 3.956558925410374350e+00 2.000000000000000000e+00
5.100000000000000000e+01 -1.051956939237174140e+02 3.579336983255113402e+00 1.742410429877863542e+00
5.200000000000000000e+01 -9.626637185825869381e+01 3.116921400264705433e+00 1.075085369491943776e+00
5.300000000000000000e+01 -8.901082018939560214e+01 2.532665313404606433e+00 -3.391345619977982340e-01
5.400000000000000000e+01 -8.404927239764705860e+01 1.731906899221318463e+00 -1.100866998951773423e+00
5.500000000000000000e+01 -8.169780122230375241e+01 8.208182855096362029e-01 -2.000000000000000000e+00
5.600000000000000000e+01 -8.233184176405896437e+01 -2.213219008951421429e-01 -2.000000000000000000e+00
5.700000000000000000e+01 -8.595469696726661368e+01 -1.264615032379634574e+00 -2.000000000000000000e+00
5.800000000000000000e+01 -9.258022755671105131e+01 -2.312746469548123684e+00 -2.000000000000000000e+00
5.900000000000000000e+01 -1.022116082526909793e+02 -3.361986093157455446e+00 -2.000000000000000000e+00
6.000000000000000000e+01 -1.148024013155148708e+02 -4.395015887670767896e+00 -2.000000000000000000e+00
6.100000000000000000e+01 -1.302030364825783977e+02 -5.375835811273711684e+00 -1.940850466948594200e+00
6.200000000000000000e+01 -1.480787030353257592e+02 -6.239784746681324101e+00 -1.646284242520677843e+00
6.300000000000000000e+01 -1.677978843081584728e+02 -6.883292780170742198e+00 -1.788168122981099728e+00
6.400000000000000000e+01 1.712603975134864811e+02 -7.310038664740897474e+00 -1.679528162592640150e+00
6.500000000000000000e+01 1.499234209460192062e+02 -7.448009870463623727e+00 -1.698354511385767651e+00
6.600000000000000000e+01 1.289334121697146145e+02 -7.326895263380434287e+00 -7.468485732584717596e-01
6.700000000000000000e+01 1.092938085591613344e+02 -6.855514935814415622e+00 -3.891214291075413279e-01
6.800000000000000000e+01 9.151491197921566823e+01 -6.206005653832225910e+00 1.856856699269373578e-01
6.900000000000000000e+01 7.596364869043445367e+01 -5.428414944675071574e+00 2.237600455443757852e-01
7.000000000000000000e+01 6.259297837199310521e+01 -4.667244405109605587e+00 1.511909726067197424e+00
7.100000000000000000e+01 5.177943500666835064e+01 -3.774638710642093553e+00 1.583612310159665970e+00
7.200000000000000000e+01 4.333440751010795822e+01 -2.947870704728668301e+00 1.876092730005920473e+00
7.300000000000000000e+01 3.717005388771838170e+01 -2.151765339358750584e+00 1.758924105568021812e+00
7.400000000000000000e+01 3.305968421860849560e+01 -1.434789684001544385e+00 1.837529602728446898e+00
7.500000000000000000e+01 3.091101810133112693e+01 -7.500259654506463702e-01 1.596205329171260567e+00
7.600000000000000000e+01 3.055201570044123827e+01 -1.253154783618563028e-01 1.395748943956731658e+00
7.700000000000000000e+01 3.188496519241178007e+01 4.652871479534379517e-01 1.296169946905250336e+00
7.800000000000000000e+01 3.490982223346308189e+01 1.055874295369569449e+00 1.536740676910632430e+00
7.900000000000000000e+01 3.982465490155168908e+01 1.715600244854477818e+00 1.943097652277623100e+00
8.000000000000000000e+01 4.695051688323469108e+01 2.487395072461122680e+00 1.686448499657931421e+00
8.100000000000000000e+01 5.637119112812746380e+01 3.288435666624199172e+00 1.458629055259251128e+00
8.200000000000000000e+01 6.820767465638161298e+01 4.131712188522191909e+00 2.000000000000000000e+00
8.300000000000000000e+01 8.289863870962948056e+01 5.128113860426138260e+00 1.426479178301738981e+00
8.400000000000000000e+01 1.003346969231020296e+02 6.086332487889929865e+00 9.484864224535263233e-01
8.500000000000000000e+01 1.202920713776960469e+02 6.966437885721457057e+00 1.331612564514363939e-01
8.600000000000000000e+01 1.421619021985395932e+02 7.634011093557075966e+00 -3.725533660362989608e-01
8.700000000000000000e+01 1.651896556084334122e+02 8.000000000000000000e+00 -3.881428598930334317e-01
8.800000000000000000e+01 -1.715096010147828451e+02 8.000000000000000000e+00 2.280566719329133463e-01
8.900000000000000000e+01 -1.488105150644354921e+02 7.923475740534945189e+00 -2.387977539311991748e-01
9.000000000000000000e+01 -1.273267361375480675e+02 7.499253560895199122e+00 -4.538560766299029048e-01
9.100000000000000000e+01 -1.077465274840191825e+02 6.834782184631293056e+00 -3.614289558675958247e-01
9.200000000000000000e+01 -9.036798091965843582e+01 6.066257135184874194e+00 -1.081844232083187141e+00
9.300000000000000000e+01 -7.560287008880273163e+01 5.153995968406146488e+00 -1.227385098019920573e+00
9.400000000000000000e+01 -6.344630568757088440e+01 4.243441490644574543e+00 -1.158032738644756865e+00
9.500000000000000000e+01 -5.370931848968977107e+01 3.398849716551240796e+00 -8.263234228330662567e-01
9.600000000000000000e+01 -4.605923532240608864e+01 2.670382786409928766e+00 -3.694336987169051234e-01
9.700000000000000000e+01 -4.011501437599618924e+01 2.074924539617322594e+00 -7.957348442853491299e-01
9.800000000000000000e+01 -3.589712462926185310e+01 1.472321271332477588e+00 -8.168364967561054790e-01
9.900000000000000000e+01 -3.329003196309152912e+01 9.100470185853911653e-01 -9.155681470892749196e-01
1.000000000000000000e+02 -3.225568917054614104e+01 3.610537464837924038e-01 -6.280687572713792299e-01
1.010000000000000000e+02 -3.263793920781704827e+01 -1.334304343249663738e-01 -6.104916536644761083e-01
1.020000000000000000e+02 -3.444132548318170706e+01 -6.295005638078073895e-01 -7.356097720658683059e-01
1.030000000000000000e+02 -3.777597857278927762e+01 -1.164013516509075474e+00 -8.489830359467991361e-01
1.040000000000000000e+02 -4.279163038635319793e+01 -1.750792765606301815e+00 -4.466444298422072023e-01
1.050000000000000000e+02 -4.945882516984841715e+01 -2.327290016875640966e+00 -2.880543101856116728e-01
1.060000000000000000e+02 -5.788260093959635100e+01 -2.940452452636423519e+00 -1.270895916901868983e+00
1.070000000000000000e+02 -6.867227635442766598e+01 -3.766307224205832860e+00 -1.273832862181776049e+00
1.080000000000000000e+02 -8.201078730480351453e+01 -4.656018667947527945e+00 -1.086210873702480484e+00
1.090000000000000000e+02 -9.794380104145636778e+01 -5.561670989401536147e+00 -1.185736547889319148e+00
1.100000000000000000e+02 -1.165143215897053039e+02 -6.482334547524134294e+00 -1.277090587217568185e+00
1.110000000000000000e+02 -1.375562402681267713e+02 -7.345015237506969719e+00 -1.467843143291892360e+00
1.120000000000000000e+02 -1.606789299845541734e+02 -8.000000000000000000e+00 -1.031119182113152011e+00
1.130000000000000000e+02 1.752487812157432359e+02 -8.000000000000000000e+00 -1.145416935328933850e+00
1.140000000000000000e+02 1.520162293165603273e+02 -8.000000000000000000e+00 -1.502480175054000444e+00
1.150000000000000000e+02 1.294604395313631358e+02 -7.873455942787898287e+00 -9.700408788911456526e-01
1.160000000000000000e+02 1.081466548216251624e+02 -7.439914384923032920e+00 -2.072789675177375557e-01
1.170000000000000000e+02 8.878552455583881908e+01 -6.758309400909926268e+00 6.681430952138383006e-01
1.180000000000000000e+02 7.185961670940743318e+01 -5.908256416187406934e+00 1.461234871583332762e+00
1.190000000000000000e+02 5.760342755013009963e+01 -4.976348792330231419e+00 1.654101700713976664e+00
1.200000000000000000e+02 4.587222110623542903e+01 -4.094963553542747547e+00 1.595616916225939264e+00
1.210000000000000000e+02 3.636891563110102510e+01 -3.317279407277989201e+00 1.402967371374048922e+00
1.220000000000000000e+02 2.874256746480631719e+01 -2.662097708105499727e+00 1.164020769659234844e+00
1.230000000000000000e+02 2.264962450068751565e+01 -2.126838317201916961e+00 7.746209615514202396e-01
1.240000000000000000e+02 1.771696183734254504e+01 -1.721824087311248697e+00 7.755474537320191653e-01
1.250000000000000000e+02 1.377141499391704471e+01 -1.377255664188890227e+00 6.149409867676938202e-01
1.260000000000000000e+02 1.060158952991039882e+01 -1.106477821209458812e+00 6.540378398214180544e-01
1.270000000000000000e+02 8.108111065890462044e+00 -8.703881804943762734e-01 4.871676671708116135e-01
1.280000000000000000e+02 6.127017835617081687e+00 -6.915319931448140611e-01 5.163303942780593792e-01
1.290000000000000000e+02 4.597126760391662792e+00 -5.340327291911975971e-01 3.076322148887223884e-01
1.300000000000000000e+02 3.371638237901695145e+00 -4.277761932570097181e-01 3.878867109857696560e-01
1.310000000000000000e+02 2.439195225744181350e+00 -3.254840129872382803e-01 3.129343277834230608e-01
1.320000000000000000e+02 1.732668029316646319e+00 -2.466245166509065667e-01 3.599138016883832170e-01
1.330000000000000000e+02 1.245767544810104210e+00 -1.699603316838975142e-01 2.785891415724523479e-01
1.340000000000000000e+02 9.252945277177594408e-01 -1.118661862412341779e-01 2.090682158315944617e-01
1.350000000000000000e+02 7.293589951607264421e-01 -6.839440329537474494e-02 1.363763912053435057e-01
1.360000000000000000e+02 6.193771235537410824e-01 -3.839091554095257208e-02 5.246055983320785376e-03
1.370000000000000000e+02 5.348757682079677833e-01 -2.949653746363347512e-02 7.109585682406233120e-02
1.380000000000000000e+02 5.009831568622873377e-01 -1.183075320160966587e-02 -2.666695911347902181e-02
1.390000000000000000e+02 4.744178929385587384e-01 -9.273026442613338527e-03 -3.123246951601764410e-02
1.400000000000000000e+02 4.522219315570266129e-01 -7.747852135069023191e-03 3.678486839060909896e-02
1.410000000000000000e+02 4.627912493531496918e-01 3.689387904636848639e-03 -3.835786453485472147e-02
1.420000000000000000e+02 4.742319721753128769e-01 3.993565641099629249e-03 -5.358319143828471631e-02
1.430000000000000000e+02 4.804305104858506703e-01 2.163698046599169325e-03 -5.521937212380756410e-04
1.440000000000000000e+02 5.044076940490188621e-01 8.369615970640946478e-03 -5.542978383902856521e-02
1.450000000000000000e+02 5.234807267584765667e-01 6.657744382416603754e-03 6.093445816653497715e-03
1.460000000000000000e+02 5.648024790728912725e-01 1.442401261160593771e-02 -2.298867109758906402e-03
1.470000000000000000e+02 6.263161159573374936e-01 2.147230997018790416e-02 -2.689566589560890564e-03
1.480000000000000000e+02 7.101603833338258065e-01 2.926717049285081432e-02 2.460800541198432390e-03
1.490000000000000000e+02 8.216924343559225408e-01 3.893203023676128360e-02 3.743356182679874467e-03
1.500000000000000000e+02 9.656454842658215298e-01 5.024909378431351159e-02 0.000000000000000000e+00
