0.000000000000000000e+00 -4.734656615666176549e+01 -4.403200208360469325e-02 1.239949510664724253e+00
1.000000000000000000e+00 -4.852009462192440026e+01 -4.096387116941728745e-01 1.476174829984337133e+00
2.000000000000000000e+00 -5.066898296669991453e+01 -7.501035374812736745e-01 1.482097081602214095e+00
3.000000000000000000e+00 -5.384291672731919931e+01 -1.107911887260247141e+00 1.387294093999103195e+00
4.000000000000000000e+00 -5.815548303934316721e+01 -1.505369627108144259e+00 7.610448772208249224e-01
5.000000000000000000e+00 -6.396620657451696701e+01 -2.028325152238146245e+00 5.432053504322573723e-01
6.000000000000000000e+00 -7.147409039797844343e+01 -2.620745851532470638e+00 4.033128152270776257e-01
7.000000000000000000e+00 -8.084591516528648469e+01 -3.271383982189537409e+00 4.891570091375614382e-01
8.000000000000000000e+00 -9.212876761411666848e+01 -3.938458484975831286e+00 1.630709197311893677e-01
9.000000000000000000e+00 -1.054886544198062808e+02 -4.663480249060632410e+00 7.515148656044350339e-01
1.000000000000000000e+01 -1.205961635828578693e+02 -5.273515533409260492e+00 9.645660912570691581e-01
1.100000000000000000e+01 -1.371386374320379957e+02 -5.774412701865063724e+00 1.060608498908182984e+00
1.200000000000000000e+01 -1.546868778650203353e+02 -6.125491469742742723e+00 1.360093870965316531e+00
1.300000000000000000e+01 -1.725693234375729617e+02 -6.242151070994526485e+00 1.174670646441648536e+00
1.400000000000000000e+01 1.697751386135570044e+02 -6.162945368371766541e+00 8.838261670514304669e-01
1.500000000000000000e+01 1.528807973241975162e+02 -5.897237609098950450e+00 6.364301617186716165e-01
1.600000000000000000e+01 1.372393627601788921e+02 -5.459890657547371795e+00 2.233598233054630011e-01
1.700000000000000000e+01 1.231526685729603940e+02 -4.917183885770179508e+00 -5.130207222827951608e-01
1.800000000000000000e+01 1.106443561266492566e+02 -4.366224721126312325e+00 -8.414701612455466329e-01
1.900000000000000000e+01 9.978507245295014627e+01 -3.790605090282302303e+00 -1.244897271490646773e+00
2.000000000000000000e+01 9.050816805397428766e+01 -3.238250523097480738e+00 -1.468867870948427079e+00
2.100000000000000000e+01 8.274857140765391250e+01 -2.708610202100000031e+00 -1.714879507202237363e+00
2.200000000000000000e+01 7.638346644661935159e+01 -2.221840776101576598e+00 -1.541511582259066371e+00
2.300000000000000000e+01 7.144414717000077530e+01 -1.724147683684362553e+00 -1.438075491395580663e+00
2.400000000000000000e+01 6.792375527926570555e+01 -1.228848589076718900e+00 -1.282850619702797568e+00
2.500000000000000000e+01 6.584316567523615049e+01 -7.262627794616107746e-01 -1.251813392516285317e+00
2.600000000000000000e+01 6.518508562163773945e+01 -2.297132735398554337e-01 -1.082227181811366679e+00
2.700000000000000000e+01 6.601216121664258196e+01 2.887038459145086500e-01 -7.643120647463883532e-01
2.800000000000000000e+01 6.847381955820128496e+01 8.592808623876462271e-01 -5.890963520042552526e-01
2.900000000000000000e+01 7.268105985583628126e+01 1.468603912326347238e+00 -4.341906776119067168e-02
3.000000000000000000e+01 7.892082201888362647e+01 2.178087885730782158e+00 -4.056048258169715481e-01
3.100000000000000000e+01 8.709483583805223361e+01 2.853269084960170510e+00 -6.847715984096247599e-01
3.200000000000000000e+01 9.712042108515512950e+01 3.499589440026298348e+00 -3.181842030738216698e-01
3.300000000000000000e+01 1.091412981512801395e+02 4.196077675627141623e+00 -2.320525562624848326e-01
3.400000000000000000e+01 1.230922601128391847e+02 4.869804400993839266e+00 1.717097133281220156e-01
3.500000000000000000e+01 1.389170828838766454e+02 5.523905217983528182e+00 8.968143808760986602e-03
3.600000000000000000e+01 1.561577076469865517e+02 6.018113344342701510e+00 1.638603787757002550e-01
3.700000000000000000e+01 1.743372511642791380e+02 6.345857817726933803e+00 2.673120712732197646e-01
3.800000000000000000e+01 -1.671563288808018797e+02 6.459959219402339414e+00 5.385810114524300918e-01
3.900000000000000000e+01 -1.488960848858928614e+02 6.374027598573696274e+00 7.408652880520272266e-01
4.000000000000000000e+01 -1.314274224358909748e+02 6.097713513440644384e+00 1.659230138600983118e+00
4.100000000000000000e+01 -1.148567605577124624e+02 5.784252180178445002e+00 1.597504628058122655e+00
4.200000000000000000e+01 -9.954917104764675173e+01 5.343356749887846924e+00 1.742056064897242518e+00
4.300000000000000000e+01 -8.561180806075489613e+01 4.865057463337083554e+00 1.325295030693180331e+00
4.400000000000000000e+01 -7.324723471026037203e+01 4.316050311409526330e+00 1.179548479041260034e+00
4.500000000000000000e+01 -6.243318775841350288e+01 3.774814495499692057e+00 9.810985243659977595e-01
4.600000000000000000e+01 -5.310221072547332000e+01 3.257125433055549912e+00 9.089106785135454558e-01
4.700000000000000000e+01 -4.509890371889105865e+01 2.793681166255836068e+00 1.006148353608479207e+00
4.800000000000000000e+01 -3.818514040517153063e+01 2.413358670559987207e+00 7.320057140269076168e-01
4.900000000000000000e+01 -3.228509002011300311e+01 2.059506105056611691e+00 5.915505691217399775e-01
5.000000000000000000e+01 -2.727847189719158294e+01 1.747639412699939720e+00 4.377432338847965232e-01
5.100000000000000000e+01 -2.306848066254881857e+01 1.469564170492347444e+00 4.718484143846681800e-01
5.200000000000000000e+01 -1.949761245868410953e+01 1.246468146244305908e+00 3.490928033950854714e-01
5.300000000000000000e+01 -1.649386293241625978e+01 1.048506382771877021e+00 1.783024606652465205e-01
5.400000000000000000e+01 -1.402350592261291062e+01 8.623172704158057478e-01 1.977669233374362845e-01
5.500000000000000000e+01 -1.198881146700562716e+01 7.102423504484137728e-01 1.232605286806337241e-01
5.600000000000000000e+01 -1.034745663077581312e+01 5.729409217148505595e-01 2.056890938156177573e-01
5.700000000000000000e+01 -9.003637191413085716e+00 4.690814753836778372e-01 8.697734260622222435e-02
5.800000000000000000e+01 -7.958690505116400971e+00 3.647552036736296799e-01 2.773937065654811240e-01
5.900000000000000000e+01 -7.092034720098792100e+00 3.025199386002678237e-01 4.687157029682846865e-01
6.000000000000000000e+01 -6.289235899122974871e+00 2.802296531431308635e-01 1.325221710420300125e-01
6.100000000000000000e+01 -5.664862883192832932e+00 2.179472977717597793e-01 2.644162513597689834e-01
6.200000000000000000e+01 -5.138951779140631615e+00 1.835776067701880843e-01 3.463859061561707642e-01
6.300000000000000000e+01 -4.656644712228134253e+00 1.683569264651931796e-01 3.651550696889891423e-01
6.400000000000000000e+01 -4.191855808237580305e+00 1.622419340274201260e-01 2.148087685057703811e-01
6.500000000000000000e+01 -3.791814031657879447e+00 1.396409229368665295e-01 1.787027777786184268e-01
6.600000000000000000e+01 -3.457069646979528343e+00 1.168478333039936756e-01 2.119219547296490036e-01
6.700000000000000000e+01 -3.160819975497576095e+00 1.034106435062323998e-01 1.446203355244399247e-01
6.800000000000000000e+01 -2.920894928729486750e+00 8.374964048209075640e-02 2.412459063056155706e-01
6.900000000000000000e+01 -2.686788211894979739e+00 8.171866019592383124e-02 3.270221802391821975e-02
7.000000000000000000e+01 -2.539346387777973391e+00 5.146690571976272888e-02 1.127823708074253972e-01
7.100000000000000000e+01 -2.438634227805081878e+00 3.515517576644407172e-02 4.272702621570692583e-01
7.200000000000000000e+01 -2.245737372847497415e+00 6.733370471503583032e-02 3.444171119541112880e-01
7.300000000000000000e+01 -1.989031756102491277e+00 8.960716441126084786e-02 1.954931309729939226e-01
7.400000000000000000e+01 -1.722892864491075260e+00 9.289999852455047002e-02 2.321298744150743498e-01
7.500000000000000000e+01 -1.421602253316385234e+00 1.051702634068873016e-01 1.902482315558493287e-01
7.600000000000000000e+01 -1.091863101579624740e+00 1.151006774107930924e-01 1.298915841204305033e-01
7.700000000000000000e+01 -7.472495412473879606e-01 1.202928254963529647e-01 4.954187238359472611e-02
7.800000000000000000e+01 -4.093679928567576232e-01 1.179429100230609678e-01 -9.296431519640918628e-02
7.900000000000000000e+01 -1.267860853841828173e-01 9.863969383924793555e-02 -1.348896914311420447e-03
8.000000000000000000e+01 1.504617020152308748e-01 9.677773467978031952e-02 -1.004878784484882492e-01
8.100000000000000000e+01 3.901703118002630699e-01 8.367408972254217203e-02 -2.114969986600523932e-01
8.200000000000000000e+01 5.536260546732553189e-01 5.705681788853941838e-02 -2.009268347218867989e-01
8.300000000000000000e+01 6.515005043835144782e-01 3.416462802043264413e-02 -4.961584976786331813e-02
8.400000000000000000e+01 7.524848556201189087e-01 3.525018844138304297e-02 -1.023535161111595038e-01
8.500000000000000000e+01 8.377033940630802533e-01 2.974688159134077081e-02 -1.149298078429508430e-01
8.600000000000000000e+01 9.049472436284626831e-01 2.347253153263370931e-02 -1.011669295657552370e-01
8.700000000000000000e+01 9.626519182424216892e-01 2.014273131611135637e-02 -1.546265222943757345e-01
8.800000000000000000e+01 9.900084879423238782e-01 9.549244266292266151e-03 -7.176262919930914697e-02
8.900000000000000000e+01 1.023650810258643684e+00 1.174338584873890930e-02 -4.595511845609494272e-02
9.000000000000000000e+01 1.075930238320761845e+00 1.824896301486962288e-02 -1.757982695633382719e-01
9.100000000000000000e+01 1.093010937370872959e+00 5.962288739334162951e-03 -6.365551293224834539e-02
9.200000000000000000e+01 1.123723118823501954e+00 1.072057373636618391e-02 -1.595065366123507300e-01
9.300000000000000000e+01 1.128029330591121537e+00 1.503151472661756402e-03 -6.119719263829347805e-02
9.400000000000000000e+01 1.148336353162200396e+00 7.088488102842617662e-03 -1.326773858764275782e-01
9.500000000000000000e+01 1.154689199195076066e+00 2.217561602918795456e-03 -2.701113425618195674e-01
9.600000000000000000e+01 1.088268159705617855e+00 -2.318531663376436486e-02 -3.942326185517854020e-02
9.700000000000000000e+01 1.045713823538348297e+00 -1.485426554238724987e-02 -2.953934026795312917e-02
9.800000000000000000e+01 1.029677982263322189e+00 -5.597564571528143573e-03 -1.388440933363458973e-01
9.900000000000000000e+01 9.925891327206685100e-01 -1.294645080592200272e-02 -1.070777226889482597e-01
1.000000000000000000e+02 9.467072519143135967e-01 -1.601579774156966854e-02 -1.040975741807243088e-01
1.010000000000000000e+02 8.915926402343631318e-01 -1.923862879546520827e-02 2.439068527349799731e-02
1.020000000000000000e+02 8.803925281418485405e-01 -3.909576652136188477e-03 -8.334072405888065527e-02
1.030000000000000000e+02 8.663927985804941168e-01 -4.886827504688316150e-03 -1.299587696477380039e-01
1.040000000000000000e+02 8.290358932265191605e-01 -1.304001993565526846e-02 -8.437695782529117117e-02
1.050000000000000000e+02 7.865084222806425496e-01 -1.484488781103545339e-02 -1.467615328319290535e-01
1.060000000000000000e+02 7.104079676974240920e-01 -2.656406989483144077e-02 -5.360500347636754093e-02
1.070000000000000000e+02 6.379120758709240224e-01 -2.530584013084143102e-02 -7.558635800379667757e-02
1.080000000000000000e+02 5.568565479082985270e-01 -2.829371679780291055e-02 -1.810189663337773147e-01
1.090000000000000000e+02 4.188956408739601955e-01 -4.815744133574020869e-02 6.187683080767572563e-02
1.100000000000000000e+02 3.232327898413527301e-01 -3.339263444727714331e-02 -7.502986062864580585e-02
1.110000000000000000e+02 2.074493964962665082e-01 -4.041602866006890893e-02 -1.034988397477584407e-02
1.120000000000000000e+02 9.499780349630462806e-02 -3.925301093923885126e-02 4.534217539403789798e-02
1.130000000000000000e+02 5.592991125398827888e-03 -3.120816686000127405e-02 9.784130386458102235e-02
1.140000000000000000e+02 -4.155788077740672770e-02 -1.645875919780081381e-02 -7.861680170350202057e-02
1.150000000000000000e+02 -1.240502550959270839e-01 -2.879527079291586966e-02 -2.773785214183102643e-02
1.160000000000000000e+02 -2.231139742998239639e-01 -3.457976138758271645e-02 1.309372226658735983e-01
1.170000000000000000e+02 -2.742783195952269160e-01 -1.785972570064106243e-02 9.827601089880285551e-03
1.180000000000000000e+02 -3.315049621031723182e-01 -1.997586663250785002e-02 5.341475926472687152e-02
1.190000000000000000e+02 -3.782096693089580519e-01 -1.630301833841763665e-02 9.714056660333483806e-02
1.200000000000000000e+02 -3.973540524710381105e-01 -6.682650388833203531e-03 5.575082351446244977e-02
1.210000000000000000e+02 -4.074419414679664730e-01 -3.521337551442169089e-03 7.329396716582198268e-02
1.220000000000000000e+02 -4.013130121273628670e-01 2.139399932312381972e-03 5.538478160260853350e-02
1.230000000000000000e+02 -3.864333409279025466e-01 5.193985080895148140e-03 1.234739672413924516e-02
1.240000000000000000e+02 -3.807389072466992874e-01 1.987732335469132808e-03 5.104414765545348814e-02
1.250000000000000000e+02 -3.673874707870843359e-01 4.660530521821944563e-03 6.902340510094731596e-02
1.260000000000000000e+02 -3.381523465751057334e-01 1.020498349457076709e-02 2.669828395282111688e-02
1.270000000000000000e+02 -3.101251193133247597e-01 9.783347918455847364e-03 1.402264539212854100e-01
1.280000000000000000e+02 -2.334696473459988708e-01 2.675780751000104984e-02 -7.129197008232576738e-02
1.290000000000000000e+02 -1.962047304173719642e-01 1.300790991773423041e-02 6.116716924215981344e-02
1.300000000000000000e+02 -1.400128216817270732e-01 1.961467640834335668e-02 6.505169633211405067e-03
1.310000000000000000e+02 -8.627599779602722341e-02 1.875769012739590333e-02 -1.777317586291199403e-02
1.320000000000000000e+02 -4.341198234618649787e-02 1.496236400450877933e-02 -6.320034444687702702e-02
1.330000000000000000e+02 -2.933426358290900163e-02 4.914050871779530177e-03 3.675483111059335561e-02
1.340000000000000000e+02 -5.623544107848887875e-04 1.004329094276643249e-02 -9.777613701225339182e-03
1.350000000000000000e+02 2.398684648001326442e-02 8.569287685559054055e-03 -6.515283574940292088e-02
1.360000000000000000e+02 2.143818524941181261e-02 -8.896505998385161734e-04 -2.336953396778233827e-02
1.370000000000000000e+02 9.651138455342770511e-03 -4.114455512862935649e-03 -2.904488390688245159e-02
1.380000000000000000e+02 -1.425511013070133483e-02 -8.344854992534169943e-03 2.158016167179225425e-02
1.390000000000000000e+02 -2.942253395360455021e-02 -5.294429695101728582e-03 2.503645876111156715e-02
1.400000000000000000e+02 -3.493467709403812876e-02 -1.924100932835721631e-03 1.599311505292970101e-02
1.410000000000000000e+02 -3.488433559082614738e-02 1.757249962904775670e-05 2.184905536087081157e-02
1.420000000000000000e+02 -2.675321665250732575e-02 2.838295946898581040e-03 1.517019040451983436e-03
1.430000000000000000e+02 -1.897345238876035553e-02 2.715650028627543920e-03 1.995568735804058302e-02
1.440000000000000000e+02 -3.329867604850583057e-03 5.460641225882223969e-03 1.146048443949976292e-02
1.450000000000000000e+02 1.711362756563776163e-02 7.136126026811621947e-03 9.751277728290187741e-03
1.460000000000000000e+02 4.238918670047671367e-02 8.822834543709382957e-03 -1.391573734957088360e-03
1.470000000000000000e+02 6.865635542736520103e-02 9.168971589221820359e-03 -1.927396665392086539e-03
1.480000000000000000e+02 9.666989915883397733e-02 9.778571465310964897e-03 -2.442526748925335361e-03
1.490000000000000000e+02 1.272589638333788409e-01 1.067759787352591527e-02 -1.425579515764875856e-03
1.500000000000000000e+02 1.620076380558365114e-01 1.212957551769534327e-02 0.000000000000000000e+00
0.000000000000000000e+00 -3.849353694026866179e+01 1.969622938741448781e-01 -6.418294025765269861e-02
1.000000000000000000e+00 -3.929420223514532751e+01 -2.794849120409804710e-01 4.073159260866370257e-01
2.000000000000000000e+00 -4.128054505744204050e+01 -6.933644464486875547e-01 6.243671122084755165e-01
3.000000000000000000e+00 -4.441611182922245149e+01 -1.094519281673955735e+00 7.217423679277448212e-01
4.000000000000000000e+00 -4.874525515297126788e+01 -1.511156095802951960e+00 3.026553651447883020e-01
5.000000000000000000e+00 -5.455962138353667257e+01 -2.029596692802760671e+00 2.550305418804164059e-01
6.000000000000000000e+00 -6.201489557228546801e+01 -2.602381624652312375e+00 2.622029983530101971e-01
7.000000000000000000e+00 -7.125485239492313383e+01 -3.225353385942820506e+00 5.278516109441671045e-01
8.000000000000000000e+00 -8.230260642633254520e+01 -3.856393655971425360e+00 4.189931474887790275e-01
9.000000000000000000e+00 -9.529954281821197526e+01 -4.536786654211359959e+00 1.103970258581689290e+00
1.000000000000000000e+01 -1.099614903733279903e+02 -5.117985191830143776e+00 1.413091449673060218e+00
1.100000000000000000e+01 -1.260357158618240447e+02 -5.610963189644996518e+00 1.734892047679177818e+00
1.200000000000000000e+01 -1.431018860486481401e+02 -5.957217209315528450e+00 2.000000000000000000e+00
1.300000000000000000e+01 -1.605986209146257693e+02 -6.107512635195963213e+00 2.000000000000000000e+00
1.400000000000000000e+01 -1.779496465286927958e+02 -6.056650511266808756e+00 1.786664355129113702e+00
1.500000000000000000e+01 1.653902184636486652e+02 -5.815484194208258906e+00 1.464513828985122945e+00
1.600000000000000000e+01 1.499013610109286958e+02 -5.406631198440502217e+00 8.543810559343441025e-01
1.700000000000000000e+01 1.358571444401317478e+02 -4.902356400471078679e+00 -7.318597749324307067e-02
1.800000000000000000e+01 1.232778646634327657e+02 -4.390996992658692477e+00 -6.712705391081008610e-01
1.900000000000000000e+01 1.122063920028345478e+02 -3.864673019439504920e+00 -1.293614885006651782e+00
2.000000000000000000e+01 1.025682565953685099e+02 -3.364343932266559811e+00 -1.704078796091240466e+00
2.100000000000000000e+01 9.429495330218966842e+01 -2.887927649641219841e+00 -2.000000000000000000e+00
2.200000000000000000e+01 8.730477123072154200e+01 -2.440033849219921169e+00 -1.971409218302381694e+00
2.300000000000000000e+01 8.161365339715077027e+01 -1.986574886295537690e+00 -1.854871722549145563e+00
2.400000000000000000e+01 7.725108024383200700e+01 -1.522825307690485852e+00 -1.649305631448354292e+00
2.500000000000000000e+01 7.427539158729750568e+01 -1.038711291415473470e+00 -1.535607549454027776e+00
2.600000000000000000e+01 7.270800581550687980e+01 -5.471208473331721223e-01 -1.282611740648469389e+00
2.700000000000000000e+01 7.264093866440822467e+01 -2.341085213208315974e-02 -8.662664493897828111e-01
2.800000000000000000e+01 7.425235237112046605e+01 5.624894958778915433e-01 -6.059590481356941227e-01
2.900000000000000000e+01 7.767132166401027860e+01 1.193445423710198794e+00 2.863461765616523436e-02
3.000000000000000000e+01 8.320163845636821520e+01 1.930444734099551640e+00 -3.198109469756316159e-01
3.100000000000000000e+01 9.072801137218679912e+01 2.627199762279212258e+00 -6.203403920261352233e-01
3.200000000000000000e+01 1.001362309323680080e+02 3.284088161513899706e+00 -1.832797076757147758e-01
3.300000000000000000e+01 1.115807485453625247e+02 3.994890272984740864e+00 -8.968730550069498042e-02
3.400000000000000000e+01 1.249847015949148954e+02 4.678862269948465880e+00 3.316432914425730960e-01
3.500000000000000000e+01 1.402915201530736624e+02 5.343087636904836124e+00 1.576231390468711968e-01
3.600000000000000000e+01 1.570387681667155846e+02 5.845892369722630377e+00 3.282240569606829084e-01
3.700000000000000000e+01 1.747652433235638227e+02 6.187707125199594316e+00 4.353872778754386275e-01
3.800000000000000000e+01 -1.671251572307951960e+02 6.321442730875514115e+00 7.000273055746035755e-01
3.900000000000000000e+01 -1.491934969302047875e+02 6.259330251889173802e+00 9.084271599929112373e-01
4.000000000000000000e+01 -1.319718493416714580e+02 6.011489060760973224e+00 1.857245738308692218e+00
4.100000000000000000e+01 -1.155495301879823984e+02 5.732470800904045483e+00 1.759274148660300519e+00
4.200000000000000000e+01 -1.003097055874050909e+02 5.319702334130074206e+00 1.873868720953236089e+00
4.300000000000000000e+01 -8.637854736917452669e+01 4.862891590487800286e+00 1.418052385257942527e+00
4.400000000000000000e+01 -7.398232733804745465e+01 4.327097086896830369e+00 1.259595085270438286e+00
4.500000000000000000e+01 -6.311001235177862867e+01 3.795153876486261346e+00 1.036561599598895489e+00
4.600000000000000000e+01 -5.370854647086162714e+01 3.281730682718213110e+00 9.412719660429571533e-01
4.700000000000000000e+01 -4.563439931745990208e+01 2.818409042347755022e+00 1.036845760737233002e+00
4.800000000000000000e+01 -3.865071288142551253e+01 2.437766444713369118e+00 7.512976889339826325e-01
4.900000000000000000e+01 -3.268612830603048280e+01 2.082032787086225412e+00 6.062259966705954017e-01
5.000000000000000000e+01 -2.762135540529765976e+01 1.767939259671432506e+00 4.490054187856723500e-01
5.100000000000000000e+01 -2.335978029612238061e+01 1.487570339522908736e+00 4.812016665606402288e-01
5.200000000000000000e+01 -1.974334827328284447e+01 1.262372919462173115e+00 3.573798047433418001e-01
5.300000000000000000e+01 -1.669915388644565013e+01 1.062624302420779543e+00 1.810480221513827703e-01
5.400000000000000000e+01 -1.419454988883307855e+01 8.742717243390312198e-01 1.983670221109453680e-01
5.500000000000000000e+01 -1.213157122672409827e+01 7.201154010437853525e-01 1.239800558172964029e-01
5.600000000000000000e+01 -1.046685832080058631e+01 5.810944261761583629e-01 2.068730551357416403e-01
5.700000000000000000e+01 -9.103575943635293655e+00 4.758753223189905457e-01 8.705856864518843330e-02
5.800000000000000000e+01 -8.042832427369898340e+00 3.702693375602630343e-01 2.784314705860662098e-01
5.900000000000000000e+01 -7.163058474734428138e+00 3.070990429354725215e-01 4.705711857086785077e-01
6.000000000000000000e+01 -6.348986960172037008e+00 2.841645655162136075e-01 1.330851473823868591e-01
6.100000000000000000e+01 -5.715326380469011092e+00 2.211892691182752446e-01 2.650188022172796365e-01
6.200000000000000000e+01 -5.181751842291686394e+00 1.862526499200500008e-01 3.472708407402151365e-01
6.300000000000000000e+01 -4.692999565687195229e+00 1.706067290673285719e-01 3.661038482928524740e-01
6.400000000000000000e+01 -4.222716516096859607e+00 1.641597526334223345e-01 2.153652807711729789e-01
6.500000000000000000e+01 -3.818095608237571437e+00 1.412393412910636914e-01 1.793825030295128076e-01
6.600000000000000000e+01 -3.479463388546842673e+00 1.182049437387996671e-01 2.126665376941524188e-01
6.700000000000000000e+01 -3.179844148329698417e+00 1.045868448822595831e-01 1.451959519732644588e-01
6.800000000000000000e+01 -2.937014494512096618e+00 8.476353961190344344e-02 2.414581180219010914e-01
6.900000000000000000e+01 -2.700515673415242901e+00 8.255366210450267028e-02 3.295073514668479808e-02
7.000000000000000000e+01 -2.551089163688231576e+00 5.215969168999326500e-02 1.131466794342779192e-01
7.100000000000000000e+01 -2.448675687685065938e+00 3.574904709334902897e-02 4.275549225921175256e-01
7.200000000000000000e+01 -2.254331405204752503e+00 6.783895223414795894e-02 3.447294201832670213e-01
7.300000000000000000e+01 -1.996366184103453900e+00 9.004684927705638997e-02 1.957155261901331045e-01
7.400000000000000000e+01 -1.729146995553986654e+00 9.327709329391460635e-02 2.322565196723817837e-01
7.500000000000000000e+01 -1.426956089155614338e+00 1.054845257247519624e-01 1.904237566863626607e-01
7.600000000000000000e+01 -1.096441922642076738e+00 1.153712086029203276e-01 1.300291012124660250e-01
7.700000000000000000e+01 -7.511659283977003554e-01 1.205240585532271619e-01 4.965562020007271982e-02
7.800000000000000000e+01 -4.127199185337688814e-01 1.181399442472561845e-01 -9.283461346165977623e-02
7.900000000000000000e+01 -1.296435083511552899e-01 9.881230784825219271e-02 -1.264938324289227589e-03
8.000000000000000000e+01 1.480277072118040826e-01 9.692553899177119847e-02 -1.004393555418639505e-01
8.100000000000000000e+01 3.880893218481059059e-01 8.379731166114555430e-02 -2.114389379101981326e-01
8.200000000000000000e+01 5.518449840183363708e-01 5.716150947308087926e-02 -2.008612121204995937e-01
8.300000000000000000e+01 6.499807652199386387e-01 3.425584991969433946e-02 -4.957583985808046434e-02
8.400000000000000000e+01 7.511866543971905674e-01 3.532751977103084501e-02 -1.023139122278231006e-01
8.500000000000000000e+01 8.365950709413902953e-01 2.981316155222160300e-02 -1.148987238555871787e-01
8.600000000000000000e+01 9.040005982868916101e-01 2.352896772444139709e-02 -1.011342761394022904e-01
8.700000000000000000e+01 9.618454876801316722e-01 2.019167550727971050e-02 -1.546041587133788475e-01
8.800000000000000000e+01 9.893216453189643822e-01 9.590988331892457905e-03 -7.174148385833811759e-02
8.900000000000000000e+01 1.023066889358984932e+00 1.177931230774705539e-02 -4.594252150612633534e-02
9.000000000000000000e+01 1.075432758744221173e+00 1.827913672883343943e-02 -1.757860361035426811e-01
9.100000000000000000e+01 1.092586503863096636e+00 5.987786627445595630e-03 -6.364584694387365182e-02
9.200000000000000000e+01 1.123359971675383706e+00 1.074196671161816233e-02 -1.594941096470821607e-01
9.300000000000000000e+01 1.127719194497773803e+00 1.521655821575701797e-03 -6.118846962354401037e-02
9.400000000000000000e+01 1.148071348712878414e+00 7.104242018544411862e-03 -1.326712823898899829e-01
9.500000000000000000e+01 1.154462013498484652e+00 2.230762838001699999e-03 -2.701053688126125452e-01
9.600000000000000000e+01 1.088072842057450806e+00 -2.317419258634059037e-02 -3.941648572771330739e-02
9.700000000000000000e+01 1.045545962674012896e+00 -1.484468131678977516e-02 -2.953414895239411808e-02
9.800000000000000000e+01 1.029533515252155862e+00 -5.589398576277670311e-03 -1.388397064809146764e-01
9.900000000000000000e+01 9.924645280367044853e-01 -1.293951754578615346e-02 -1.070732745676825498e-01
1.000000000000000000e+02 9.465997490222916033e-01 -1.600982809002207685e-02 -1.040937457660375126e-01
1.010000000000000000e+02 8.914998534660959484e-01 -1.923349189921215452e-02 2.439447439393673672e-02
1.020000000000000000e+02 8.803126066693268692e-01 -3.905085816736200352e-03 -8.333773001375480161e-02
1.030000000000000000e+02 8.663240322983920549e-01 -4.882933608658105579e-03 -1.299566616447284384e-01
1.040000000000000000e+02 8.289766095416193359e-01 -1.303670988479886141e-02 -8.437483285387969989e-02
1.050000000000000000e+02 7.864573114266639742e-01 -1.484203495485980108e-02 -1.467595448898132982e-01
1.060000000000000000e+02 7.103639674531087023e-01 -2.656158782382241762e-02 -5.360332417392517368e-02
1.070000000000000000e+02 6.378742579810010582e-01 -2.530368208204807068e-02 -7.558527397956454896e-02
1.080000000000000000e+02 5.568239601148865514e-01 -2.829189114971660673e-02 -1.810176682682753391e-01
1.090000000000000000e+02 4.188676189950791828e-01 -4.815584753090161596e-02 6.187776140551129456e-02
1.100000000000000000e+02 3.232086829795896565e-01 -3.339126784849755919e-02 -7.502908576115893680e-02
1.110000000000000000e+02 2.074286336334644487e-01 -4.041486138422782648e-02 -1.034915711526723445e-02
1.120000000000000000e+02 9.497991837507731294e-02 -3.925200641792885026e-02 4.534288271514118340e-02
1.130000000000000000e+02 5.577617003476435277e-03 -3.120729035589354938e-02 9.784184769268912396e-02
1.140000000000000000e+02 -4.157108673667787163e-02 -1.645800236626115270e-02 -7.861629129843107633e-02
1.150000000000000000e+02 -1.240615687854659394e-01 -2.879461026617257877e-02 -2.773749855131504849e-02
1.160000000000000000e+02 -2.231236680376613990e-01 -3.457919591776447560e-02 1.309375256612486105e-01
1.170000000000000000e+02 -2.742866266911042072e-01 -1.785924167128604551e-02 9.827895605913721661e-03
1.180000000000000000e+02 -3.315120675106732473e-01 -1.997544716413281185e-02 5.341500740043512996e-02
1.190000000000000000e+02 -3.782157328479367475e-01 -1.630265465769591485e-02 9.714073998671057808e-02
1.200000000000000000e+02 -3.973592270132348947e-01 -6.682340070415536404e-03 5.575094914163805648e-02
1.210000000000000000e+02 -4.074463670697451301e-01 -3.521076121918190541e-03 7.329410730043522948e-02
1.220000000000000000e+02 -4.013167945261799097e-01 2.139624452501115263e-03 5.538488667835229223e-02
1.230000000000000000e+02 -3.864365768072600682e-01 5.194175852175039396e-03 1.234749748425348348e-02
1.240000000000000000e+02 -3.807416746508437422e-01 1.987895864167768534e-03 5.104421974998214068e-02
1.250000000000000000e+02 -3.673898425110380117e-01 4.660668640264219870e-03 6.902348242713013393e-02
1.260000000000000000e+02 -3.381543783282089932e-01 1.020510216678476023e-02 2.669836324781942050e-02
1.270000000000000000e+02 -3.101268532104770048e-01 9.783451889796710571e-03 1.402265174302822492e-01
1.280000000000000000e+02 -2.334711211164093858e-01 2.675789831136336436e-02 -7.129194370694043326e-02
1.290000000000000000e+02 -1.962059879929855810e-01 1.300798538395486065e-02 6.116719994138904160e-02
1.300000000000000000e+02 -1.400138970293310914e-01 1.961474001791849511e-02 6.505200744189837403e-03
1.310000000000000000e+02 -8.627691787207797391e-02 1.875774432739268222e-02 -1.777315467001194804e-02
1.320000000000000000e+02 -4.341277254651874917e-02 1.496240933968690304e-02 -6.320033286067121281e-02
1.330000000000000000e+02 -2.933494856122074307e-02 4.914087601193597651e-03 3.675485160771428672e-02
1.340000000000000000e+02 -5.629510457701574237e-04 1.004332178040481457e-02 -9.777600089270983841e-03
1.350000000000000000e+02 2.398632166384902231e-02 8.569312755056891079e-03 -6.515281907650141702e-02
1.360000000000000000e+02 2.143771973611626955e-02 -8.896298992322245608e-04 -2.336951880820571648e-02
1.370000000000000000e+02 9.650721302517126926e-03 -4.114438631874384189e-03 -2.904487074939930691e-02
1.380000000000000000e+02 -1.425548891227588003e-02 -8.344841598440774777e-03 2.158017676018267328e-02
1.390000000000000000e+02 -2.942288208447823780e-02 -5.294418995988769278e-03 2.503647348597365721e-02
1.400000000000000000e+02 -3.493500130157345396e-02 -1.924092582015273292e-03 1.599312741886675659e-02
1.410000000000000000e+02 -3.488464271893401691e-02 1.757846147391862145e-05 2.184906679509619754e-02
1.420000000000000000e+02 -2.675351330499292635e-02 2.838299603580576869e-03 1.517029310656087260e-03
1.430000000000000000e+02 -1.897374527679602726e-02 2.715651342668461664e-03 1.995569671248764720e-02
1.440000000000000000e+02 -3.330163691959852831e-03 5.460640109194877211e-03 1.146049275571454917e-02
1.450000000000000000e+02 1.711332074981788270e-02 7.136122281785129036e-03 9.751285293635794660e-03
1.460000000000000000e+02 4.238886090132127499e-02 8.822827917275212484e-03 -1.391567277918975831e-03
1.470000000000000000e+02 6.865600120211706736e-02 9.168961666643608149e-03 -1.927391306840844920e-03
1.480000000000000000e+02 9.666950552672380625e-02 9.778557709721155330e-03 -2.442522761720793134e-03
1.490000000000000000e+02 1.272585177465983541e-01 1.067757956339179977e-02 -1.425577286886694443e-03
1.500000000000000000e+02 1.620071237439631717e-01 1.212955170264528454e-02 0.000000000000000000e+00
0.000000000000000000e+00 -4.580690865078750562e+01 3.280581557305790597e-01 4.774693978732751365e-01
1.000000000000000000e+00 -4.620244271322184915e+01 -1.380674338653607447e-01 8.514857683425369750e-01
2.000000000000000000e+00 -4.778290917785012937e+01 -5.516868705023634245e-01 9.758518634534969483e-01
3.000000000000000000e+00 -5.053529024340350873e+01 -9.607622372691269064e-01 9.864393201809329437e-01
4.000000000000000000e+00 -5.452252789667733879e+01 -1.391808502182407148e+00 4.647469249775646460e-01
5.000000000000000000e+00 -6.005974758168676431e+01 -1.932854298193156239e+00 3.346048806719827962e-01
6.000000000000000000e+00 -6.731503568800027892e+01 -2.532573312719105463e+00 2.719585004929737648e-01
7.000000000000000000e+00 -7.643583346878138229e+01 -3.183759033664443461e+00 4.473509841655403108e-01
8.000000000000000000e+00 -8.745305925879699771e+01 -3.845737289428119432e+00 2.283303602852427838e-01
9.000000000000000000e+00 -1.005186365498547900e+02 -4.560746848055195812e+00 8.742225100655822700e-01
1.000000000000000000e+01 -1.153210302833225285e+02 -5.167010156511759433e+00 1.144318632560373139e+00
1.100000000000000000e+01 -1.315738564368442383e+02 -5.673306582663990127e+00 1.355116265263930142e+00
1.200000000000000000e+01 -1.488517277991037702e+02 -6.031114860149334511e+00 1.726502441392517850e+00
1.300000000000000000e+01 -1.664990582539108175e+02 -6.160080412477027423e+00 1.581766958219164465e+00
1.400000000000000000e+01 1.760317124546411094e+02 -6.097911378432108620e+00 1.284848349566516390e+00
1.500000000000000000e+01 1.592632979109259281e+02 -5.853280882542649444e+00 1.006981825364550165e+00
1.600000000000000000e+01 1.436883623809553683e+02 -5.436678115676687462e+00 5.017491234436215475e-01
1.700000000000000000e+01 1.296013839651384671e+02 -4.917283100267607843e+00 -3.291161212687299109e-01
1.800000000000000000e+01 1.170284636146033961e+02 -4.388777134156729431e+00 -7.865119059957119685e-01
1.900000000000000000e+01 1.060314891001280273e+02 -3.838668260709988012e+00 -1.294720946214892976e+00
2.000000000000000000e+01 9.654318237773200906e+01 -3.312043854898444550e+00 -1.605191304898738291e+00
2.100000000000000000e+01 8.849969185553428019e+01 -2.807707859306163289e+00 -1.892175040744568548e+00
2.200000000000000000e+01 8.179095416432640775e+01 -2.341791227284404808e+00 -1.755232659415330465e+00
2.300000000000000000e+01 7.645453741433517791e+01 -1.862760850918441902e+00 -1.642429256984147656e+00
2.400000000000000000e+01 7.250116600493525709e+01 -1.379986952964748159e+00 -1.460466243223135452e+00
2.500000000000000000e+01 6.996936695939113804e+01 -8.837645868718968512e-01 -1.388883520531871474e+00
2.600000000000000000e+01 6.885936179909995758e+01 -3.874648952241663280e-01 -1.178579473288466906e+00
2.700000000000000000e+01 6.924688655252421654e+01 1.352716576046392727e-01 -8.130645185338100100e-01
2.800000000000000000e+01 7.129420497719905825e+01 7.146489469463825905e-01 -5.971990588822176926e-01
2.900000000000000000e+01 7.511999449694100406e+01 1.335452472155795878e+00 -8.419499557241000298e-03
3.000000000000000000e+01 8.101870632713692544e+01 2.059038861265191755e+00 -3.647995659360108167e-01
3.100000000000000000e+01 8.888290571692972719e+01 2.745123447704264308e+00 -6.547538066816152025e-01
3.200000000000000000e+01 9.861392875412559533e+01 3.396767831729728293e+00 -2.538870812840118285e-01
3.300000000000000000e+01 1.103602074703025124e+02 4.100224769084398702e+00 -1.638911369451103162e-01
3.400000000000000000e+01 1.240504151514710429e+02 4.778783986364183001e+00 2.483654864236826132e-01
3.500000000000000000e+01 1.396275554307115101e+02 5.437447718355490345e+00 7.991791301248452051e-02
3.600000000000000000e+01 1.566307958836084140e+02 5.935250588226855584e+00 2.422575057689453359e-01
3.700000000000000000e+01 1.745903875172398330e+02 6.269080126409907194e+00 3.475873076613895662e-01
3.800000000000000000e+01 -1.670980969966987288e+02 6.391924725234049198e+00 6.162184567706427973e-01
3.900000000000000000e+01 -1.490015240490276653e+02 6.316895625283915905e+00 8.219877955856358387e-01
4.000000000000000000e+01 -1.316582854253238679e+02 6.053932338853619477e+00 1.755747575968348961e+00
4.100000000000000000e+01 -1.151658306740157087e+02 5.756952742930202760e+00 1.677293564543773208e+00
4.200000000000000000e+01 -9.989726125582666327e+01 5.329736168334275881e+00 1.807907970337438552e+00
4.300000000000000000e+01 -8.596841602251157610e+01 4.862084206441322110e+00 1.372348543574583468e+00
4.400000000000000000e+01 -7.359312236755235404e+01 4.319792403604027164e+00 1.220141830910246750e+00
4.500000000000000000e+01 -6.275461262266598794e+01 3.783353621155151725e+00 1.009828201369964651e+00
4.600000000000000000e+01 -5.339237524635810672e+01 3.268037351396958723e+00 9.262881375145282092e-01
4.700000000000000000e+01 -4.535685135983278116e+01 2.804926978850361685e+00 1.022412923026468912e+00
4.800000000000000000e+01 -3.841069458862453700e+01 2.424666120345646547e+00 7.425232708453550767e-01
4.900000000000000000e+01 -3.248036920495545132e+01 2.070074073192428088e+00 5.996136560545040073e-01
5.000000000000000000e+01 -2.744619539409978870e+01 1.757258162342031582e+00 4.439614472414875612e-01
5.100000000000000000e+01 -2.321156232208949177e+01 1.478165794408436318e+00 4.770035409969966000e-01
5.200000000000000000e+01 -1.961877091494205416e+01 1.254120787841659590e+00 3.536096936111762790e-01
5.300000000000000000e+01 -1.659543848848880288e+01 1.055342104478370402e+00 1.800061986463631913e-01
5.400000000000000000e+01 -1.410841783065692390e+01 8.681339808856306517e-01 1.983380002944367115e-01
5.500000000000000000e+01 -1.205990304791099810e+01 7.150665546938550499e-01 1.238333314426890153e-01
5.600000000000000000e+01 -1.040708918187561238e+01 5.769408776986790777e-01 2.064478115822037385e-01
5.700000000000000000e+01 -9.053684320465766433e+00 4.724274188819863607e-01 8.714965400504856574e-02
5.800000000000000000e+01 -8.000931680819507008e+00 3.674799954177733752e-01 2.780152213955259244e-01
5.900000000000000000e+01 -7.127771571955730856e+00 3.047903759349001596e-01 4.697262446975782879e-01
6.000000000000000000e+01 -6.319364005871110024e+00 2.821874745242055615e-01 1.328652244735870624e-01
6.100000000000000000e+01 -5.690357800224739471e+00 2.195645860801142824e-01 2.647669205764601741e-01
6.200000000000000000e+01 -5.160614186705950068e+00 1.849154049463043736e-01 3.468706532331043424e-01
6.300000000000000000e+01 -4.675075366842279756e+00 1.694850210573737304e-01 3.656644014764359185e-01
6.400000000000000000e+01 -4.207524699785606614e+00 1.632059712006948271e-01 2.151134337855277467e-01
6.500000000000000000e+01 -3.805176245574747984e+00 1.404461053257823888e-01 1.790655874701715944e-01
6.600000000000000000e+01 -3.468469259530431614e+00 1.175329104187982643e-01 2.123139341496601273e-01
6.700000000000000000e+01 -3.170515250925595385e+00 1.040055693933983061e-01 1.449239116180393028e-01
6.800000000000000000e+01 -2.929118432846000264e+00 8.426338558653406752e-02 2.413620560787594627e-01
6.900000000000000000e+01 -2.693798012650441720e+00 8.214232259178076700e-02 3.283521947881755387e-02
7.000000000000000000e+01 -2.545347909813548970e+00 5.181886138855926888e-02 1.129733252691103307e-01
7.100000000000000000e+01 -2.443770250040012026e+00 3.545729219037657698e-02 4.274195017184721501e-01
7.200000000000000000e+01 -2.250136190344715903e+00 6.759103771372321212e-02 3.445798557296229081e-01
7.300000000000000000e+01 -1.992788263590277609e+00 8.983137290092303717e-02 1.956092811225045303e-01
7.400000000000000000e+01 -1.726097934114607213e+00 9.309248665157859870e-02 2.321964910632680901e-01
7.500000000000000000e+01 -1.424347394354808394e+00 1.053308087695709605e-01 1.903395440853992981e-01
7.600000000000000000e+01 -1.094211986406395942e+00 1.152389969222891442e-01 1.299631617736557443e-01
7.700000000000000000e+01 -7.492594787848964044e-01 1.204111404201199526e-01 4.960104931594980227e-02
7.800000000000000000e+01 -4.110889199218046852e-01 1.180437937094048484e-01 -9.289710923142219245e-02
7.900000000000000000e+01 -1.282536554514424887e-01 9.872813211513511988e-02 -1.305288485106331775e-03
8.000000000000000000e+01 1.492111945466276512e-01 9.685350382037011263e-02 -1.004625729026567549e-01
8.100000000000000000e+01 3.891008473179048410e-01 8.373728564649454698e-02 -2.114668682309923664e-01
8.200000000000000000e+01 5.527104767845426592e-01 5.711053444321522593e-02 -2.008928766299759028e-01
8.300000000000000000e+01 6.507190729328777845e-01 3.421145396091765378e-02 -4.959509831910535738e-02
8.400000000000000000e+01 7.518171860985322086e-01 3.528989884588999704e-02 -1.023330076289291068e-01
8.500000000000000000e+01 8.371332638919090074e-01 2.978092924764079094e-02 -1.149137118956556070e-01
8.600000000000000000e+01 9.044601919336743290e-01 2.350153139164218308e-02 -1.011500470327420242e-01
8.700000000000000000e+01 9.622369375964821003e-01 2.016788885806691800e-02 -1.546149509422755641e-01
8.800000000000000000e+01 9.896549911887577711e-01 9.570706193469329104e-03 -7.175169525612906662e-02
8.900000000000000000e+01 1.023350241763298252e+00 1.176186129620484036e-02 -4.594859502833749387e-02
9.000000000000000000e+01 1.075674131799958078e+00 1.826448317182351525e-02 -1.757919409763364360e-01
9.100000000000000000e+01 1.092792410032911832e+00 5.975406348750355798e-03 -6.365051254613228460e-02
9.200000000000000000e+01 1.123536126141633451e+00 1.073158140791226345e-02 -1.595001197707320018e-01
9.300000000000000000e+01 1.127869619122727318e+00 1.512674412642975655e-03 -6.119268646813907919e-02
9.400000000000000000e+01 1.148199871271735173e+00 7.096596755216794637e-03 -1.326742314634563602e-01
9.500000000000000000e+01 1.154572185348560431e+00 2.224357232235729502e-03 -2.701082573180970670e-01
9.600000000000000000e+01 1.088167552560612039e+00 -2.317958961454967895e-02 -3.941976497908918076e-02
9.700000000000000000e+01 1.045627353679185134e+00 -1.484933069868216160e-02 -2.953666103809915455e-02
9.800000000000000000e+01 1.029603558924511164e+00 -5.593359542657157929e-03 -1.388418295193137586e-01
9.900000000000000000e+01 9.925249382813504662e-01 -1.294288024642185203e-02 -1.070754280478567882e-01
1.000000000000000000e+02 9.466518654935943688e-01 -1.601272316306719123e-02 -1.040955994316695860e-01
1.010000000000000000e+02 8.915448337108652366e-01 -1.923598291219560941e-02 2.439263931313633699e-02
1.020000000000000000e+02 8.803513486746650241e-01 -3.907263373088248892e-03 -8.333917999695904244e-02
1.030000000000000000e+02 8.663573656336301942e-01 -4.884821590686183254e-03 -1.299576823794744984e-01
1.040000000000000000e+02 8.290053454354904261e-01 -1.303831469457917940e-02 -8.437586204562985692e-02
1.050000000000000000e+02 7.864820850998214263e-01 -1.484341803080273768e-02 -1.467605078326491563e-01
1.060000000000000000e+02 7.103852940365733559e-01 -2.656279108511749171e-02 -5.360413762279370165e-02
1.070000000000000000e+02 6.378925876062826461e-01 -2.530472821780468951e-02 -7.558579900885882552e-02
1.080000000000000000e+02 5.568397544856157344e-01 -2.829277612050300900e-02 -1.810182971103721228e-01
1.090000000000000000e+02 4.188812001472018154e-01 -4.815662008993661786e-02 6.187731060525891724e-02
1.100000000000000000e+02 3.232203664755614048e-01 -3.339193025545564297e-02 -7.502946112704084181e-02
1.110000000000000000e+02 2.074386962958072178e-01 -4.041542716189690243e-02 -1.034950924840256567e-02
1.120000000000000000e+02 9.498858623308788218e-02 -3.925249329648918678e-02 4.534254002230947433e-02
1.130000000000000000e+02 5.585067839986960180e-03 -3.120771517653841975e-02 9.784158421581630460e-02
1.140000000000000000e+02 -4.156468673614593240e-02 -1.645836917721564541e-02 -7.861653859359746255e-02
1.150000000000000000e+02 -1.240560858882260170e-01 -2.879493039561312195e-02 -2.773766986137811419e-02
1.160000000000000000e+02 -2.231189702506265748e-01 -3.457946997292587338e-02 1.309373788604079603e-01
1.170000000000000000e+02 -2.742826009316105540e-01 -1.785947625315116236e-02 9.827752907824467005e-03
1.180000000000000000e+02 -3.315086241344559204e-01 -1.997565045424643665e-02 5.341488717320767854e-02
1.190000000000000000e+02 -3.782127943943948689e-01 -1.630283090895900955e-02 9.714065598094528964e-02
1.200000000000000000e+02 -3.973567193915804041e-01 -6.682490459114676096e-03 5.575088827544341652e-02
1.210000000000000000e+02 -4.074442224017479908e-01 -3.521202816645276762e-03 7.329403940112641513e-02
1.220000000000000000e+02 -4.013149615664026171e-01 2.139515645806281535e-03 5.538483576664871705e-02
1.230000000000000000e+02 -3.864350086990895883e-01 5.194083401523724372e-03 1.234744866226958337e-02
1.240000000000000000e+02 -3.807403335712635783e-01 1.987816616239845499e-03 5.104418481806261704e-02
1.250000000000000000e+02 -3.673886931815606438e-01 4.660601706851476983e-03 6.902344495895151866e-02
1.260000000000000000e+02 -3.381533937506296383e-01 1.020504465752343493e-02 2.669832482477073332e-02
1.270000000000000000e+02 -3.101260129748684702e-01 9.783401504943882443e-03 1.402264866564156831e-01
1.280000000000000000e+02 -2.334704069384932745e-01 2.675785430892775249e-02 -7.129195648649319650e-02
1.290000000000000000e+02 -1.962053785829211694e-01 1.300794881307564335e-02 6.116718506616029838e-02
1.300000000000000000e+02 -1.400133759265330124e-01 1.961470919286745912e-02 6.505185669146554273e-03
1.310000000000000000e+02 -8.627647201327261206e-02 1.875771806228437866e-02 -1.777316493905645167e-02
1.320000000000000000e+02 -4.341238962481663161e-02 1.496238737049343341e-02 -6.320033847457809384e-02
1.330000000000000000e+02 -2.933461662946160523e-02 4.914069802345792312e-03 3.675484167554488035e-02
1.340000000000000000e+02 -5.626619245506140178e-04 1.004330683670740833e-02 -9.777606685059718472e-03
1.350000000000000000e+02 2.398657598224346321e-02 8.569300606579149937e-03 -6.515282715566464433e-02
1.360000000000000000e+02 2.143794531686006588e-02 -8.896399305646836980e-04 -2.336952615408860456e-02
1.370000000000000000e+02 9.650923448226754811e-03 -4.114446812244515472e-03 -2.904487712513655062e-02
1.380000000000000000e+02 -1.425530536090804934e-02 -8.344848089090507737e-03 2.158016944872524767e-02
1.390000000000000000e+02 -2.942271338614371040e-02 -5.294424180675470944e-03 2.503646635065416223e-02
1.400000000000000000e+02 -3.493484419626357446e-02 -1.924096628744279870e-03 1.599312142662554295e-02
1.410000000000000000e+02 -3.488449389017691388e-02 1.757557241198210579e-05 2.184906125433483393e-02
1.420000000000000000e+02 -2.675336955267781924e-02 2.838297831568037995e-03 1.517024333949318349e-03
1.430000000000000000e+02 -1.897360334879373209e-02 2.715650705863153960e-03 1.995569217953276075e-02
1.440000000000000000e+02 -3.330020213864430447e-03 5.460640650279454528e-03 1.146048872586145906e-02
1.450000000000000000e+02 1.711346942673352273e-02 7.136124096515729202e-03 9.751281627635308841e-03
1.460000000000000000e+02 4.238901877709341098e-02 8.822831128281872701e-03 -1.391570406858957942e-03
1.470000000000000000e+02 6.865617285252226254e-02 9.168966474897604496e-03 -1.927393903479110437e-03
1.480000000000000000e+02 9.666969627282388788e-02 9.778564375376132961e-03 -2.442524693834529498e-03
1.490000000000000000e+02 1.272587339110974325e-01 1.067758843608688189e-02 -1.425578366953461802e-03
1.500000000000000000e+02 1.620073729688852049e-01 1.212956324290993641e-02 0.000000000000000000e+00
0.000000000000000000e+00 -5.367103829971753726e+01 -3.598341232893984554e-01 2.000000000000000000e+00
1.000000000000000000e+00 -5.557341809484871931e+01 -6.640558209690869962e-01 2.000000000000000000e+00
2.000000000000000000e+00 -5.838862987543454608e+01 -9.826942942430978434e-01 2.000000000000000000e+00
3.000000000000000000e+00 -6.217419495875407165e+01 -1.321411495049181539e+00 2.000000000000000000e+00
4.000000000000000000e+00 -6.700047520878763407e+01 -1.684689619741216893e+00 1.375409311302353554e+00
5.000000000000000000e+00 -7.321351292406096434e+01 -2.168759293642119168e+00 9.652539529072232671e-01
6.000000000000000000e+00 -8.106879846913723497e+01 -2.742011928917965413e+00 6.593370444904910199e-01
7.000000000000000000e+00 -9.076329585387520638e+01 -3.384017973793141731e+00 5.480925112054662041e-01
8.000000000000000000e+00 -1.023706689034800092e+02 -4.051737544457173712e+00 1.713927133399649472e-02
9.000000000000000000e+00 -1.160693827914668077e+02 -4.781753212680868614e+00 4.728423204305056693e-01
1.000000000000000000e+01 -1.314949071221780628e+02 -5.384523768348118189e+00 5.795182395023400490e-01
1.100000000000000000e+01 -1.482807284452121053e+02 -5.859356994768292637e+00 4.737436944471684619e-01
1.200000000000000000e+01 -1.659926122591411399e+02 -6.182613785675044937e+00 6.556443306433699103e-01
1.300000000000000000e+01 1.760571861331938237e+02 -6.265802389010692863e+00 4.331107254466584067e-01
1.400000000000000000e+01 1.584408390025286906e+02 -6.149265192087240983e+00 1.881166513791114880e-01
1.500000000000000000e+01 1.416948542996543949e+02 -5.845451391075211056e+00 1.743369881547929268e-02
1.600000000000000000e+01 1.262881647082580514e+02 -5.377949204052131726e+00 -2.214296943131357498e-01
1.700000000000000000e+01 1.125181962707849266e+02 -4.806625742592102846e+00 -7.766250637902885057e-01
1.800000000000000000e+01 1.003992764918181422e+02 -4.230301038560681626e+00 -9.084297684378543902e-01
1.900000000000000000e+01 9.000328620234731147e+01 -3.628885191132473320e+00 -1.153427903900749563e+00
2.000000000000000000e+01 8.126023850958712558e+01 -3.051899377951186487e+00 -1.259201302779914489e+00
2.100000000000000000e+01 7.409973265761102823e+01 -2.499488064506098617e+00 -1.449215357444313845e+00
2.200000000000000000e+01 6.838285905794575115e+01 -1.995565344689985476e+00 -1.242617604781092622e+00
2.300000000000000000e+01 6.412948323150200736e+01 -1.484708249923567980e+00 -1.159503021696479674e+00
2.400000000000000000e+01 6.131111277147049066e+01 -9.837968813699432546e-01 -1.045849224126889743e+00
2.500000000000000000e+01 5.992815079475828810e+01 -4.827447984703445716e-01 -1.069565523526789352e+00
2.600000000000000000e+01 5.994496327673879676e+01 5.868663319843037129e-03 -9.551275945939634582e-01
2.700000000000000000e+01 6.141104213341628792e+01 5.117580628579203594e-01 -7.014667453375996731e-01
2.800000000000000000e+01 6.446231300357497673e+01 1.065094461089233224e+00 -5.799170403340915270e-01
2.900000000000000000e+01 6.920306131668233718e+01 1.654833341441809491e+00 -9.386384709939279980e-02
3.000000000000000000e+01 7.591207409474610301e+01 2.341887250711683688e+00 -4.609361759519485791e-01
3.100000000000000000e+01 8.450698339177654361e+01 3.000189322869057484e+00 -7.233055523074638504e-01
3.200000000000000000e+01 9.492980014851346482e+01 3.638249394741922327e+00 -4.049665237499487924e-01
3.300000000000000000e+01 1.073192388822584320e+02 4.324729967559328259e+00 -3.249798648874770435e-01
3.400000000000000000e+01 1.216202043063196214e+02 4.991978657274682263e+00 6.695367686464348544e-02
3.500000000000000000e+01 1.377795572843727712e+02 5.640678289179571259e+00 -8.684365723388043357e-02
3.600000000000000000e+01 1.553454130641956397e+02 6.131640385767702206e+00 5.835992008177992574e-02
3.700000000000000000e+01 1.738326254499905872e+02 6.453254512951968280e+00 1.591699866172957556e-01
3.800000000000000000e+01 -1.673809337139734339e+02 6.557704946398885681e+00 4.324233285676266636e-01
3.900000000000000000e+01 -1.488780711456534505e+02 6.458717457223952074e+00 6.282993811508472692e-01
4.000000000000000000e+01 -1.312157401003799748e+02 6.165316606344683592e+00 1.523289982789282071e+00
4.100000000000000000e+01 -1.145150669998539144e+02 5.829634658068590269e+00 1.482043716067244610e+00
4.200000000000000000e+01 -9.913243341279120102e+01 5.369552074442196066e+00 1.643974424692119296e+00
4.300000000000000000e+01 -8.516471029538307391e+01 4.875655148113965609e+00 1.252853626660776820e+00
4.400000000000000000e+01 -7.279955816508520172e+01 4.316252343673780523e+00 1.117012041809647638e+00
4.500000000000000000e+01 -6.200690375810538058e+01 3.767347088633480112e+00 9.348596308513028585e-01
4.600000000000000000e+01 -5.270973844222255877e+01 3.245322917287473796e+00 8.789845007345702399e-01
4.700000000000000000e+01 -4.474422638117667361e+01 2.780488241451409159e+00 9.787748419455042370e-01
4.800000000000000000e+01 -3.787060325917589410e+01 2.399347100402507760e+00 7.133747671810179991e-01
4.900000000000000000e+01 -3.200940797131571003e+01 2.045943117510741427e+00 5.770715456729658133e-01
5.000000000000000000e+01 -2.703911377785166081e+01 1.734959969374072486e+00 4.264821370711681103e-01
5.100000000000000000e+01 -2.286229929100557356e+01 1.457983300809233551e+00 4.625381063976037321e-01
5.200000000000000000e+01 -1.932148966458923312e+01 1.235975723345510646e+00 3.410858152657222919e-01
5.300000000000000000e+01 -1.634501022083281185e+01 1.038987328229576956e+00 1.746554647135482585e-01
5.400000000000000000e+01 -1.389813614282339138e+01 8.541201808593006373e-01 1.960167883306050962e-01
5.500000000000000000e+01 -1.188311419231883015e+01 7.033753507252559212e-01 1.216991261499563437e-01
5.600000000000000000e+01 -1.025822487383979009e+01 5.671933717589193735e-01 2.040014863059702865e-01
5.700000000000000000e+01 -8.928303910991324699e+00 4.642299918599783748e-01 8.628498614187316007e-02
5.800000000000000000e+01 -7.894762740102621024e+00 3.607739277385046961e-01 2.761232656555469012e-01
5.900000000000000000e+01 -7.037684016732116632e+00 2.991769134320994561e-01 4.669270268946517088e-01
6.000000000000000000e+01 -6.243208207572664037e+00 2.773243739455715784e-01 1.318048285311249623e-01
6.100000000000000000e+01 -5.625750732569045454e+00 2.155333185972746479e-01 2.637275510955521818e-01
6.200000000000000000e+01 -5.105591524594572661e+00 1.815698162744093791e-01 3.455195071737775514e-01
6.300000000000000000e+01 -4.628162647756937531e+00 1.666541168983045884e-01 3.642759575071982669e-01
6.400000000000000000e+01 -4.167565131160875680e+00 1.607788638222101274e-01 2.142647890138874855e-01
6.500000000000000000e+01 -3.771040022236257006e+00 1.384133743512748482e-01 1.780829739689608893e-01
6.600000000000000000e+01 -3.439301316948814691e+00 1.157986532713798505e-01 2.112691250517117758e-01
6.700000000000000000e+01 -3.145672751666837907e+00 1.024957048415524041e-01 1.441130306515523429e-01
6.800000000000000000e+01 -2.908019648411431568e+00 8.295658258777757754e-02 2.410386064673472328e-01
6.900000000000000000e+01 -2.675791757125275172e+00 8.106282635813752413e-02 3.247392292738433828e-02
7.000000000000000000e+01 -2.529914945552396155e+00 5.092061328516235552e-02 1.124669489123897720e-01
7.100000000000000000e+01 -2.430550007628901721e+00 3.468490655609485218e-02 4.270236395064326840e-01
7.200000000000000000e+01 -2.238803468382994044e+00 6.693216878291230465e-02 3.441512846929482006e-01
7.300000000000000000e+01 -1.983102575875759888e+00 8.925644949078669066e-02 1.953025898012403228e-01
7.400000000000000000e+01 -1.717828076846678043e+00 9.259826859271955146e-02 2.320190990022623911e-01
7.500000000000000000e+01 -1.417259616554737978e+00 1.049181851948838423e-01 1.900995668998283761e-01
7.600000000000000000e+01 -1.088143700723096075e+00 1.148831270395736376e-01 1.297749300255925942e-01
7.700000000000000000e+01 -7.440640524075792239e-01 1.201064550441985068e-01 4.944551967076435406e-02
7.800000000000000000e+01 -4.066383748465000059e-01 1.177837810842716354e-01 -9.307288390848861281e-02
7.900000000000000000e+01 -1.244566340907953539e-01 9.850000930392235898e-02 -1.419676820533788408e-03
8.000000000000000000e+01 1.524479253810274992e-01 9.665792553135517384e-02 -1.005292759963774818e-01
8.100000000000000000e+01 3.918700010686348989e-01 8.357407045415629621e-02 -2.115458184432691402e-01
8.200000000000000000e+01 5.550819679509489957e-01 5.697172401504652095e-02 -2.009815504743547865e-01
8.300000000000000000e+01 6.527437235003513694e-01 3.409038375229830886e-02 -4.964943635348767481e-02
8.400000000000000000e+01 7.535475655012937590e-01 3.518717883153187065e-02 -1.023866067647463407e-01
8.500000000000000000e+01 8.386112232264960609e-01 2.969281802188584660e-02 -1.149557769583146732e-01
8.600000000000000000e+01 9.057230726199039239e-01 2.342645478035055434e-02 -1.011940848370047330e-01
8.700000000000000000e+01 9.633131678989286240e-01 2.010273558312442033e-02 -1.546451629067354117e-01
8.800000000000000000e+01 9.905719414106403109e-01 9.515106956695719778e-03 -7.178022052244156792e-02
8.900000000000000000e+01 1.024130034573608183e+00 1.171398432769570931e-02 -4.596564477341895383e-02
9.000000000000000000e+01 1.076338678173117458e+00 1.822425457623400719e-02 -1.758084605079628104e-01
9.100000000000000000e+01 1.093359527317714353e+00 5.941397181169573438e-03 -6.366356506394689474e-02
9.200000000000000000e+01 1.124021468459839523e+00 1.070303655965587283e-02 -1.595168320028753084e-01
9.300000000000000000e+01 1.128284201757832728e+00 1.487974623687512640e-03 -6.120442858953517584e-02
9.400000000000000000e+01 1.148554192254349848e+00 7.075561470243696589e-03 -1.326824558065972104e-01
9.500000000000000000e+01 1.154875994895651514e+00 2.206725415039614314e-03 -2.701162945790605008e-01
9.600000000000000000e+01 1.088428787458045166e+00 -2.319445097083783214e-02 -3.942886575042936492e-02
9.700000000000000000e+01 1.045851897700068145e+00 -1.486213823070708061e-02 -2.954363451527491913e-02
9.800000000000000000e+01 1.029796834436080166e+00 -5.604274311451459475e-03 -1.388477210238201198e-01
9.900000000000000000e+01 9.926916602572924964e-01 -1.295214917891663806e-02 -1.070813972470629344e-01
1.000000000000000000e+02 9.467957199953981329e-01 -1.602070541737365267e-02 -1.041007358194465243e-01
1.010000000000000000e+02 8.916690073458838350e-01 -1.924285283069667590e-02 2.438755819694431864e-02
1.020000000000000000e+02 8.804583139415662618e-01 -3.913270226739066701e-03 -8.334319517180269199e-02
1.030000000000000000e+02 8.664494078620904594e-01 -4.890030713789966441e-03 -1.299605101811335262e-01
1.040000000000000000e+02 8.290847006562087618e-01 -1.304274329572579008e-02 -8.437871121685683318e-02
1.050000000000000000e+02 7.865505044809101287e-01 -1.484723535896285800e-02 -1.467631725867950265e-01
1.060000000000000000e+02 7.104441979693407738e-01 -2.656611260317767037e-02 -5.360638860872025263e-02
1.070000000000000000e+02 6.379432175284645012e-01 -2.530761639234599750e-02 -7.558725246406160225e-02
1.080000000000000000e+02 5.568833843252511961e-01 -2.829521961026987623e-02 -1.810200367092166529e-01
1.090000000000000000e+02 4.189187184084650628e-01 -4.815875343323837432e-02 6.187606332962372613e-02
1.100000000000000000e+02 3.232526440784244115e-01 -3.339375959033676067e-02 -7.503049965181796122e-02
1.110000000000000000e+02 2.074664973579655181e-01 -4.041698976938483401e-02 -1.035048329353862803e-02
1.120000000000000000e+02 9.501253472247295218e-02 -3.925383809808050128e-02 4.534159230619204395e-02
1.130000000000000000e+02 5.605654572713388711e-03 -3.120888865098530446e-02 9.784085553200859431e-02
1.140000000000000000e+02 -4.154700288640547634e-02 -1.645938247453375414e-02 -7.861722242808549810e-02
1.150000000000000000e+02 -1.240409356335055030e-01 -2.879581478711332534e-02 -2.773814363961447926e-02
1.160000000000000000e+02 -2.231059890489055231e-01 -3.458022711525567117e-02 1.309369728950399159e-01
1.170000000000000000e+02 -2.742714764422815032e-01 -1.786012436804124831e-02 9.827358335131545358e-03
1.180000000000000000e+02 -3.314991087490743449e-01 -1.997621213748426369e-02 5.341455474471455689e-02
1.190000000000000000e+02 -3.782046741426037806e-01 -1.630331790245218015e-02 9.714042368512072756e-02
1.200000000000000000e+02 -3.973497895923493450e-01 -6.682906005449905026e-03 5.575071995512007050e-02
1.210000000000000000e+02 -4.074382955241860338e-01 -3.521552902350586021e-03 7.329385166793954409e-02
1.220000000000000000e+02 -4.013098960306152319e-01 2.139214980807284307e-03 5.538469499729953283e-02
1.230000000000000000e+02 -3.864306750433162407e-01 5.193827927204180440e-03 1.234731368210127689e-02
1.240000000000000000e+02 -3.807366272905638449e-01 1.987597621026261467e-03 5.104408823577470666e-02
1.250000000000000000e+02 -3.673855167966579849e-01 4.660416738324483707e-03 6.902334137593840735e-02
1.260000000000000000e+02 -3.381506726610599145e-01 1.020488572947080355e-02 2.669821860954590953e-02
1.270000000000000000e+02 -3.101236907841803392e-01 9.783262262966621603e-03 1.402264015867803748e-01
1.280000000000000000e+02 -2.334684331217936615e-01 2.675773270346517782e-02 -7.129199182114991096e-02
1.290000000000000000e+02 -1.962036943066479688e-01 1.300784774440044006e-02 6.116714394275916955e-02
1.300000000000000000e+02 -1.400119357021765432e-01 1.961462400267760878e-02 6.505143995932841094e-03
1.310000000000000000e+02 -8.627523974032479115e-02 1.875764547354908177e-02 -1.777319332770421756e-02
1.320000000000000000e+02 -4.341133129221754622e-02 1.496232665385768823e-02 -6.320035399588816438e-02
1.330000000000000000e+02 -2.933369921954189288e-02 4.914020611050874676e-03 3.675481422045503987e-02
1.340000000000000000e+02 -5.618628323982192497e-04 1.004326553601534062e-02 -9.777624918177525715e-03
1.350000000000000000e+02 2.398727888747895567e-02 8.569267031011202490e-03 -6.515284948793810538e-02
1.360000000000000000e+02 2.143856879753487307e-02 -8.896676549665014089e-04 -2.336954645919381290e-02
1.370000000000000000e+02 9.651482159388276305e-03 -4.114469421069751054e-03 -2.904489474853313991e-02
1.380000000000000000e+02 -1.425479804068803015e-02 -8.344866027913205864e-03 2.158014923937060653e-02
1.390000000000000000e+02 -2.942224711668773446e-02 -5.294438510095332562e-03 2.503644662831751647e-02
1.400000000000000000e+02 -3.493440996751875915e-02 -1.924107813062366553e-03 1.599310486381594343e-02
1.410000000000000000e+02 -3.488408253591076397e-02 1.756758771263660333e-05 2.184904593948398810e-02
1.420000000000000000e+02 -2.675297222818057499e-02 2.838292934254822014e-03 1.517010578190897130e-03
1.430000000000000000e+02 -1.897321106549971007e-02 2.715648946151266035e-03 1.995567965034376889e-02
1.440000000000000000e+02 -3.329623645173849546e-03 5.460642146165047874e-03 1.146047758727668231e-02
1.450000000000000000e+02 1.711388036569197121e-02 7.136129112685503026e-03 9.751271494762098202e-03
1.460000000000000000e+02 4.238945514224858740e-02 8.822840003698860858e-03 -1.391579055281338961e-03
1.470000000000000000e+02 6.865664729117729181e-02 9.168979765056208334e-03 -1.927401080604712602e-03
1.480000000000000000e+02 9.667022349227319400e-02 9.778582799348975105e-03 -2.442530034205553369e-03
1.490000000000000000e+02 1.272593313871861476e-01 1.067761296028045710e-02 -1.425581352260808614e-03
1.500000000000000000e+02 1.620080618240696269e-01 1.212959514023167693e-02 0.000000000000000000e+00
0.000000000000000000e+00 -3.078188904746876631e+01 -4.532516516794160566e-02 -4.825121440413706608e-01
1.000000000000000000e+00 -3.221866804057470546e+01 -5.015304810637492006e-01 5.211926039061820504e-02
2.000000000000000000e+00 -3.477857631013011286e+01 -8.935765570554496939e-01 3.391518768467121081e-01
3.000000000000000000e+00 -3.841831546129503039e+01 -1.270508642031426438e+00 5.062174175686833255e-01
4.000000000000000000e+00 -4.317565488160676068e+01 -1.660624730387162629e+00 1.833956768156952410e-01
5.000000000000000000e+00 -4.932433242795071493e+01 -2.146293356542962272e+00 2.073571676580374668e-01
6.000000000000000000e+00 -5.701342083215263301e+01 -2.683998182604799609e+00 2.750116292386149963e-01
7.000000000000000000e+00 -6.638656639890670874e+01 -3.271845028171370462e+00 6.205865571818167670e-01
8.000000000000000000e+00 -7.746172218659553721e+01 -3.865958673329524142e+00 6.183338910133221455e-01
9.000000000000000000e+00 -9.036851893636419675e+01 -4.505321983383309359e+00 1.331952127136882158e+00
1.000000000000000000e+01 -1.048514987100613638e+02 -5.055513651015181686e+00 1.676846241967927753e+00
1.100000000000000000e+01 -1.206907214720828279e+02 -5.528931763082102435e+00 2.000000000000000000e+00
1.200000000000000000e+01 -1.375181566392057846e+02 -5.873882966643547476e+00 2.000000000000000000e+00
1.300000000000000000e+01 -1.549372205819372255e+02 -6.080400368321767779e+00 2.000000000000000000e+00
1.400000000000000000e+01 -1.724070150446522405e+02 -6.098108660421017291e+00 2.000000000000000000e+00
1.500000000000000000e+01 1.706987229541797433e+02 -5.897209932298973278e+00 2.000000000000000000e+00
1.600000000000000000e+01 1.550111655392108503e+02 -5.475990569737156477e+00 1.384809546647232770e+00
1.700000000000000000e+01 1.408263408001858465e+02 -4.951437910286621502e+00 3.167360347853709346e-01
1.800000000000000000e+01 1.281348306620284916e+02 -4.430172779221736690e+00 -4.408123825243499549e-01
1.900000000000000000e+01 1.169438911837333421e+02 -3.906374805753348944e+00 -1.185908046518163061e+00
2.000000000000000000e+01 1.071587088260647533e+02 -3.415673000987553554e+00 -1.700820721784811251e+00
2.100000000000000000e+01 9.869561313769828814e+01 -2.954177693466612631e+00 -2.000000000000000000e+00
2.200000000000000000e+01 9.149697542599814426e+01 -2.512798594547955400e+00 -2.000000000000000000e+00
2.300000000000000000e+01 8.558675945065489543e+01 -2.063054565474153446e+00 -2.000000000000000000e+00
2.400000000000000000e+01 8.095932793238013403e+01 -1.615278318089100384e+00 -1.814637416452947294e+00
2.500000000000000000e+01 7.767401329752591721e+01 -1.146791146843230136e+00 -1.665213277881594234e+00
2.600000000000000000e+01 7.577219019503699826e+01 -6.638614985785009637e-01 -1.376454650026014193e+00
2.700000000000000000e+01 7.536156547118228843e+01 -1.433350684271479381e-01 -9.175455681581043965e-01
2.800000000000000000e+01 7.663550273146407221e+01 4.446879931150692356e-01 -6.191438677390024292e-01
2.900000000000000000e+01 7.973378885837166763e+01 1.081505881668010982e+00 5.361098382997239731e-02
3.000000000000000000e+01 8.496930605557770377e+01 1.827540262720606545e+00 -2.859021322935502152e-01
3.100000000000000000e+01 9.222228092741424632e+01 2.531765841559234786e+00 -5.933704575748268706e-01
3.200000000000000000e+01 1.013672494307962637e+02 3.192196207503888328e+00 -1.264904103889018527e-01
3.300000000000000000e+01 1.125643076328973819e+02 3.908510643282032238e+00 -2.959289860908892456e-02
3.400000000000000000e+01 1.257327650431396364e+02 4.596658784347443572e+00 3.994433948165181381e-01
3.500000000000000000e+01 1.408169892838280646e+02 5.265387562183108550e+00 2.213906321282854694e-01
3.600000000000000000e+01 1.573538282993884252e+02 5.772445773875714892e+00 3.990535397580723398e-01
3.700000000000000000e+01 1.748894399086647411e+02 6.121083178656252954e+00 5.078130645131535559e-01
3.800000000000000000e+01 -1.671653399080491909e+02 6.264063543873658269e+00 7.689553669365996047e-01
3.900000000000000000e+01 -1.493669701327929999e+02 6.212803081313273523e+00 9.792307291551278770e-01
4.000000000000000000e+01 -1.322425950754158066e+02 5.977534541952501002e+00 1.939984496421815585e+00
4.100000000000000000e+01 -1.158751863293712319e+02 5.713303452763876855e+00 1.825629248604680122e+00
4.200000000000000000e+01 -1.006564598759789533e+02 5.312337691441092247e+00 1.926876857933291998e+00
4.300000000000000000e+01 -8.672125535414228636e+01 4.864304016897039951e+00 1.454476620603182946e+00
4.400000000000000000e+01 -7.430611025201365294e+01 4.333703182899846240e+00 1.291106332861976735e+00
4.500000000000000000e+01 -6.340464659027711747e+01 3.805328683676395318e+00 1.057698460242625371e+00
4.600000000000000000e+01 -5.396992090986466906e+01 3.293340542913191449e+00 9.528818620392502936e-01
4.700000000000000000e+01 -4.586330839517110292e+01 2.829741591295594549e+00 1.048176973493434305e+00
4.800000000000000000e+01 -3.884827738325009250e+01 2.448707765750626209e+00 7.580993811994962694e-01
4.900000000000000000e+01 -3.285520336386662876e+01 2.091977479079439206e+00 6.113504785720824675e-01
5.000000000000000000e+01 -2.776507014782927385e+01 1.776791679699591953e+00 4.529179936542012674e-01
5.100000000000000000e+01 -2.348122536801019322e+01 1.495343921044290258e+00 4.844698417899071519e-01
5.200000000000000000e+01 -1.984529826051625534e+01 1.269177987765660598e+00 3.603384111598037509e-01
5.300000000000000000e+01 -1.678393465372432303e+01 1.068617490784964819e+00 1.818011429116765387e-01
5.400000000000000000e+01 -1.426488232756078745e+01 8.793151424315152065e-01 1.983146100623162100e-01
5.500000000000000000e+01 -1.219003440284556383e+01 7.242585552890411504e-01 1.240410612628524978e-01
5.600000000000000000e+01 -1.051556919192521633e+01 5.844986228132282857e-01 2.071742514399801671e-01
5.700000000000000000e+01 -9.144201201272849744e+00 4.786977338668521598e-01 8.694904259652211365e-02
5.800000000000000000e+01 -8.076923309013263719e+00 3.725502650735020294e-01 2.787431788555873036e-01
5.900000000000000000e+01 -7.191746813655619519e+00 3.089848861051036621e-01 4.712375256691737624e-01
6.000000000000000000e+01 -6.373053800554689730e+00 2.857777728336863277e-01 1.332480904409377720e-01
6.100000000000000000e+01 -5.735598652939533082e+00 2.225138231934186972e-01 2.652109792160694535e-01
6.200000000000000000e+01 -5.198903382646435034e+00 1.873419909299102459e-01 3.475857369533040808e-01
6.300000000000000000e+01 -4.707535602754906456e+00 1.715197119464388076e-01 3.664526743143589060e-01
6.400000000000000000e+01 -4.235030421151273039e+00 1.649354230343427763e-01 2.155635320938310839e-01
6.500000000000000000e+01 -3.828562703287809565e+00 1.418839995956964473e-01 1.796346760910417784e-01
6.600000000000000000e+01 -3.488366952682311783e+00 1.187507189871884472e-01 2.129486437800753584e-01
6.700000000000000000e+01 -3.187396221993169299e+00 1.050586040531735210e-01 1.454134563426713878e-01
6.800000000000000000e+01 -2.943404377775801439e+00 8.516922059212299334e-02 2.415337533656142510e-01
6.900000000000000000e+01 -2.705950169571418762e+00 8.288715511765248900e-02 3.304256136640566777e-02
7.000000000000000000e+01 -2.555732380152980099e+00 5.243590040838486122e-02 1.132856087689048386e-01
7.100000000000000000e+01 -2.452641871711960242e+00 3.598537599701609468e-02 4.276634401382810036e-01
7.200000000000000000e+01 -2.257722520686273882e+00 6.803968902497632698e-02 3.448495449997378559e-01
7.300000000000000000e+01 -1.999257679465762383e+00 9.022124959884546269e-02 1.958007884774226048e-01
7.400000000000000000e+01 -1.731610597195211598e+00 9.342645637954508087e-02 2.323045637975845457e-01
7.500000000000000000e+01 -1.429063494566773951e+00 1.056088616647084533e-01 1.904914362481877899e-01
7.600000000000000000e+01 -1.098243051832773709e+00 1.154781191722732275e-01 1.300820850276033780e-01
7.700000000000000000e+01 -7.527055432079914343e-01 1.206153442928150216e-01 4.969947711166330939e-02
7.800000000000000000e+01 -4.140369034276029092e-01 1.182176567483684826e-01 -9.278431398293413013e-02
7.900000000000000000e+01 -1.307656343678528510e-01 9.888032642790760274e-02 -1.232490789315532353e-03
8.000000000000000000e+01 1.470723037563447799e-01 9.698373614439052826e-02 -1.004207128894726020e-01
8.100000000000000000e+01 3.872728245328641572e-01 8.384579905110618736e-02 -2.114164704468827760e-01
8.200000000000000000e+01 5.511464295760768461e-01 5.720267930233695342e-02 -2.008357148678285298e-01
8.300000000000000000e+01 6.493849157098237068e-01 3.429170070417350558e-02 -4.956034504727617473e-02
8.400000000000000000e+01 7.506778253035176762e-01 3.535789562669820058e-02 -1.022985398851583572e-01
8.500000000000000000e+01 8.361607885896062964e-01 2.983918327407348442e-02 -1.148866579056065929e-01
8.600000000000000000e+01 9.036297637839811880e-01 2.355111520176448453e-02 -1.011215729426989951e-01
8.700000000000000000e+01 9.615296552590774093e-01 2.021087485575646242e-02 -1.545954681302769418e-01
8.800000000000000000e+01 9.890527074352623016e-01 9.607357613452239056e-03 -7.173325909718300530e-02
8.900000000000000000e+01 1.022838296675741221e+00 1.179339543945467222e-02 -4.593763220299677819e-02
9.000000000000000000e+01 1.075238041425281121e+00 1.829096146168167000e-02 -1.757812807939317379e-01
9.100000000000000000e+01 1.092420404738766671e+00 5.997776261884000398e-03 -6.364208964259070178e-02
9.200000000000000000e+01 1.123217877742080928e+00 1.075034610403802562e-02 -1.594892663987434456e-01
9.300000000000000000e+01 1.127597859489667398e+00 1.528902053452824150e-03 -6.118507199962299609e-02
9.400000000000000000e+01 1.147967683469715006e+00 7.110409930070488334e-03 -1.326689066305357656e-01
9.500000000000000000e+01 1.154373152261347180e+00 2.235930410954445509e-03 -2.701030412790377255e-01
9.600000000000000000e+01 1.087996453390187135e+00 -2.316983883813085454e-02 -3.941384259313833460e-02
9.700000000000000000e+01 1.045480318321504232e+00 -1.484093084342288579e-02 -2.953212422252529668e-02
9.800000000000000000e+01 1.029477024024581411e+00 -5.586203532938699770e-03 -1.388379952596227873e-01
9.900000000000000000e+01 9.924158071981804552e-01 -1.293680516832435012e-02 -1.070715385976940687e-01
1.000000000000000000e+02 9.465577177936012054e-01 -1.600749297567667997e-02 -1.040922514284148975e-01
1.010000000000000000e+02 8.914635780355510963e-01 -1.923148274663770418e-02 2.439595386715830844e-02
1.020000000000000000e+02 8.802813626297268934e-01 -3.903329529977347251e-03 -8.333656102355406492e-02
1.030000000000000000e+02 8.662971504730720973e-01 -4.881410908620841850e-03 -1.299558387582596397e-01
1.040000000000000000e+02 8.289534355867691495e-01 -1.303541559384016613e-02 -8.437400308529260928e-02
1.050000000000000000e+02 7.864373329767152532e-01 -1.484091951322386374e-02 -1.467587685015564192e-01
1.060000000000000000e+02 7.103467690150410130e-01 -2.656061741661114306e-02 -5.360266831533828241e-02
1.070000000000000000e+02 6.378594764974210296e-01 -2.530283840577437354e-02 -7.558485068308382071e-02
1.080000000000000000e+02 5.568112232127738759e-01 -2.829117745614799506e-02 -1.810171612355038484e-01
1.090000000000000000e+02 4.188566669444440671e-01 -4.815522450020272294e-02 6.187812487752214485e-02
1.100000000000000000e+02 3.231992612800994036e-01 -3.339073365517375436e-02 -7.502878310928930150e-02
1.110000000000000000e+02 2.074205190320711212e-01 -4.041440512091910853e-02 -1.034887318931222364e-02
1.120000000000000000e+02 9.497292858441436225e-02 -3.925161378491470038e-02 4.534315903609614784e-02
1.130000000000000000e+02 5.571608646938458996e-03 -3.120694777075610354e-02 9.784206013880260289e-02
1.140000000000000000e+02 -4.157624768046735975e-02 -1.645770656340946395e-02 -7.861609189690080268e-02
1.150000000000000000e+02 -1.240659901653524966e-01 -2.879435210966987957e-02 -2.773736042079606723e-02
1.160000000000000000e+02 -2.231274562977843823e-01 -3.457897491727579542e-02 1.309376440304496070e-01
1.170000000000000000e+02 -2.742898730247232408e-01 -1.785905250325007729e-02 9.828010668427113877e-03
1.180000000000000000e+02 -3.315148442094308368e-01 -1.997528323064056213e-02 5.341510434421929687e-02
1.190000000000000000e+02 -3.782181023777711482e-01 -1.630251252892945396e-02 9.714080772313685164e-02
1.200000000000000000e+02 -3.973612491219934428e-01 -6.682218797582262573e-03 5.575099821957821278e-02
1.210000000000000000e+02 -4.074480964949912520e-01 -3.520973956099058590e-03 7.329416205049613109e-02
1.220000000000000000e+02 -4.013182725926146555e-01 2.139712193278415185e-03 5.538492773044461498e-02
1.230000000000000000e+02 -3.864378413001774426e-01 5.194250403396464752e-03 1.234753685167150339e-02
1.240000000000000000e+02 -3.807427560707482006e-01 1.987959768704740567e-03 5.104424791705840930e-02
1.250000000000000000e+02 -3.673907693063713786e-01 4.660722614421612502e-03 6.902351263966480244e-02
1.260000000000000000e+02 -3.381551722702017537e-01 1.020514854134912941e-02 2.669839423055296590e-02
1.270000000000000000e+02 -3.101275307575861451e-01 9.783492519275726121e-03 1.402265422450517107e-01
1.280000000000000000e+02 -2.334716970129172842e-01 2.675793379411690875e-02 -7.129193340227457654e-02
1.290000000000000000e+02 -1.962064794067277240e-01 1.300801487400335410e-02 6.116721193605922924e-02
1.300000000000000000e+02 -1.400143172338846886e-01 1.961476487461443971e-02 6.505212900061133063e-03
1.310000000000000000e+02 -8.627727740146588775e-02 1.875776550702099726e-02 -1.777314638952590120e-02
1.320000000000000000e+02 -4.341308132480111576e-02 1.496242705516472038e-02 -6.320032833392845439e-02
1.330000000000000000e+02 -2.933521622235604406e-02 4.914101953785506016e-03 3.675485961663172568e-02
1.340000000000000000e+02 -5.631841854716931189e-04 1.004333383065844978e-02 -9.777594770701010518e-03
1.350000000000000000e+02 2.398611658832974433e-02 8.569322551304535754e-03 -6.515281256175656233e-02
1.360000000000000000e+02 2.143753783395311446e-02 -8.896218102049605753e-04 -2.336951288474392596e-02
1.370000000000000000e+02 9.650558297798978238e-03 -4.114432035421673739e-03 -2.904486560822570895e-02
1.380000000000000000e+02 -1.425563692296951367e-02 -8.344836364538855272e-03 2.158018265590407742e-02
1.390000000000000000e+02 -2.942301811804877779e-02 -5.294414815184110210e-03 2.503647923966823702e-02
1.400000000000000000e+02 -3.493512798681099735e-02 -1.924089318831466791e-03 1.599313225081978526e-02
1.410000000000000000e+02 -3.488476273015506807e-02 1.758079114516164845e-05 2.184907126299169555e-02
1.420000000000000000e+02 -2.675362922268124596e-02 2.838301032493060431e-03 1.517033323716582283e-03
1.430000000000000000e+02 -1.897385972337848128e-02 2.715651856181279435e-03 1.995570036772117972e-02
1.440000000000000000e+02 -3.330279388462284700e-03 5.460639672890498300e-03 1.146049600526309609e-02
1.450000000000000000e+02 1.711320086116761494e-02 7.136120818449480201e-03 9.751288249785251827e-03
1.460000000000000000e+02 4.238873359501094118e-02 8.822825328023392588e-03 -1.391564754838245377e-03
1.470000000000000000e+02 6.865586278837558509e-02 9.168957789418697227e-03 -1.927389212991528766e-03
1.480000000000000000e+02 9.666935171480485478e-02 9.778552334743256802e-03 -2.442521203723447415e-03
1.490000000000000000e+02 1.272583434380628320e-01 1.067757240872291638e-02 -1.425576415953870753e-03
1.500000000000000000e+02 1.620069227765126574e-01 1.212954239692845201e-02 0.000000000000000000e+00
