2.265119687818681086e+03
2.094026949656945817e+03
2.119251647320317261e+03
2.235427006032231475e+03
2.107553025596788302e+03
2.215743897192346594e+03
2.156607664450346419e+03
2.137242142466441692e+03
2.321309896186618971e+03
2.261515055261811995e+03
2.270168135102871929e+03
2.190665845007870757e+03
2.144667874462334112e+03
2.207206406155007699e+03
2.147342865552683634e+03
2.210165199409317211e+03
2.173493740758279273e+03
2.198563790148077715e+03
2.172009028835657773e+03
2.133070309727354925e+03
2.112259035207020588e+03
2.092552481013494798e+03
2.080822061198182382e+03
2.061927148206245874e+03
2.028820049797590855e+03
2.002629606199416912e+03
1.999799429965577019e+03
2.018854623556331035e+03
1.981795378000155324e+03
1.918997383193365067e+03
1.934846928469759860e+03
1.862086602878459189e+03
1.838510438322066420e+03
1.797416161613979739e+03
1.748777461350926387e+03
1.733337524530232258e+03
1.726655727042461422e+03
1.720341264566786094e+03
1.703266237228568116e+03
1.694584865839423856e+03
1.695747846151679823e+03
1.683378372329800868e+03
1.682337802149077106e+03
1.685188405400400825e+03
1.680078215020412699e+03
1.674025031853136852e+03
1.669673943021166224e+03
1.669393794921813196e+03
1.669012309370085859e+03
1.666282402131341314e+03
1.655538407185097185e+03
1.657947019269161274e+03
1.654427008498914802e+03
1.650073236547132637e+03
1.647160291046145403e+03
1.648057900786164737e+03
1.649764183268349370e+03
1.647771632502360717e+03
1.648724106654971592e+03
1.643331001726153318e+03
