5.055091526564125388e+02
4.971886895331837763e+02
4.652056894607039794e+02
4.844040259059657956e+02
4.880870669801141730e+02
4.874125953202778874e+02
4.837547857763626098e+02
4.818400776249303021e+02
4.724773904019174324e+02
4.732558295966535411e+02
4.694328577446908639e+02
4.588457180655694856e+02
4.670013504785439977e+02
4.539959217109347378e+02
4.482018867708210337e+02
4.424476589258134709e+02
4.364979586664592830e+02
4.347718060632449237e+02
4.191713560356287189e+02
4.153617978619701034e+02
4.044689105444684287e+02
3.958797722123785547e+02
3.701312675376235575e+02
3.837599198216869922e+02
3.817066206849744390e+02
3.461869312814316686e+02
3.542671932226050444e+02
3.385264411370135349e+02
3.317487174101465826e+02
3.373135398753664163e+02
3.261558064081708608e+02
3.177916083943712238e+02
3.065508448016415741e+02
3.034541522646996441e+02
2.882532137367743985e+02
2.745815406282034701e+02
2.796507850022454136e+02
2.720490546502343250e+02
2.518606927968212403e+02
2.414147378482252009e+02
2.428391731305806331e+02
2.378231165239502047e+02
2.407252561841202407e+02
2.202316804261585617e+02
2.211068319310136872e+02
1.963759472401773678e+02
1.914006419986612286e+02
1.852757089835407385e+02
1.733564709587880657e+02
1.695874873210132989e+02
1.663235084063736053e+02
1.637354644711847982e+02
1.641210838631176898e+02
1.630228570700857915e+02
1.613060600825311610e+02
1.608692681171435765e+02
1.598261573054042515e+02
1.589399970555140271e+02
1.592410909653686417e+02
1.578790487625779519e+02
