2.439980764546080081e+03
2.057441104454725519e+03
2.055141987149896977e+03
2.041650422104086147e+03
2.073970269057791484e+03
2.209602649889696750e+03
2.163251844229785092e+03
2.033026365068232280e+03
2.221587323119576467e+03
2.058595435059636202e+03
2.101171841792379382e+03
2.127457422728351958e+03
2.100783978480015321e+03
2.164371893726050075e+03
2.192113981325891473e+03
2.131627844758103038e+03
2.134089492421499926e+03
2.105972545320428253e+03
2.074626118542238146e+03
2.066592332762827482e+03
2.077172518823959763e+03
2.057922473381674536e+03
2.077014042561506812e+03
1.969055627262151347e+03
2.019441160173591243e+03
1.945063603937852804e+03
1.907190241064926568e+03
1.869297567013181151e+03
1.906412581423025358e+03
1.854622052510492040e+03
1.805655822020294409e+03
1.763806932640364494e+03
1.739244676832692448e+03
1.734496458267537719e+03
1.725401870735359353e+03
1.711842946585901245e+03
1.695721493504244336e+03
1.689628878373594944e+03
1.684165339698596654e+03
1.673113774444780120e+03
1.673532733308961269e+03
1.674576225307209143e+03
1.668116261291509090e+03
1.671226516517893515e+03
1.667667573705182349e+03
1.665845128247001412e+03
1.664455819385519135e+03
1.658709850899747835e+03
1.654448716364731808e+03
1.659264454358768489e+03
1.660584674247040311e+03
1.654173821192433707e+03
1.654834946830692616e+03
1.649768834599261481e+03
1.645393940112323207e+03
1.646800821850889861e+03
1.647801739208236086e+03
1.644277899581886686e+03
1.645949919065250697e+03
1.641998662552906126e+03
