1.005918204639390979e+03
9.910301666655499275e+02
1.005851908372226944e+03
9.869842096042415278e+02
1.007619379230911363e+03
9.704228766889102644e+02
9.451265506547473478e+02
9.747153628908650944e+02
9.523351160487767402e+02
9.491326642040464776e+02
9.270034112853742272e+02
9.096862417359610617e+02
9.236943206951575576e+02
8.896613353943832863e+02
8.937901212632456236e+02
8.798987295929302945e+02
8.672117723448940296e+02
8.645835754770268977e+02
8.413002021822654797e+02
8.095041347307071646e+02
7.931231445668971674e+02
7.860718209208500866e+02
7.803113989133074710e+02
7.637162753323102606e+02
7.274911703487471186e+02
7.429138868333265009e+02
7.247275350639703220e+02
6.984938203091837750e+02
6.595090580501474733e+02
6.394573034973141148e+02
6.324204399466473205e+02
6.345047593056383448e+02
6.079613842269602628e+02
5.971474085873439890e+02
5.814508851744010371e+02
5.387025642871517448e+02
5.243620317024160613e+02
5.185479124616832678e+02
4.980781713723146709e+02
4.957145938877614526e+02
4.754471013112955688e+02
4.729236257606345362e+02
4.576335583906795250e+02
4.522759689442867170e+02
4.171880871396351722e+02
3.820194550141673631e+02
3.668288910615318628e+02
3.567976054318495471e+02
3.380801077029904604e+02
3.312525879817120540e+02
3.261138415348568174e+02
3.236939652287166496e+02
3.197306925305864524e+02
3.196485038401698944e+02
3.174328240742445928e+02
3.144041401143533108e+02
3.128565208900351990e+02
3.122737701248341295e+02
3.111109940968868841e+02
3.095534355591363465e+02
