2.410800771977836121e+03
2.264582781690993215e+03
2.338511416325581649e+03
2.289042215929035592e+03
2.400844613066346938e+03
2.352671509249396422e+03
2.428356335518021297e+03
2.374628591257274820e+03
2.500942803593599820e+03
2.402914931496070949e+03
2.391637528704960459e+03
2.378951964342060364e+03
2.309235063070033448e+03
2.334781878409553428e+03
2.307837167942312135e+03
2.256230533190006099e+03
2.245661233780440853e+03
2.217587217144248825e+03
2.197042646244149182e+03
2.176878049586081943e+03
2.158676661472005435e+03
2.180791365033587226e+03
2.138311721355850750e+03
2.126833210763666557e+03
2.113481533200871581e+03
2.084347151820685212e+03
2.089630115762789956e+03
2.062795892659854417e+03
2.031793732801832903e+03
2.040622831635681450e+03
1.904356539036687536e+03
1.915359793904376829e+03
1.862387973621468291e+03
1.832282898655919098e+03
1.831103928982805201e+03
1.774037092305948363e+03
1.754856322470815257e+03
1.753534826638648610e+03
1.755162133859680125e+03
1.732967378862804708e+03
1.721174848445331008e+03
1.713254689001083989e+03
1.717864260565827408e+03
1.701118746324589210e+03
1.702469278066732613e+03
1.692962778619489200e+03
1.689565715895307221e+03
1.688709679985402545e+03
1.683071797164244344e+03
1.675490354343652143e+03
1.675295268528323049e+03
1.667649545183149257e+03
1.667142510017939003e+03
1.662993594210566926e+03
1.659886744754938945e+03
1.655278291355571810e+03
1.651171385891290356e+03
1.655370132740142026e+03
1.649617375568222997e+03
1.645966031804363183e+03
